#Len Center	  GalNAc 1	  GalNAc 2	  GalNAc 3	  GalNAc 4	All GalNAc
   1.025000  0.000000	  0.000000	  0.000000	  0.000000	  0.000000
   1.075000  0.000000	  0.000000	  0.000000	  0.000000	  0.000000
   1.125000  0.000000	  0.000000	  0.000000	  0.000000	  0.000000
   1.175000  0.000000	  0.000000	  0.000000	  0.000000	  0.000000
   1.225000  0.000000	  0.000000	  0.000000	  0.000000	  0.000000
   1.275000  0.000000	  0.000000	  0.000000	  0.000000	  0.000000
   1.325000  0.000000	  0.000000	  0.000000	  0.000000	  0.000000
   1.375000  0.000000	  0.000000	  0.000000	  0.000000	  0.000000
   1.425000  0.000000	  0.000000	  0.000000	  0.000000	  0.000000
   1.475000  0.000000	  0.000000	  0.000000	  0.000000	  0.000000
   1.525000  0.000000	  0.000000	  0.000000	  0.000000	  0.000000
   1.575000  0.000000	  0.000000	  0.000000	  0.000000	  0.000000
   1.625000  0.000000	  0.000000	  0.000000	  0.000000	  0.000000
   1.675000  0.000000	  0.000000	  0.000000	  0.000000	  0.000000
   1.725000  0.000000	  0.000000	  0.000000	  0.000000	  0.000000
   1.775000  0.000000	  0.000000	  0.000000	  0.000000	  0.000000
   1.825000  0.000000	  0.000000	  0.000000	  0.000000	  0.000000
   1.875000  0.000000	  0.000000	  0.000000	  0.000000	  0.000000
   1.925000  0.000003	  0.000000	  0.000003	  0.000000	  0.000000
   1.975000  0.000016	  0.000009	  0.000013	  0.000013	  0.000000
   2.025000  0.000057	  0.000079	  0.000057	  0.000079	  0.000000
   2.075000  0.000258	  0.000346	  0.000296	  0.000268	  0.000000
   2.125000  0.000812	  0.001102	  0.001114	  0.001032	  0.000000
   2.175000  0.002087	  0.003006	  0.002858	  0.002678	  0.000000
   2.225000  0.005275	  0.007270	  0.007053	  0.006556	  0.000000
   2.275000  0.010587	  0.013930	  0.014471	  0.013517	  0.000000
   2.325000  0.019623	  0.025269	  0.026770	  0.024567	  0.000000
   2.375000  0.031331	  0.038878	  0.042560	  0.039561	  0.000000
   2.425000  0.045081	  0.054532	  0.060600	  0.057450	  0.000000
   2.475000  0.059820	  0.069548	  0.077265	  0.073639	  0.000000
   2.525000  0.070964	  0.078970	  0.088538	  0.085876	  0.000000
   2.575000  0.077258	  0.084966	  0.092869	  0.091780	  0.000005
   2.625000  0.079987	  0.082955	  0.090814	  0.091981	  0.000079
   2.675000  0.077856	  0.078209	  0.083043	  0.085740	  0.000415
   2.725000  0.072018	  0.070360	  0.070646	  0.076015	  0.001562
   2.775000  0.066369	  0.062243	  0.059316	  0.066252	  0.004158
   2.825000  0.058249	  0.053387	  0.048386	  0.056011	  0.008273
   2.875000  0.050409	  0.046120	  0.040791	  0.046491	  0.013593
   2.925000  0.044760	  0.038730	  0.033273	  0.038399	  0.019325
   2.975000  0.038475	  0.033537	  0.027891	  0.031013	  0.025194
   3.025000  0.033528	  0.028756	  0.023831	  0.025489	  0.029994
   3.075000  0.028929	  0.024753	  0.020290	  0.020511	  0.034620
   3.125000  0.025266	  0.021644	  0.017486	  0.015972	  0.037672
   3.175000  0.021404	  0.018292	  0.015088	  0.013162	  0.040318
   3.225000  0.017946	  0.015569	  0.012255	  0.010251	  0.041535
   3.275000  0.015157	  0.012491	  0.010386	  0.007686	  0.043293
   3.325000  0.012819	  0.009722	  0.008208	  0.005593	  0.044034
   3.375000  0.009612	  0.007664	  0.006685	  0.004258	  0.043745
   3.425000  0.007563	  0.005700	  0.005454	  0.002996	  0.043299
   3.475000  0.005703	  0.004261	  0.003774	  0.001958	  0.042892
   3.525000  0.003969	  0.002949	  0.002653	  0.001284	  0.041096
   3.575000  0.002732	  0.001958	  0.001992	  0.000821	  0.039540
   3.625000  0.001832	  0.001240	  0.001271	  0.000488	  0.037141
   3.675000  0.001076	  0.000718	  0.000843	  0.000293	  0.034968
   3.725000  0.000589	  0.000444	  0.000507	  0.000132	  0.032070
   3.775000  0.000318	  0.000195	  0.000318	  0.000113	  0.029609
   3.825000  0.000170	  0.000098	  0.000145	  0.000028	  0.026369
   3.875000  0.000060	  0.000072	  0.000116	  0.000019	  0.023844
   3.925000  0.000025	  0.000019	  0.000044	  0.000013	  0.021290
   3.975000  0.000003	  0.000009	  0.000016	  0.000009	  0.018607
   4.025000  0.000003	  0.000000	  0.000009	  0.000000	  0.016380
   4.075000  0.000000	  0.000003	  0.000003	  0.000006	  0.014132
   4.125000  0.000000	  0.000000	  0.000000	  0.000000	  0.012300
   4.175000  0.000000	  0.000000	  0.000000	  0.000000	  0.010398
   4.225000  0.000003	  0.000000	  0.000000	  0.000000	  0.008985
   4.275000  0.000000	  0.000000	  0.000000	  0.000000	  0.007850
   4.325000  0.000000	  0.000000	  0.000000	  0.000000	  0.006855
   4.375000  0.000000	  0.000000	  0.000000	  0.000000	  0.005985
   4.425000  0.000000	  0.000000	  0.000000	  0.000000	  0.005427
   4.475000  0.000000	  0.000000	  0.000000	  0.000000	  0.004837
   4.525000  0.000000	  0.000000	  0.000000	  0.000000	  0.004533
   4.575000  0.000000	  0.000000	  0.000000	  0.000000	  0.004526
   4.625000  0.000000	  0.000000	  0.000000	  0.000000	  0.004401
   4.675000  0.000000	  0.000000	  0.000000	  0.000000	  0.004434
   4.725000  0.000000	  0.000000	  0.000000	  0.000000	  0.004677
   4.775000  0.000000	  0.000000	  0.000000	  0.000000	  0.004792
   4.825000  0.000000	  0.000000	  0.000000	  0.000000	  0.005021
   4.875000  0.000000	  0.000000	  0.000000	  0.000000	  0.005097
   4.925000  0.000000	  0.000000	  0.000000	  0.000000	  0.005108
   4.975000  0.000000	  0.000000	  0.000000	  0.000000	  0.004726
   5.025000  0.000000	  0.000000	  0.000000	  0.000000	  0.004457
   5.075000  0.000000	  0.000000	  0.000000	  0.000000	  0.004017
   5.125000  0.000000	  0.000000	  0.000000	  0.000000	  0.003578
   5.175000  0.000000	  0.000000	  0.000000	  0.000000	  0.003021
   5.225000  0.000000	  0.000000	  0.000000	  0.000000	  0.002677
   5.275000  0.000000	  0.000000	  0.000000	  0.000000	  0.002427
   5.325000  0.000000	  0.000000	  0.000000	  0.000000	  0.002094
   5.375000  0.000000	  0.000000	  0.000000	  0.000000	  0.001862
   5.425000  0.000000	  0.000000	  0.000000	  0.000000	  0.001580
   5.475000  0.000000	  0.000000	  0.000000	  0.000000	  0.001471
   5.525000  0.000000	  0.000000	  0.000000	  0.000000	  0.001283
   5.575000  0.000000	  0.000000	  0.000000	  0.000000	  0.001205
   5.625000  0.000000	  0.000000	  0.000000	  0.000000	  0.000999
   5.675000  0.000000	  0.000000	  0.000000	  0.000000	  0.001009
   5.725000  0.000000	  0.000000	  0.000000	  0.000000	  0.000845
   5.775000  0.000000	  0.000000	  0.000000	  0.000000	  0.000793
   5.825000  0.000000	  0.000000	  0.000000	  0.000000	  0.000717
   5.875000  0.000000	  0.000000	  0.000000	  0.000000	  0.000663
   5.925000  0.000000	  0.000000	  0.000000	  0.000000	  0.000681
   5.975000  0.000000	  0.000000	  0.000000	  0.000000	  0.000725
   6.025000  0.000000	  0.000000	  0.000000	  0.000000	  0.000800
   6.075000  0.000000	  0.000000	  0.000000	  0.000000	  0.000901
   6.125000  0.000000	  0.000000	  0.000000	  0.000000	  0.001126
   6.175000  0.000000	  0.000000	  0.000000	  0.000000	  0.001234
   6.225000  0.000000	  0.000000	  0.000000	  0.000000	  0.001547
   6.275000  0.000000	  0.000000	  0.000000	  0.000000	  0.001946
   6.325000  0.000000	  0.000000	  0.000000	  0.000000	  0.002292
   6.375000  0.000000	  0.000000	  0.000000	  0.000000	  0.002643
   6.425000  0.000000	  0.000000	  0.000000	  0.000000	  0.002940
   6.475000  0.000000	  0.000000	  0.000000	  0.000000	  0.003144
   6.525000  0.000000	  0.000000	  0.000000	  0.000000	  0.003296
   6.575000  0.000000	  0.000000	  0.000000	  0.000000	  0.003464
   6.625000  0.000000	  0.000000	  0.000000	  0.000000	  0.003344
   6.675000  0.000000	  0.000000	  0.000000	  0.000000	  0.003140
   6.725000  0.000000	  0.000000	  0.000000	  0.000000	  0.002747
   6.775000  0.000000	  0.000000	  0.000000	  0.000000	  0.002359
   6.825000  0.000000	  0.000000	  0.000000	  0.000000	  0.002078
   6.875000  0.000000	  0.000000	  0.000000	  0.000000	  0.001708
   6.925000  0.000000	  0.000000	  0.000000	  0.000000	  0.001308
   6.975000  0.000000	  0.000000	  0.000000	  0.000000	  0.000977
   7.025000  0.000000	  0.000000	  0.000000	  0.000000	  0.000694
   7.075000  0.000000	  0.000000	  0.000000	  0.000000	  0.000417
   7.125000  0.000000	  0.000000	  0.000000	  0.000000	  0.000326
   7.175000  0.000000	  0.000000	  0.000000	  0.000000	  0.000188
   7.225000  0.000000	  0.000000	  0.000000	  0.000000	  0.000116
   7.275000  0.000000	  0.000000	  0.000000	  0.000000	  0.000072
   7.325000  0.000000	  0.000000	  0.000000	  0.000000	  0.000037
   7.375000  0.000000	  0.000000	  0.000000	  0.000000	  0.000026
   7.425000  0.000000	  0.000000	  0.000000	  0.000000	  0.000013
   7.475000  0.000000	  0.000000	  0.000000	  0.000000	  0.000005
   7.525000  0.000000	  0.000000	  0.000000	  0.000000	  0.000002
   7.575000  0.000000	  0.000000	  0.000000	  0.000000	  0.000001
   7.625000  0.000000	  0.000000	  0.000000	  0.000000	  0.000001
   7.675000  0.000000	  0.000000	  0.000000	  0.000000	  0.000000
   7.725000  0.000000	  0.000000	  0.000000	  0.000000	  0.000000
   7.775000  0.000000	  0.000000	  0.000000	  0.000000	  0.000000
   7.825000  0.000000	  0.000000	  0.000000	  0.000000	  0.000000
   7.875000  0.000000	  0.000000	  0.000000	  0.000000	  0.000000
   7.925000  0.000000	  0.000000	  0.000000	  0.000000	  0.000000
   7.975000  0.000000	  0.000000	  0.000000	  0.000000	  0.000000
   8.025000  0.000000	  0.000000	  0.000000	  0.000000	  0.000000
   8.075000  0.000000	  0.000000	  0.000000	  0.000000	  0.000000
   8.125000  0.000000	  0.000000	  0.000000	  0.000000	  0.000000
   8.175000  0.000000	  0.000000	  0.000000	  0.000000	  0.000000
   8.225000  0.000000	  0.000000	  0.000000	  0.000000	  0.000000
   8.275000  0.000000	  0.000000	  0.000000	  0.000000	  0.000000
   8.325000  0.000000	  0.000000	  0.000000	  0.000000	  0.000000
   8.375000  0.000000	  0.000000	  0.000000	  0.000000	  0.000000
   8.425000  0.000000	  0.000000	  0.000000	  0.000000	  0.000000
   8.475000  0.000000	  0.000000	  0.000000	  0.000000	  0.000000
   8.525000  0.000000	  0.000000	  0.000000	  0.000000	  0.000000
   8.575000  0.000000	  0.000000	  0.000000	  0.000000	  0.000000
   8.625000  0.000000	  0.000000	  0.000000	  0.000000	  0.000000
   8.675000  0.000000	  0.000000	  0.000000	  0.000000	  0.000000
   8.725000  0.000000	  0.000000	  0.000000	  0.000000	  0.000000
   8.775000  0.000000	  0.000000	  0.000000	  0.000000	  0.000000
   8.825000  0.000000	  0.000000	  0.000000	  0.000000	  0.000000
   8.875000  0.000000	  0.000000	  0.000000	  0.000000	  0.000000
   8.925000  0.000000	  0.000000	  0.000000	  0.000000	  0.000000
   8.975000  0.000000	  0.000000	  0.000000	  0.000000	  0.000000
   9.025000  0.000000	  0.000000	  0.000000	  0.000000	  0.000000
   9.075000  0.000000	  0.000000	  0.000000	  0.000000	  0.000000
   9.125000  0.000000	  0.000000	  0.000000	  0.000000	  0.000000
   9.175000  0.000000	  0.000000	  0.000000	  0.000000	  0.000000
   9.225000  0.000000	  0.000000	  0.000000	  0.000000	  0.000000
   9.275000  0.000000	  0.000000	  0.000000	  0.000000	  0.000000
   9.325000  0.000000	  0.000000	  0.000000	  0.000000	  0.000000
   9.375000  0.000000	  0.000000	  0.000000	  0.000000	  0.000000
   9.425000  0.000000	  0.000000	  0.000000	  0.000000	  0.000000
   9.475000  0.000000	  0.000000	  0.000000	  0.000000	  0.000000
   9.525000  0.000000	  0.000000	  0.000000	  0.000000	  0.000000
   9.575000  0.000000	  0.000000	  0.000000	  0.000000	  0.000000
   9.625000  0.000000	  0.000000	  0.000000	  0.000000	  0.000000
   9.675000  0.000000	  0.000000	  0.000000	  0.000000	  0.000000
   9.725000  0.000000	  0.000000	  0.000000	  0.000000	  0.000000
   9.775000  0.000000	  0.000000	  0.000000	  0.000000	  0.000000
   9.825000  0.000000	  0.000000	  0.000000	  0.000000	  0.000000
   9.875000  0.000000	  0.000000	  0.000000	  0.000000	  0.000000
   9.925000  0.000000	  0.000000	  0.000000	  0.000000	  0.000000
   9.975000  0.000000	  0.000000	  0.000000	  0.000000	  0.000000
  10.025000  0.000000	  0.000000	  0.000000	  0.000000	  0.000000
  10.075000  0.000000	  0.000000	  0.000000	  0.000000	  0.000000
  10.125000  0.000000	  0.000000	  0.000000	  0.000000	  0.000000
  10.175000  0.000000	  0.000000	  0.000000	  0.000000	  0.000000
  10.225000  0.000000	  0.000000	  0.000000	  0.000000	  0.000000
  10.275000  0.000000	  0.000000	  0.000000	  0.000000	  0.000000
  10.325000  0.000000	  0.000000	  0.000000	  0.000000	  0.000000
  10.375000  0.000000	  0.000000	  0.000000	  0.000000	  0.000000
  10.425000  0.000000	  0.000000	  0.000000	  0.000000	  0.000000
  10.475000  0.000000	  0.000000	  0.000000	  0.000000	  0.000000
  10.525000  0.000000	  0.000000	  0.000000	  0.000000	  0.000000
  10.575000  0.000000	  0.000000	  0.000000	  0.000000	  0.000000
  10.625000  0.000000	  0.000000	  0.000000	  0.000000	  0.000000
  10.675000  0.000000	  0.000000	  0.000000	  0.000000	  0.000000
  10.725000  0.000000	  0.000000	  0.000000	  0.000000	  0.000000
  10.775000  0.000000	  0.000000	  0.000000	  0.000000	  0.000000
  10.825000  0.000000	  0.000000	  0.000000	  0.000000	  0.000000
  10.875000  0.000000	  0.000000	  0.000000	  0.000000	  0.000000
  10.925000  0.000000	  0.000000	  0.000000	  0.000000	  0.000000
  10.975000  0.000000	  0.000000	  0.000000	  0.000000	  0.000000
  11.025000  0.000000	  0.000000	  0.000000	  0.000000	  0.000000
  11.075000  0.000000	  0.000000	  0.000000	  0.000000	  0.000000
  11.125000  0.000000	  0.000000	  0.000000	  0.000000	  0.000000
  11.175000  0.000000	  0.000000	  0.000000	  0.000000	  0.000000
  11.225000  0.000000	  0.000000	  0.000000	  0.000000	  0.000000
  11.275000  0.000000	  0.000000	  0.000000	  0.000000	  0.000000
  11.325000  0.000000	  0.000000	  0.000000	  0.000000	  0.000000
  11.375000  0.000000	  0.000000	  0.000000	  0.000000	  0.000000
  11.425000  0.000000	  0.000000	  0.000000	  0.000000	  0.000000
  11.475000  0.000000	  0.000000	  0.000000	  0.000000	  0.000000
  11.525000  0.000000	  0.000000	  0.000000	  0.000000	  0.000000
  11.575000  0.000000	  0.000000	  0.000000	  0.000000	  0.000000
  11.625000  0.000000	  0.000000	  0.000000	  0.000000	  0.000000
  11.675000  0.000000	  0.000000	  0.000000	  0.000000	  0.000000
  11.725000  0.000000	  0.000000	  0.000000	  0.000000	  0.000000
  11.775000  0.000000	  0.000000	  0.000000	  0.000000	  0.000000
  11.825000  0.000000	  0.000000	  0.000000	  0.000000	  0.000000
  11.875000  0.000000	  0.000000	  0.000000	  0.000000	  0.000000
  11.925000  0.000000	  0.000000	  0.000000	  0.000000	  0.000000
  11.975000  0.000000	  0.000000	  0.000000	  0.000000	  0.000000
