
# Surface 0 of 1 surfaces

# Curve title: ""GNC_2D_gly.txt" using 1:2:7"
# Contour 0, label:   0.0006
 2.75079  111.5  0.0006 
 2.77382  112.5  0.0006 
 2.775  112.54  0.0006 
 2.825  113.277  0.0006 
 2.875  113.065  0.0006 
 2.90203  112.5  0.0006 
 2.925  111.988  0.0006 
 2.9411  111.5  0.0006 
 2.97164  110.5  0.0006 
 2.975  110.361  0.0006 
 2.99706  109.5  0.0006 
 3.01307  108.5  0.0006 
 3.025  107.83  0.0006 
 3.03375  107.5  0.0006 
 3.05314  106.5  0.0006 
 3.06468  105.5  0.0006 
 3.075  104.529  0.0006 
 3.07557  104.5  0.0006 
 3.09112  103.5  0.0006 
 3.09814  102.5  0.0006 
 3.10851  101.5  0.0006 
 3.11402  100.5  0.0006 
 3.11732  99.5  0.0006 
 3.1192  98.5  0.0006 
 3.12328  97.5  0.0006 
 3.12293  96.5  0.0006 
 3.125  95.5  0.0006 

 3.125  95.5  0.0006 
 3.12353  94.5  0.0006 
 3.12366  93.5  0.0006 
 3.12136  92.5  0.0006 
 3.12194  91.5  0.0006 
 3.11889  90.5  0.0006 
 3.11892  89.5  0.0006 
 3.11559  88.5  0.0006 
 3.11406  87.5  0.0006 
 3.11159  86.5  0.0006 
 3.11128  85.5  0.0006 
 3.10717  84.5  0.0006 
 3.10628  83.5  0.0006 
 3.1048  82.5  0.0006 
 3.10416  81.5  0.0006 
 3.0981  80.5  0.0006 
 3.09786  79.5  0.0006 
 3.09714  78.5  0.0006 
 3.09416  77.5  0.0006 
 3.08858  76.5  0.0006 
 3.08981  75.5  0.0006 
 3.08588  74.5  0.0006 
 3.07962  73.5  0.0006 
 3.07935  72.5  0.0006 
 3.075  71.5645  0.0006 
 3.07481  71.5  0.0006 
 3.07038  70.5  0.0006 
 3.0698  69.5  0.0006 
 3.06292  68.5  0.0006 
 3.06093  67.5  0.0006 
 3.05441  66.5  0.0006 
 3.05526  65.5  0.0006 
 3.04217  64.5  0.0006 
 3.03697  63.5  0.0006 
 3.025  62.7043  0.0006 
 3.02122  62.5  0.0006 
 3.01761  61.5  0.0006 
 2.99985  60.5  0.0006 
 2.975  59.5449  0.0006 
 2.97201  59.5  0.0006 
 2.925  58.9167  0.0006 
 2.90386  59.5  0.0006 
 2.89052  60.5  0.0006 
 2.875  61.4545  0.0006 
 2.87431  61.5  0.0006 
 2.8617  62.5  0.0006 
 2.84982  63.5  0.0006 
 2.83663  64.5  0.0006 
 2.83013  65.5  0.0006 
 2.82536  66.5  0.0006 
 2.825  66.5395  0.0006 
 2.81559  67.5  0.0006 
 2.80947  68.5  0.0006 
 2.79841  69.5  0.0006 
 2.79614  70.5  0.0006 
 2.78858  71.5  0.0006 
 2.78142  72.5  0.0006 
 2.77835  73.5  0.0006 
 2.7753  74.5  0.0006 
 2.775  74.587  0.0006 
 2.76979  75.5  0.0006 
 2.76305  76.5  0.0006 
 2.75783  77.5  0.0006 
 2.75222  78.5  0.0006 
 2.74838  79.5  0.0006 
 2.74366  80.5  0.0006 
 2.74204  81.5  0.0006 
 2.73856  82.5  0.0006 
 2.73536  83.5  0.0006 
 2.73077  84.5  0.0006 
 2.72938  85.5  0.0006 
 2.72739  86.5  0.0006 
 2.7261  87.5  0.0006 
 2.725  87.7708  0.0006 
 2.71808  88.5  0.0006 
 2.71329  89.5  0.0006 
 2.70894  90.5  0.0006 
 2.70308  91.5  0.0006 
 2.70042  92.5  0.0006 
 2.69703  93.5  0.0006 
 2.69521  94.5  0.0006 
 2.69361  95.5  0.0006 
 2.69067  96.5  0.0006 
 2.68931  97.5  0.0006 
 2.68642  98.5  0.0006 
 2.68558  99.5  0.0006 
 2.68584  100.5  0.0006 
 2.68393  101.5  0.0006 
 2.6865  102.5  0.0006 
 2.68679  103.5  0.0006 
 2.68804  104.5  0.0006 
 2.69146  105.5  0.0006 
 2.69412  106.5  0.0006 
 2.69867  107.5  0.0006 
 2.70765  108.5  0.0006 
 2.72058  109.5  0.0006 
 2.725  109.786  0.0006 
 2.73385  110.5  0.0006 
 2.75079  111.5  0.0006 


# Contour 1, label:   0.0004
 2.725  111.401  0.0004 
 2.72634  111.5  0.0004 
 2.74015  112.5  0.0004 
 2.76723  113.5  0.0004 
 2.775  113.685  0.0004 
 2.825  114.255  0.0004 
 2.875  113.951  0.0004 
 2.8949  113.5  0.0004 
 2.925  112.861  0.0004 
 2.94009  112.5  0.0004 
 2.96708  111.5  0.0004 
 2.975  111.231  0.0004 
 2.99956  110.5  0.0004 
 3.01807  109.5  0.0004 
 3.025  108.9  0.0004 
 3.03306  108.5  0.0004 
 3.05648  107.5  0.0004 
 3.06989  106.5  0.0004 
 3.075  105.851  0.0004 
 3.08016  105.5  0.0004 
 3.09851  104.5  0.0004 
 3.10924  103.5  0.0004 
 3.11432  102.5  0.0004 
 3.12208  101.5  0.0004 
 3.125  100.868  0.0004 
 3.12888  100.5  0.0004 
 3.13473  99.5  0.0004 
 3.13798  98.5  0.0004 
 3.14692  97.5  0.0004 
 3.14492  96.5  0.0004 
 3.14831  95.5  0.0004 
 3.14652  94.5  0.0004 
 3.1466  93.5  0.0004 
 3.14226  92.5  0.0004 
 3.14468  91.5  0.0004 
 3.13983  90.5  0.0004 
 3.13999  89.5  0.0004 
 3.13536  88.5  0.0004 
 3.13311  87.5  0.0004 
 3.12768  86.5  0.0004 
 3.12969  85.5  0.0004 

 3.12969  85.5  0.0004 
 3.125  85.0273  0.0004 
 3.12274  84.5  0.0004 
 3.1227  83.5  0.0004 
 3.12325  82.5  0.0004 
 3.1242  81.5  0.0004 
 3.11863  80.5  0.0004 
 3.11874  79.5  0.0004 
 3.12147  78.5  0.0004 
 3.11521  77.5  0.0004 
 3.11469  76.5  0.0004 
 3.11296  75.5  0.0004 
 3.11179  74.5  0.0004 
 3.11146  73.5  0.0004 
 3.10938  72.5  0.0004 
 3.1025  71.5  0.0004 
 3.10068  70.5  0.0004 
 3.09937  69.5  0.0004 
 3.09284  68.5  0.0004 
 3.08734  67.5  0.0004 
 3.08912  66.5  0.0004 
 3.08934  65.5  0.0004 
 3.08075  64.5  0.0004 
 3.075  64.0738  0.0004 
 3.06934  63.5  0.0004 
 3.06522  62.5  0.0004 
 3.06299  61.5  0.0004 
 3.05127  60.5  0.0004 
 3.04233  59.5  0.0004 
 3.03566  58.5  0.0004 
 3.025  57.8662  0.0004 
 3.01578  57.5  0.0004 
 2.99206  56.5  0.0004 
 2.9769  55.5  0.0004 
 2.975  55.4452  0.0004 
 2.935  55.5  0.0004 
 2.925  55.5417  0.0004 
 2.91063  56.5  0.0004 
 2.875  57.2917  0.0004 
 2.87113  57.5  0.0004 
 2.86843  58.5  0.0004 
 2.84786  59.5  0.0004 
 2.84343  60.5  0.0004 
 2.82823  61.5  0.0004 
 2.825  61.8256  0.0004 
 2.81951  62.5  0.0004 
 2.81333  63.5  0.0004 
 2.8045  64.5  0.0004 
 2.79612  65.5  0.0004 
 2.79383  66.5  0.0004 
 2.78982  67.5  0.0004 
 2.78316  68.5  0.0004 
 2.77653  69.5  0.0004 
 2.77657  70.5  0.0004 
 2.775  70.7222  0.0004 
 2.7663  71.5  0.0004 
 2.75722  72.5  0.0004 
 2.75131  73.5  0.0004 
 2.75062  74.5  0.0004 
 2.74498  75.5  0.0004 
 2.74093  76.5  0.0004 
 2.73637  77.5  0.0004 
 2.73547  78.5  0.0004 
 2.73138  79.5  0.0004 
 2.72791  80.5  0.0004 
 2.72611  81.5  0.0004 
 2.725  81.9828  0.0004 
 2.72269  82.5  0.0004 
 2.71808  83.5  0.0004 
 2.71234  84.5  0.0004 
 2.70893  85.5  0.0004 
 2.70576  86.5  0.0004 
 2.70458  87.5  0.0004 
 2.69832  88.5  0.0004 
 2.69515  89.5  0.0004 
 2.6923  90.5  0.0004 
 2.68857  91.5  0.0004 
 2.68638  92.5  0.0004 
 2.68384  93.5  0.0004 
 2.68307  94.5  0.0004 
 2.68205  95.5  0.0004 
 2.68022  96.5  0.0004 
 2.67934  97.5  0.0004 
 2.67678  98.5  0.0004 
 2.6756  99.5  0.0004 
 2.67637  100.5  0.0004 
 2.675  101.379  0.0004 
 2.67442  101.5  0.0004 
 2.675  101.573  0.0004 
 2.67734  102.5  0.0004 
 2.67754  103.5  0.0004 
 2.67773  104.5  0.0004 
 2.67918  105.5  0.0004 
 2.68051  106.5  0.0004 
 2.68424  107.5  0.0004 
 2.6891  108.5  0.0004 
 2.69851  109.5  0.0004 
 2.71088  110.5  0.0004 
 2.725  111.401  0.0004 


# Contour 2, label:   0.0002
 2.925  114.462  0.0002 
 2.95492  113.5  0.0002 
 2.975  112.927  0.0002 
 2.98793  112.5  0.0002 
 3.01237  111.5  0.0002 
 3.025  110.873  0.0002 
 3.03486  110.5  0.0002 
 3.05491  109.5  0.0002 
 3.06969  108.5  0.0002 
 3.075  108.061  0.0002 
 3.08516  107.5  0.0002 
 3.10432  106.5  0.0002 
 3.11141  105.5  0.0002 
 3.12144  104.5  0.0002 
 3.125  103.956  0.0002 
 3.13298  103.5  0.0002 
 3.14111  102.5  0.0002 
 3.15216  101.5  0.0002 
 3.15994  100.5  0.0002 
 3.16512  99.5  0.0002 
 3.16561  98.5  0.0002 
 3.17316  97.5  0.0002 
 3.16999  96.5  0.0002 
 3.17162  95.5  0.0002 
 3.17184  94.5  0.0002 
 3.1713  93.5  0.0002 
 3.16764  92.5  0.0002 
 3.17128  91.5  0.0002 
 3.1689  90.5  0.0002 
 3.1688  89.5  0.0002 
 3.16826  88.5  0.0002 
 3.16623  87.5  0.0002 
 3.16339  86.5  0.0002 
 3.16579  85.5  0.0002 
 3.15893  84.5  0.0002 
 3.15873  83.5  0.0002 
 3.15941  82.5  0.0002 
 3.15916  81.5  0.0002 
 3.1568  80.5  0.0002 
 3.15479  79.5  0.0002 
 3.15702  78.5  0.0002 
 3.15097  77.5  0.0002 
 3.15556  76.5  0.0002 
 3.15026  75.5  0.0002 
 3.14867  74.5  0.0002 
 3.1509  73.5  0.0002 
 3.1483  72.5  0.0002 
 3.1371  71.5  0.0002 
 3.14187  70.5  0.0002 
 3.13784  69.5  0.0002 
 3.13708  68.5  0.0002 
 3.13194  67.5  0.0002 
 3.12951  66.5  0.0002 
 3.1254  65.5  0.0002 
 3.125  64.5  0.0002 

 3.125  64.5  0.0002 
 3.12033  63.5  0.0002 
 3.11459  62.5  0.0002 
 3.11276  61.5  0.0002 
 3.10475  60.5  0.0002 
 3.09982  59.5  0.0002 
 3.08941  58.5  0.0002 
 3.08046  57.5  0.0002 
 3.075  56.5  0.0002 
 3.07  55.5  0.0002 
 3.049  54.5  0.0002 
 3.04116  53.5  0.0002 
 3.03565  52.5  0.0002 
 3.025  52  0.0002 
 3.002  51.5  0.0002 
 2.975  50.7059  0.0002 
 2.94  50.5  0.0002 
 2.925  50.4286  0.0002 
 2.92232  50.5  0.0002 
 2.89467  51.5  0.0002 
 2.88008  52.5  0.0002 
 2.875  52.6765  0.0002 
 2.85909  53.5  0.0002 
 2.85585  54.5  0.0002 
 2.83648  55.5  0.0002 
 2.825  56.3611  0.0002 
 2.82312  56.5  0.0002 
 2.81755  57.5  0.0002 
 2.80845  58.5  0.0002 
 2.79494  59.5  0.0002 
 2.79391  60.5  0.0002 
 2.78154  61.5  0.0002 
 2.78163  62.5  0.0002 
 2.7763  63.5  0.0002 
 2.775  63.7333  0.0002 
 2.76712  64.5  0.0002 
 2.75495  65.5  0.0002 
 2.75368  66.5  0.0002 
 2.75043  67.5  0.0002 
 2.74613  68.5  0.0002 
 2.73909  69.5  0.0002 
 2.73805  70.5  0.0002 
 2.73525  71.5  0.0002 
 2.73048  72.5  0.0002 
 2.725  73.1833  0.0002 
 2.71972  73.5  0.0002 
 2.725  74.26  0.0002 
 2.72575  74.5  0.0002 
 2.725  74.6333  0.0002 
 2.71474  75.5  0.0002 
 2.71121  76.5  0.0002 
 2.70483  77.5  0.0002 
 2.70739  78.5  0.0002 
 2.70039  79.5  0.0002 
 2.6968  80.5  0.0002 
 2.6939  81.5  0.0002 
 2.69182  82.5  0.0002 
 2.68731  83.5  0.0002 
 2.68728  84.5  0.0002 
 2.68342  85.5  0.0002 
 2.68044  86.5  0.0002 
 2.6811  87.5  0.0002 
 2.67856  88.5  0.0002 
 2.677  89.5  0.0002 
 2.67567  90.5  0.0002 
 2.675  90.881  0.0002 
 2.67149  91.5  0.0002 
 2.66591  92.5  0.0002 
 2.66059  93.5  0.0002 
 2.66031  94.5  0.0002 
 2.65847  95.5  0.0002 
 2.65459  96.5  0.0002 
 2.65319  97.5  0.0002 
 2.64837  98.5  0.0002 
 2.64625  99.5  0.0002 
 2.64777  100.5  0.0002 
 2.64561  101.5  0.0002 
 2.64751  102.5  0.0002 
 2.64947  103.5  0.0002 
 2.64966  104.5  0.0002 
 2.65082  105.5  0.0002 
 2.65255  106.5  0.0002 
 2.659  107.5  0.0002 
 2.66312  108.5  0.0002 
 2.675  109.287  0.0002 
 2.67643  109.5  0.0002 
 2.68263  110.5  0.0002 
 2.68879  111.5  0.0002 
 2.69942  112.5  0.0002 
 2.71656  113.5  0.0002 
 2.725  113.842  0.0002 
 2.74794  114.5  0.0002 
 2.775  115.408  0.0002 
 2.78182  115.5  0.0002 
 2.825  115.994  0.0002 
 2.875  115.524  0.0002 
 2.87628  115.5  0.0002 
 2.92354  114.5  0.0002 
 2.925  114.462  0.0002 


# Contour 3, label:   0.0001
 2.62906  102.5  0.0001 
 2.63187  103.5  0.0001 
 2.63241  104.5  0.0001 
 2.63251  105.5  0.0001 
 2.63368  106.5  0.0001 
 2.63678  107.5  0.0001 
 2.63837  108.5  0.0001 
 2.64348  109.5  0.0001 
 2.65534  110.5  0.0001 
 2.66167  111.5  0.0001 
 2.675  112.348  0.0001 
 2.67616  112.5  0.0001 
 2.68409  113.5  0.0001 
 2.69812  114.5  0.0001 
 2.70833  115.5  0.0001 
 2.725  116.019  0.0001 
 2.75  116.5  0.0001 
 2.775  116.981  0.0001 
 2.825  117.359  0.0001 
 2.875  117.015  0.0001 
 2.89018  116.5  0.0001 
 2.925  115.881  0.0001 
 2.94144  115.5  0.0001 
 2.97449  114.5  0.0001 
 2.975  114.48  0.0001 
 3.00163  113.5  0.0001 
 3.02194  112.5  0.0001 
 3.025  112.355  0.0001 
 3.04887  111.5  0.0001 
 3.07007  110.5  0.0001 
 3.075  109.917  0.0001 
 3.08141  109.5  0.0001 
 3.1034  108.5  0.0001 
 3.11264  107.5  0.0001 
 3.125  106.543  0.0001 
 3.1262  106.5  0.0001 
 3.13222  105.5  0.0001 
 3.15217  104.5  0.0001 
 3.16365  103.5  0.0001 
 3.16481  102.5  0.0001 
 3.16946  101.5  0.0001 
 3.175  100.586  0.0001 
 3.1769  100.5  0.0001 
 3.19183  99.5  0.0001 
 3.19133  98.5  0.0001 
 3.20425  97.5  0.0001 
 3.19919  96.5  0.0001 
 3.20189  95.5  0.0001 
 3.205  94.5  0.0001 
 3.20074  93.5  0.0001 
 3.19539  92.5  0.0001 
 3.20312  91.5  0.0001 
 3.1982  90.5  0.0001 
 3.19709  89.5  0.0001 
 3.19805  88.5  0.0001 
 3.19656  87.5  0.0001 
 3.19199  86.5  0.0001 
 3.19492  85.5  0.0001 
 3.18631  84.5  0.0001 
 3.18424  83.5  0.0001 
 3.18534  82.5  0.0001 
 3.18196  81.5  0.0001 
 3.18605  80.5  0.0001 
 3.17838  79.5  0.0001 
 3.17744  78.5  0.0001 
 3.17571  77.5  0.0001 
 3.1875  76.5  0.0001 
 3.1788  75.5  0.0001 

 3.1788  75.5  0.0001 
 3.175  75.1  0.0001 
 3.17283  74.5  0.0001 
 3.17342  73.5  0.0001 
 3.17257  72.5  0.0001 
 3.16895  71.5  0.0001 
 3.17199  70.5  0.0001 
 3.17162  69.5  0.0001 
 3.17064  68.5  0.0001 
 3.16667  67.5  0.0001 
 3.16711  66.5  0.0001 
 3.16508  65.5  0.0001 
 3.16317  64.5  0.0001 
 3.16047  63.5  0.0001 
 3.15206  62.5  0.0001 
 3.14909  61.5  0.0001 
 3.14348  60.5  0.0001 
 3.14595  59.5  0.0001 
 3.13567  58.5  0.0001 
 3.125  57.7727  0.0001 
 3.12248  57.5  0.0001 
 3.12308  56.5  0.0001 
 3.11698  55.5  0.0001 
 3.11  54.5  0.0001 
 3.10205  53.5  0.0001 
 3.08839  52.5  0.0001 
 3.09231  51.5  0.0001 
 3.07609  50.5  0.0001 
 3.075  50.4643  0.0001 
 3.05323  49.5  0.0001 
 3.03821  48.5  0.0001 
 3.025  47.7222  0.0001 
 3.01667  47.5  0.0001 
 2.98241  46.5  0.0001 
 2.975  46.2333  0.0001 
 2.925  46.1333  0.0001 
 2.903  46.5  0.0001 
 2.89342  47.5  0.0001 
 2.875  48.5  0.0001 
 2.85089  49.5  0.0001 
 2.84367  50.5  0.0001 
 2.8275  51.5  0.0001 
 2.825  51.8077  0.0001 
 2.81762  52.5  0.0001 
 2.80438  53.5  0.0001 
 2.79842  54.5  0.0001 
 2.78624  55.5  0.0001 
 2.78553  56.5  0.0001 
 2.78209  57.5  0.0001 
 2.775  58.3696  0.0001 
 2.77292  58.5  0.0001 
 2.7595  59.5  0.0001 
 2.757  60.5  0.0001 
 2.74813  61.5  0.0001 
 2.74698  62.5  0.0001 
 2.73977  63.5  0.0001 
 2.73288  64.5  0.0001 
 2.7308  65.5  0.0001 
 2.72737  66.5  0.0001 
 2.725  66.9286  0.0001 
 2.71818  67.5  0.0001 
 2.725  68.4231  0.0001 
 2.72521  68.5  0.0001 
 2.725  68.5357  0.0001 
 2.71202  69.5  0.0001 
 2.70894  70.5  0.0001 
 2.70955  71.5  0.0001 
 2.70042  72.5  0.0001 
 2.69194  73.5  0.0001 
 2.69468  74.5  0.0001 
 2.68842  75.5  0.0001 
 2.68658  76.5  0.0001 
 2.68337  77.5  0.0001 
 2.68392  78.5  0.0001 
 2.68071  79.5  0.0001 
 2.6795  80.5  0.0001 
 2.67717  81.5  0.0001 
 2.67639  82.5  0.0001 
 2.675  82.8103  0.0001 
 2.66574  83.5  0.0001 
 2.67386  84.5  0.0001 
 2.66047  85.5  0.0001 
 2.65435  86.5  0.0001 
 2.65625  87.5  0.0001 
 2.65181  88.5  0.0001 
 2.649  89.5  0.0001 
 2.64607  90.5  0.0001 
 2.64446  91.5  0.0001 
 2.64199  92.5  0.0001 
 2.63876  93.5  0.0001 
 2.63838  94.5  0.0001 
 2.63729  95.5  0.0001 
 2.63418  96.5  0.0001 
 2.63388  97.5  0.0001 
 2.63203  98.5  0.0001 
 2.63096  99.5  0.0001 
 2.63185  100.5  0.0001 
 2.6312  101.5  0.0001 
 2.62906  102.5  0.0001 


# Contour 4, label:    5e-05
 2.67855  74.5  5e-05 
 2.67526  75.5  5e-05 
 2.675  75.75  5e-05 
 2.67143  76.5  5e-05 
 2.66481  77.5  5e-05 
 2.66368  78.5  5e-05 
 2.6575  79.5  5e-05 
 2.65431  80.5  5e-05 
 2.65033  81.5  5e-05 
 2.64905  82.5  5e-05 
 2.64259  83.5  5e-05 
 2.64545  84.5  5e-05 
 2.6391  85.5  5e-05 
 2.63623  86.5  5e-05 
 2.63672  87.5  5e-05 
 2.6337  88.5  5e-05 
 2.63233  89.5  5e-05 
 2.63035  90.5  5e-05 
 2.63095  91.5  5e-05 
 2.63002  92.5  5e-05 
 2.62784  93.5  5e-05 
 2.62741  94.5  5e-05 
 2.62669  95.5  5e-05 
 2.625  96.1154  5e-05 
 2.6201  96.5  5e-05 
 2.62108  97.5  5e-05 
 2.6184  98.5  5e-05 
 2.61535  99.5  5e-05 
 2.6184  100.5  5e-05 
 2.618  101.5  5e-05 
 2.605  102.5  5e-05 
 2.61442  103.5  5e-05 
 2.61771  104.5  5e-05 
 2.61667  105.5  5e-05 
 2.62065  106.5  5e-05 
 2.625  107.071  5e-05 
 2.62567  107.5  5e-05 
 2.62599  108.5  5e-05 
 2.62536  109.5  5e-05 
 2.63397  110.5  5e-05 
 2.63786  111.5  5e-05 
 2.64756  112.5  5e-05 
 2.65636  113.5  5e-05 
 2.66686  114.5  5e-05 
 2.675  115.038  5e-05 
 2.67857  115.5  5e-05 
 2.69891  116.5  5e-05 
 2.72308  117.5  5e-05 
 2.725  117.583  5e-05 
 2.75735  118.5  5e-05 
 2.775  118.714  5e-05 
 2.825  118.816  5e-05 
 2.85  118.5  5e-05 
 2.875  118.35  5e-05 
 2.91117  117.5  5e-05 
 2.925  116.958  5e-05 
 2.94537  116.5  5e-05 
 2.975  115.559  5e-05 
 2.97656  115.5  5e-05 
 3.01583  114.5  5e-05 
 3.025  113.889  5e-05 
 3.03333  113.5  5e-05 
 3.05515  112.5  5e-05 
 3.0714  111.5  5e-05 
 3.075  111.318  5e-05 
 3.10071  110.5  5e-05 
 3.11346  109.5  5e-05 
 3.1234  108.5  5e-05 
 3.125  108.056  5e-05 
 3.13056  107.5  5e-05 
 3.15633  106.5  5e-05 
 3.16  105.5  5e-05 
 3.17185  104.5  5e-05 
 3.175  104.119  5e-05 
 3.1875  103.5  5e-05 
 3.18229  102.5  5e-05 
 3.19167  101.5  5e-05 
 3.20854  100.5  5e-05 
 3.21587  99.5  5e-05 
 3.21684  98.5  5e-05 
 3.22126  97.5  5e-05 
 3.21935  96.5  5e-05 
 3.22083  95.5  5e-05 
 3.225  94.5  5e-05 

 3.225  94.5  5e-05 
 3.21912  93.5  5e-05 
 3.21966  92.5  5e-05 
 3.22266  91.5  5e-05 
 3.2182  90.5  5e-05 
 3.21647  89.5  5e-05 
 3.21758  88.5  5e-05 
 3.2195  87.5  5e-05 
 3.21626  86.5  5e-05 
 3.21524  85.5  5e-05 
 3.21607  84.5  5e-05 
 3.21141  83.5  5e-05 
 3.21408  82.5  5e-05 
 3.21361  81.5  5e-05 
 3.21237  80.5  5e-05 
 3.21216  79.5  5e-05 
 3.20793  78.5  5e-05 
 3.21143  77.5  5e-05 
 3.21467  76.5  5e-05 
 3.21044  75.5  5e-05 
 3.20515  74.5  5e-05 
 3.20187  73.5  5e-05 
 3.20779  72.5  5e-05 
 3.20425  71.5  5e-05 
 3.20357  70.5  5e-05 
 3.20726  69.5  5e-05 
 3.20804  68.5  5e-05 
 3.20153  67.5  5e-05 
 3.19958  66.5  5e-05 
 3.19484  65.5  5e-05 
 3.19327  64.5  5e-05 
 3.19133  63.5  5e-05 
 3.175  62.5  5e-05 
 3.17182  61.5  5e-05 
 3.17065  60.5  5e-05 
 3.175  59.9667  5e-05 
 3.18421  59.5  5e-05 
 3.175  59.0625  5e-05 
 3.169  58.5  5e-05 
 3.16814  57.5  5e-05 
 3.16466  56.5  5e-05 
 3.158  55.5  5e-05 
 3.15931  54.5  5e-05 
 3.14944  53.5  5e-05 
 3.13952  52.5  5e-05 
 3.125  51.6  5e-05 
 3.12436  51.5  5e-05 
 3.125  51.3333  5e-05 
 3.1311  50.5  5e-05 
 3.125  49.875  5e-05 
 3.11923  49.5  5e-05 
 3.09397  48.5  5e-05 
 3.08786  47.5  5e-05 
 3.08  46.5  5e-05 
 3.075  46.2273  5e-05 
 3.05278  45.5  5e-05 
 3.029  44.5  5e-05 
 3.04062  43.5  5e-05 
 3.025  42.7857  5e-05 
 2.975  43.2778  5e-05 
 2.925  42.75  5e-05 
 2.90565  43.5  5e-05 
 2.875  44.0758  5e-05 
 2.8575  44.5  5e-05 
 2.8663  45.5  5e-05 
 2.84227  46.5  5e-05 
 2.8311  47.5  5e-05 
 2.825  47.7941  5e-05 
 2.80786  48.5  5e-05 
 2.79318  49.5  5e-05 
 2.80056  50.5  5e-05 
 2.78077  51.5  5e-05 
 2.77664  52.5  5e-05 
 2.77861  53.5  5e-05 
 2.775  53.85  5e-05 
 2.762  54.5  5e-05 
 2.74868  55.5  5e-05 
 2.75208  56.5  5e-05 
 2.74012  57.5  5e-05 
 2.73819  58.5  5e-05 
 2.7345  59.5  5e-05 
 2.725  60.4048  5e-05 
 2.72283  60.5  5e-05 
 2.725  60.6429  5e-05 
 2.72948  61.5  5e-05 
 2.72543  62.5  5e-05 
 2.725  62.5833  5e-05 
 2.71304  63.5  5e-05 
 2.70391  64.5  5e-05 
 2.70403  65.5  5e-05 
 2.6944  66.5  5e-05 
 2.68977  67.5  5e-05 
 2.69359  68.5  5e-05 
 2.68798  69.5  5e-05 
 2.68601  70.5  5e-05 
 2.68682  71.5  5e-05 
 2.67958  72.5  5e-05 
 2.67806  73.5  5e-05 
 2.67855  74.5  5e-05 


# Contour 5, label:    1e-05
 3.26136  85.5  1e-05 
 3.26964  84.5  1e-05 
 3.26071  83.5  1e-05 
 3.267  82.5  1e-05 
 3.269  81.5  1e-05 
 3.2631  80.5  1e-05 
 3.26875  79.5  1e-05 
 3.26029  78.5  1e-05 
 3.26538  77.5  1e-05 
 3.26875  76.5  1e-05 
 3.26196  75.5  1e-05 
 3.26562  74.5  1e-05 
 3.275  73.75  1e-05 
 3.27955  73.5  1e-05 

 2.625  76.1667  1e-05 
 2.62045  76.5  1e-05 
 2.625  76.75  1e-05 
 2.62778  77.5  1e-05 
 2.62594  78.5  1e-05 
 2.625  79  1e-05 
 2.62045  79.5  1e-05 
 2.60357  80.5  1e-05 
 2.615  81.5  1e-05 
 2.61591  82.5  1e-05 
 2.615  83.5  1e-05 
 2.60962  84.5  1e-05 
 2.60441  85.5  1e-05 
 2.59853  86.5  1e-05 
 2.59722  87.5  1e-05 
 2.59423  88.5  1e-05 
 2.5875  89.5  1e-05 
 2.58906  90.5  1e-05 
 2.59038  91.5  1e-05 
 2.58846  92.5  1e-05 
 2.58643  93.5  1e-05 
 2.58357  94.5  1e-05 
 2.585  95.5  1e-05 
 2.58088  96.5  1e-05 
 2.58186  97.5  1e-05 
 2.58066  98.5  1e-05 
 2.58026  99.5  1e-05 
 2.58066  100.5  1e-05 
 2.578  101.5  1e-05 
 2.57643  102.5  1e-05 
 2.57596  103.5  1e-05 
 2.57604  104.5  1e-05 
 2.57963  105.5  1e-05 
 2.57717  106.5  1e-05 
 2.58095  107.5  1e-05 
 2.58214  108.5  1e-05 
 2.58351  109.5  1e-05 
 2.58846  110.5  1e-05 
 2.59079  111.5  1e-05 
 2.60833  112.5  1e-05 
 2.6125  113.5  1e-05 
 2.60962  114.5  1e-05 
 2.625  115  1e-05 
 2.63026  115.5  1e-05 
 2.63409  116.5  1e-05 
 2.645  117.5  1e-05 
 2.67045  118.5  1e-05 
 2.675  118.667  1e-05 
 2.69773  119.5  1e-05 
 2.725  120.357  1e-05 
 2.73125  120.5  1e-05 
 2.775  121.375  1e-05 
 2.7875  121.5  1e-05 
 2.825  121.929  1e-05 
 2.855  121.5  1e-05 
 2.86667  120.5  1e-05 
 2.875  120.346  1e-05 
 2.925  120.125  1e-05 
 2.95  119.5  1e-05 
 2.975  118.5  1e-05 
 3.01786  117.5  1e-05 
 3.01786  116.5  1e-05 
 3.025  116.192  1e-05 
 3.07  115.5  1e-05 
 3.075  115.333  1e-05 
 3.09167  114.5  1e-05 
 3.1  113.5  1e-05 
 3.11563  112.5  1e-05 
 3.125  112.167  1e-05 
 3.14643  111.5  1e-05 
 3.155  110.5  1e-05 
 3.16429  109.5  1e-05 
 3.17365  108.5  1e-05 
 3.175  107.5  1e-05 
 3.20312  106.5  1e-05 
 3.21111  105.5  1e-05 
 3.21603  104.5  1e-05 
 3.225  103.625  1e-05 
 3.23  103.5  1e-05 
 3.225  103  1e-05 
 3.22396  102.5  1e-05 
 3.225  102.3  1e-05 
 3.24167  101.5  1e-05 
 3.25682  100.5  1e-05 
 3.26389  99.5  1e-05 
 3.26944  98.5  1e-05 
 3.26894  97.5  1e-05 
 3.26983  96.5  1e-05 
 3.26765  95.5  1e-05 
 3.27151  94.5  1e-05 
 3.273  93.5  1e-05 
 3.26528  92.5  1e-05 
 3.27222  91.5  1e-05 
 3.26923  90.5  1e-05 
 3.27237  89.5  1e-05 
 3.27273  88.5  1e-05 
 3.26875  87.5  1e-05 
 3.27283  86.5  1e-05 
 3.26136  85.5  1e-05 

 3.27955  73.5  1e-05 
 3.275  73.3571  1e-05 
 3.263  72.5  1e-05 
 3.25962  71.5  1e-05 
 3.26667  70.5  1e-05 
 3.2625  69.5  1e-05 
 3.267  68.5  1e-05 
 3.26974  67.5  1e-05 
 3.25278  66.5  1e-05 
 3.2375  65.5  1e-05 
 3.25192  64.5  1e-05 
 3.24833  63.5  1e-05 
 3.25417  62.5  1e-05 
 3.25735  61.5  1e-05 
 3.2375  60.5  1e-05 
 3.25  59.5  1e-05 
 3.24423  58.5  1e-05 
 3.24643  57.5  1e-05 
 3.23056  56.5  1e-05 
 3.24167  55.5  1e-05 
 3.225  54.75  1e-05 
 3.223  54.5  1e-05 
 3.21548  53.5  1e-05 
 3.225  52.8333  1e-05 
 3.23409  52.5  1e-05 
 3.225  52.2143  1e-05 
 3.2  51.5  1e-05 
 3.2  50.5  1e-05 
 3.1875  49.5  1e-05 
 3.19167  48.5  1e-05 
 3.18  47.5  1e-05 
 3.175  47.3  1e-05 
 3.16324  46.5  1e-05 
 3.16429  45.5  1e-05 
 3.15  44.5  1e-05 
 3.16071  43.5  1e-05 
 3.13333  42.5  1e-05 
 3.14167  41.5  1e-05 
 3.14643  40.5  1e-05 
 3.125  40.1667  1e-05 
 3.09773  39.5  1e-05 
 3.125  38.5  1e-05 
 3.085  37.5  1e-05 
 3.075  37.3889  1e-05 
 3.04167  36.5  1e-05 
 3.0625  35.5  1e-05 
 3.025  35.1667  1e-05 
 2.995  35.5  1e-05 
 2.975  35.7222  1e-05 
 2.925  35.875  1e-05 
 2.88333  36.5  1e-05 
 2.8875  37.5  1e-05 
 2.87833  38.5  1e-05 
 2.875  38.5909  1e-05 
 2.825  39.0714  1e-05 
 2.80357  39.5  1e-05 
 2.79318  40.5  1e-05 
 2.775  41.3  1e-05 
 2.77  41.5  1e-05 
 2.775  42  1e-05 
 2.77955  42.5  1e-05 
 2.785  43.5  1e-05 
 2.775  44.0714  1e-05 
 2.75357  44.5  1e-05 
 2.76136  45.5  1e-05 
 2.755  46.5  1e-05 
 2.73611  47.5  1e-05 
 2.73452  48.5  1e-05 
 2.72672  49.5  1e-05 
 2.73452  50.5  1e-05 
 2.725  51.3  1e-05 
 2.71786  51.5  1e-05 
 2.71389  52.5  1e-05 
 2.71667  53.5  1e-05 
 2.71136  54.5  1e-05 
 2.675  55.3889  1e-05 
 2.67  55.5  1e-05 
 2.675  56  1e-05 
 2.67833  56.5  1e-05 
 2.68529  57.5  1e-05 
 2.67727  58.5  1e-05 
 2.68611  59.5  1e-05 
 2.67935  60.5  1e-05 
 2.675  61.5  1e-05 
 2.66136  62.5  1e-05 
 2.65577  63.5  1e-05 
 2.66136  64.5  1e-05 
 2.65682  65.5  1e-05 
 2.64457  66.5  1e-05 
 2.64318  67.5  1e-05 
 2.64444  68.5  1e-05 
 2.64405  69.5  1e-05 
 2.63864  70.5  1e-05 
 2.63382  71.5  1e-05 
 2.63581  72.5  1e-05 
 2.62667  73.5  1e-05 
 2.63106  74.5  1e-05 
 2.62744  75.5  1e-05 
 2.625  76.1667  1e-05 


# Contour 6, label:    5e-06
 2.875  30.5  5e-06 

 3  32.5  5e-06 
 2.975  32  5e-06 
 2.94167  32.5  5e-06 
 2.975  32.9  5e-06 
 3  32.5  5e-06 

 3.275  92.1  5e-06 
 3.29375  91.5  5e-06 
 3.29167  90.5  5e-06 
 3.3  89.5  5e-06 
 3.30357  88.5  5e-06 
 3.285  87.5  5e-06 
 3.30357  86.5  5e-06 
 3.275  85.7  5e-06 
 3.27273  85.5  5e-06 
 3.275  85.1667  5e-06 
 3.295  84.5  5e-06 
 3.275  83.8333  5e-06 
 3.27262  83.5  5e-06 
 3.275  83  5e-06 
 3.28333  82.5  5e-06 
 3.3  81.5  5e-06 
 3.275  80.5  5e-06 
 3.28929  79.5  5e-06 
 3.275  78.5  5e-06 
 3.275  77.5  5e-06 
 3.295  76.5  5e-06 
 3.275  75.8333  5e-06 
 3.27283  75.5  5e-06 
 3.275  75.1667  5e-06 
 3.29167  74.5  5e-06 
 3.30227  73.5  5e-06 
 3.275  72.6429  5e-06 
 3.273  72.5  5e-06 
 3.26923  71.5  5e-06 
 3.275  71  5e-06 
 3.29643  70.5  5e-06 
 3.275  69.75  5e-06 
 3.27292  69.5  5e-06 
 3.275  69  5e-06 
 3.28333  68.5  5e-06 
 3.29375  67.5  5e-06 
 3.275  67  5e-06 
 3.26667  66.5  5e-06 
 3.26875  65.5  5e-06 
 3.27115  64.5  5e-06 
 3.265  63.5  5e-06 
 3.275  62.5  5e-06 

 2.62905  72.5  5e-06 
 2.625  72.9286  5e-06 
 2.60278  73.5  5e-06 
 2.61667  74.5  5e-06 
 2.60625  75.5  5e-06 
 2.59773  76.5  5e-06 
 2.61071  77.5  5e-06 
 2.60278  78.5  5e-06 
 2.59773  79.5  5e-06 
 2.58571  80.5  5e-06 
 2.59  81.5  5e-06 
 2.59318  82.5  5e-06 
 2.59  83.5  5e-06 
 2.59038  84.5  5e-06 
 2.58971  85.5  5e-06 
 2.58382  86.5  5e-06 
 2.58333  87.5  5e-06 
 2.58462  88.5  5e-06 
 2.57708  89.5  5e-06 
 2.58125  90.5  5e-06 
 2.58077  91.5  5e-06 
 2.57885  92.5  5e-06 
 2.57929  93.5  5e-06 
 2.57643  94.5  5e-06 
 2.57875  95.5  5e-06 
 2.57598  96.5  5e-06 
 2.57696  97.5  5e-06 
 2.57594  98.5  5e-06 
 2.57588  99.5  5e-06 
 2.57594  100.5  5e-06 
 2.575  100.833  5e-06 
 2.56071  101.5  5e-06 
 2.55625  102.5  5e-06 
 2.55278  103.5  5e-06 
 2.55278  104.5  5e-06 
 2.575  105.5  5e-06 
 2.55625  106.5  5e-06 
 2.575  107.5  5e-06 
 2.57619  108.5  5e-06 
 2.57819  109.5  5e-06 
 2.57885  110.5  5e-06 
 2.57763  111.5  5e-06 
 2.58056  112.5  5e-06 
 2.59167  113.5  5e-06 
 2.59038  114.5  5e-06 
 2.6125  115.5  5e-06 
 2.61667  116.5  5e-06 
 2.625  116.667  5e-06 
 2.635  117.5  5e-06 
 2.64773  118.5  5e-06 
 2.675  119.5  5e-06 
 2.675  120.5  5e-06 
 2.7  121.5  5e-06 
 2.715  122.5  5e-06 
 2.725  122.833  5e-06 
 2.775  122.75  5e-06 
 2.825  123.5  5e-06 
 2.835  122.5  5e-06 
 2.875  121.929  5e-06 
 2.9125  121.5  5e-06 
 2.925  121.167  5e-06 
 2.945  120.5  5e-06 
 2.975  119.5  5e-06 
 3.00625  118.5  5e-06 
 3.025  118.071  5e-06 
 3.05357  117.5  5e-06 
 3.05  116.5  5e-06 
 3.075  116.3  5e-06 
 3.10357  115.5  5e-06 
 3.10833  114.5  5e-06 
 3.125  113.5  5e-06 
 3.14167  112.5  5e-06 
 3.16429  111.5  5e-06 
 3.175  110.75  5e-06 
 3.1875  110.5  5e-06 
 3.175  110  5e-06 
 3.17321  109.5  5e-06 
 3.175  109.3  5e-06 
 3.20357  108.5  5e-06 
 3.20625  107.5  5e-06 
 3.21875  106.5  5e-06 
 3.225  105.5  5e-06 
 3.22244  104.5  5e-06 
 3.225  104.25  5e-06 
 3.255  103.5  5e-06 
 3.25357  102.5  5e-06 
 3.2625  101.5  5e-06 
 3.26818  100.5  5e-06 
 3.27315  99.5  5e-06 
 3.275  99.1667  5e-06 
 3.29167  98.5  5e-06 
 3.285  97.5  5e-06 
 3.295  96.5  5e-06 
 3.275  95.5  5e-06 
 3.295  94.5  5e-06 
 3.3  93.5  5e-06 
 3.275  92.8333  5e-06 
 3.27222  92.5  5e-06 
 3.275  92.1  5e-06 

 3.275  62.5  5e-06 
 3.27206  61.5  5e-06 
 3.26875  60.5  5e-06 
 3.26389  59.5  5e-06 
 3.26346  58.5  5e-06 
 3.26429  57.5  5e-06 
 3.25833  56.5  5e-06 
 3.26944  55.5  5e-06 
 3.25357  54.5  5e-06 
 3.2375  53.5  5e-06 
 3.25682  52.5  5e-06 
 3.225  51.5  5e-06 
 3.235  50.5  5e-06 
 3.225  50  5e-06 
 3.21875  49.5  5e-06 
 3.225  49  5e-06 
 3.23333  48.5  5e-06 
 3.225  48.3  5e-06 
 3.205  47.5  5e-06 
 3.2  46.5  5e-06 
 3.195  45.5  5e-06 
 3.175  45  5e-06 
 3.16786  44.5  5e-06 
 3.175  44.1  5e-06 
 3.2  43.5  5e-06 
 3.175  42.5  5e-06 
 3.16944  41.5  5e-06 
 3.175  41  5e-06 
 3.185  40.5  5e-06 
 3.175  40.1667  5e-06 
 3.125  39.6111  5e-06 
 3.12045  39.5  5e-06 
 3.125  39.3333  5e-06 
 3.16071  38.5  5e-06 
 3.1375  37.5  5e-06 
 3.125  37.3  5e-06 
 3.075  36.8333  5e-06 
 3.0625  36.5  5e-06 
 3.075  36.0714  5e-06 
 3.125  35.5  5e-06 
 3.0875  34.5  5e-06 
 3.075  34  5e-06 
 3.05  34.5  5e-06 
 3.025  34.6111  5e-06 
 3.015  34.5  5e-06 
 2.975  33.9286  5e-06 
 2.925  34.25  5e-06 
 2.875  34  5e-06 
 2.8375  34.5  5e-06 
 2.865  35.5  5e-06 
 2.825  36.3  5e-06 
 2.80833  36.5  5e-06 
 2.80833  37.5  5e-06 
 2.80833  38.5  5e-06 
 2.775  39.1667  5e-06 
 2.765  39.5  5e-06 
 2.7625  40.5  5e-06 
 2.745  41.5  5e-06 
 2.74643  42.5  5e-06 
 2.765  43.5  5e-06 
 2.725  44.3  5e-06 
 2.71667  44.5  5e-06 
 2.725  44.75  5e-06 
 2.73864  45.5  5e-06 
 2.73  46.5  5e-06 
 2.725  47  5e-06 
 2.715  47.5  5e-06 
 2.7125  48.5  5e-06 
 2.7  49.5  5e-06 
 2.70833  50.5  5e-06 
 2.68214  51.5  5e-06 
 2.68611  52.5  5e-06 
 2.69583  53.5  5e-06 
 2.68864  54.5  5e-06 
 2.675  54.8333  5e-06 
 2.645  55.5  5e-06 
 2.64643  56.5  5e-06 
 2.675  57.1667  5e-06 
 2.67794  57.5  5e-06 
 2.675  57.8333  5e-06 
 2.65  58.5  5e-06 
 2.675  59.3  5e-06 
 2.67685  59.5  5e-06 
 2.675  60  5e-06 
 2.665  60.5  5e-06 
 2.63929  61.5  5e-06 
 2.63864  62.5  5e-06 
 2.63654  63.5  5e-06 
 2.63864  64.5  5e-06 
 2.63409  65.5  5e-06 
 2.6337  66.5  5e-06 
 2.63182  67.5  5e-06 
 2.63056  68.5  5e-06 
 2.63214  69.5  5e-06 
 2.62727  70.5  5e-06 
 2.625  70.8333  5e-06 
 2.605  71.5  5e-06 
 2.625  71.9  5e-06 
 2.62905  72.5  5e-06 


# Contour 7, label:    1e-06
 2.575  117.5  1e-06 

 2.825  125.5  1e-06 
 2.775  124.5  1e-06 
 2.725  125.5  1e-06 
 2.775  126.5  1e-06 
 2.825  125.5  1e-06 

 2.825  131.5  1e-06 

 2.875  129.5  1e-06 

 2.875  26.5  1e-06 

 2.875  20.5  1e-06 

 2.925  19.5  1e-06 

 2.975  124.5  1e-06 

 2.975  24.5  1e-06 
 2.925  23.5  1e-06 
 2.975  24.5  1e-06 

 3.025  128.5  1e-06 

 3.075  22.5  1e-06 

 3.225  36.5  1e-06 
 3.175  36  1e-06 
 3.125  36.5  1e-06 
 3.175  37  1e-06 
 3.225  36.5  1e-06 

 3.225  26.5  1e-06 

 3.3  32.5  1e-06 
 3.275  32  1e-06 
 3.25  32.5  1e-06 
 3.275  33  1e-06 
 3.3  32.5  1e-06 

 3.325  20.5  1e-06 

 3.4  69.5  1e-06 
 3.375  69  1e-06 
 3.35  69.5  1e-06 
 3.375  70  1e-06 
 3.4  69.5  1e-06 

 3.15  115.5  1e-06 
 3.125  115  1e-06 
 3.12167  114.5  1e-06 
 3.125  114.3  1e-06 
 3.175  114.5  1e-06 
 3.165  113.5  1e-06 
 3.175  112.5  1e-06 
 3.2  111.5  1e-06 
 3.225  111  1e-06 
 3.25  110.5  1e-06 
 3.225  110  1e-06 
 3.2125  109.5  1e-06 
 3.225  109  1e-06 
 3.25  108.5  1e-06 
 3.25  107.5  1e-06 
 3.275  106.5  1e-06 
 3.265  105.5  1e-06 
 3.275  105  1e-06 
 3.3  104.5  1e-06 
 3.325  103.5  1e-06 
 3.3  102.5  1e-06 
 3.3  101.5  1e-06 
 3.325  101  1e-06 
 3.35  100.5  1e-06 
 3.325  100  1e-06 
 3.3125  99.5  1e-06 
 3.325  98.5  1e-06 
 3.325  97.5  1e-06 
 3.375  96.5  1e-06 
 3.35  95.5  1e-06 
 3.35  94.5  1e-06 
 3.325  93.5  1e-06 
 3.325  92.5  1e-06 
 3.31875  91.5  1e-06 
 3.325  90.5  1e-06 
 3.325  89.5  1e-06 
 3.35  88.5  1e-06 
 3.325  87.5  1e-06 
 3.35  86.5  1e-06 
 3.325  86  1e-06 
 3.3125  85.5  1e-06 
 3.325  85  1e-06 
 3.35  84.5  1e-06 
 3.375  83.5  1e-06 
 3.325  83.5  1e-06 
 3.31667  82.5  1e-06 
 3.325  82.1667  1e-06 
 3.35833  81.5  1e-06 
 3.35  80.5  1e-06 
 3.325  80  1e-06 
 3.31786  79.5  1e-06 
 3.325  79  1e-06 
 3.35  78.5  1e-06 
 3.35  77.5  1e-06 
 3.35  76.5  1e-06 
 3.35  75.5  1e-06 
 3.325  74.5  1e-06 
 3.32045  73.5  1e-06 
 3.3125  72.5  1e-06 
 3.325  72  1e-06 
 3.35  71.5  1e-06 
 3.325  70.5  1e-06 
 3.3125  69.5  1e-06 
 3.31667  68.5  1e-06 
 3.31875  67.5  1e-06 
 3.3  66.5  1e-06 
 3.3125  65.5  1e-06 
 3.325  65  1e-06 
 3.35  64.5  1e-06 
 3.325  64  1e-06 
 3.3  63.5  1e-06 
 3.315  62.5  1e-06 
 3.3125  61.5  1e-06 
 3.3125  60.5  1e-06 
 3.275  59.5  1e-06 
 3.3  58.5  1e-06 
 3.325  57.5  1e-06 
 3.375  58.5  1e-06 
 3.375  59.5  1e-06 
 3.425  60.5  1e-06 

 2.6  63.5  1e-06 
 2.6  64.5  1e-06 
 2.59167  65.5  1e-06 
 2.575  66.5  1e-06 
 2.6  67.5  1e-06 
 2.59167  68.5  1e-06 
 2.6  69.5  1e-06 
 2.5875  70.5  1e-06 
 2.575  71  1e-06 
 2.55  71.5  1e-06 
 2.575  72.5  1e-06 
 2.58056  73.5  1e-06 
 2.58333  74.5  1e-06 
 2.58125  75.5  1e-06 
 2.57955  76.5  1e-06 
 2.58214  77.5  1e-06 
 2.58056  78.5  1e-06 
 2.57955  79.5  1e-06 
 2.575  80  1e-06 
 2.55  80.5  1e-06 
 2.55  81.5  1e-06 
 2.575  82.5  1e-06 
 2.55  83.5  1e-06 
 2.525  84.5  1e-06 
 2.575  84.5  1e-06 
 2.57794  85.5  1e-06 
 2.575  86  1e-06 
 2.55  86.5  1e-06 
 2.55  87.5  1e-06 
 2.575  88  1e-06 
 2.57692  88.5  1e-06 
 2.575  88.75  1e-06 
 2.525  89.5  1e-06 
 2.575  90.5  1e-06 
 2.55  91.5  1e-06 
 2.54167  92.5  1e-06 
 2.55  93.5  1e-06 
 2.525  94.5  1e-06 
 2.55  95.5  1e-06 
 2.5375  96.5  1e-06 
 2.525  97.5  1e-06 
 2.5375  98.5  1e-06 
 2.5375  99.5  1e-06 
 2.525  100.5  1e-06 
 2.53214  101.5  1e-06 
 2.53125  102.5  1e-06 
 2.53056  103.5  1e-06 
 2.53056  104.5  1e-06 
 2.525  105.5  1e-06 
 2.53125  106.5  1e-06 
 2.525  107.5  1e-06 
 2.5375  108.5  1e-06 
 2.55  109.5  1e-06 
 2.54167  110.5  1e-06 
 2.5375  111.5  1e-06 
 2.525  112.5  1e-06 
 2.575  113.5  1e-06 
 2.575  114.5  1e-06 
 2.55  115.5  1e-06 
 2.575  116  1e-06 
 2.58333  116.5  1e-06 
 2.625  117.333  1e-06 
 2.627  117.5  1e-06 
 2.62955  118.5  1e-06 
 2.625  119  1e-06 
 2.575  119.5  1e-06 
 2.625  120  1e-06 
 2.635  120.5  1e-06 
 2.625  120.833  1e-06 
 2.59167  121.5  1e-06 
 2.625  122.167  1e-06 
 2.675  122.5  1e-06 
 2.675  123.5  1e-06 
 2.675  124.5  1e-06 
 2.725  125.5  1e-06 
 2.725  126.5  1e-06 
 2.775  126.5  1e-06 
 2.825  127.5  1e-06 
 2.825  126.5  1e-06 
 2.875  125.5  1e-06 
 2.825  125.5  1e-06 
 2.775  124.5  1e-06 
 2.825  124.3  1e-06 
 2.875  124  1e-06 
 2.9  123.5  1e-06 
 2.925  123  1e-06 
 2.95  122.5  1e-06 
 2.975  121.5  1e-06 
 3.025  121.5  1e-06 
 3.075  120.5  1e-06 
 3.025  120  1e-06 
 3.015  119.5  1e-06 
 3.025  119  1e-06 
 3.075  119  1e-06 
 3.1  118.5  1e-06 
 3.125  117.5  1e-06 
 3.1125  116.5  1e-06 
 3.125  116  1e-06 
 3.15  115.5  1e-06 

 3.425  60.5  1e-06 
 3.375  59.5  1e-06 
 3.375  58.5  1e-06 
 3.325  57.5  1e-06 
 3.325  56.5  1e-06 
 3.325  55.5  1e-06 
 3.35833  54.5  1e-06 
 3.325  53.8333  1e-06 
 3.3  53.5  1e-06 
 3.275  52.5  1e-06 
 3.3  51.5  1e-06 
 3.275  50.5  1e-06 
 3.3  49.5  1e-06 
 3.275  49  1e-06 
 3.26667  48.5  1e-06 
 3.275  47.5  1e-06 
 3.2625  46.5  1e-06 
 3.25  45.5  1e-06 
 3.275  44.5  1e-06 
 3.25  43.5  1e-06 
 3.225  42.5  1e-06 
 3.25  41.5  1e-06 
 3.225  40.5  1e-06 
 3.25  39.5  1e-06 
 3.225  38.5  1e-06 
 3.275  37.5  1e-06 
 3.225  36.5  1e-06 
 3.25  35.5  1e-06 
 3.225  35  1e-06 
 3.2125  34.5  1e-06 
 3.175  33.75  1e-06 
 3.15833  33.5  1e-06 
 3.175  32.5  1e-06 
 3.225  33.5  1e-06 
 3.175  32.5  1e-06 
 3.15  31.5  1e-06 
 3.175  30.5  1e-06 
 3.225  30.5  1e-06 
 3.175  30.5  1e-06 
 3.15  29.5  1e-06 
 3.15  28.5  1e-06 
 3.125  28  1e-06 
 3.075  27.8333  1e-06 
 3.025  27.5  1e-06 
 3.075  26.5  1e-06 
 3.025  26.5  1e-06 
 3.025  27.5  1e-06 
 2.975  28  1e-06 
 2.925  28  1e-06 
 2.875  28.5  1e-06 
 2.875  29.5  1e-06 
 2.835  30.5  1e-06 
 2.825  31  1e-06 
 2.775  31  1e-06 
 2.75  31.5  1e-06 
 2.775  32  1e-06 
 2.8  32.5  1e-06 
 2.775  33.5  1e-06 
 2.725  34.5  1e-06 
 2.775  35  1e-06 
 2.825  35.5  1e-06 
 2.775  35.8333  1e-06 
 2.74167  36.5  1e-06 
 2.725  37.5  1e-06 
 2.74167  38.5  1e-06 
 2.725  39.5  1e-06 
 2.7  40.5  1e-06 
 2.725  41.5  1e-06 
 2.7  42.5  1e-06 
 2.675  43.5  1e-06 
 2.68333  44.5  1e-06 
 2.675  45.5  1e-06 
 2.625  46.5  1e-06 
 2.675  47.5  1e-06 
 2.625  48.5  1e-06 
 2.575  48.5  1e-06 
 2.625  49.5  1e-06 
 2.6  50.5  1e-06 
 2.625  51  1e-06 
 2.6375  51.5  1e-06 
 2.64167  52.5  1e-06 
 2.675  53.1667  1e-06 
 2.67917  53.5  1e-06 
 2.675  54  1e-06 
 2.65  53.5  1e-06 
 2.625  53  1e-06 
 2.6  53.5  1e-06 
 2.625  54  1e-06 
 2.65  54.5  1e-06 
 2.625  55.5  1e-06 
 2.6  56.5  1e-06 
 2.625  57  1e-06 
 2.64167  57.5  1e-06 
 2.625  58.5  1e-06 
 2.6375  59.5  1e-06 
 2.625  60.5  1e-06 
 2.59167  61.5  1e-06 
 2.6  62.5  1e-06 
 2.6  63.5  1e-06 

