
1.22900000E+00
1.33500000E+00
1.09000000E+00
1.52200000E+00
1.09000000E+00

1.52200000E+00
1.52600000E+00
1.52600000E+00
1.09000000E+00
1.44900000E+00

1.44900000E+00
1.46000000E+00
1.09000000E+00
1.52600000E+00
1.41000000E+00

1.52600000E+00
1.01000000E+00
1.01000000E+00
1.09000000E+00
1.47100000E+00

1.09000000E+00
1.52600000E+00
1.52600000E+00
1.09000000E+00
1.53000000E+00

1.01000000E+00
1.33500000E+00
9.60000000E-01
1.09000000E+00
1.43000000E+00

1.52000000E+00
1.45000000E+00
1.09000000E+00

1.22900000E+00
1.33500000E+00
1.09000000E+00
1.52200000E+00
1.09000000E+00

1.52200000E+00
1.52600000E+00
1.52600000E+00
1.09000000E+00
1.44900000E+00

1.44900000E+00
1.46000000E+00
1.09000000E+00
1.52600000E+00
1.41000000E+00

1.52600000E+00
1.01000000E+00
1.01000000E+00
1.09000000E+00
1.47100000E+00

1.09000000E+00
1.52600000E+00
1.52600000E+00
9.60000000E-01
1.09000000E+00

1.43000000E+00
1.52000000E+00
1.09000000E+00

1.22900000E+00
1.33500000E+00
1.09000000E+00
1.52200000E+00
1.09000000E+00

1.52200000E+00
1.52600000E+00
1.52600000E+00
1.09000000E+00
1.44900000E+00

1.44900000E+00
9.60000000E-01
1.09000000E+00
1.52600000E+00
1.41000000E+00

1.52600000E+00
1.01000000E+00
1.01000000E+00
1.09000000E+00
1.47100000E+00

1.09000000E+00
1.52600000E+00
1.52600000E+00

