	THR	Avg		SDM		Fluct

d4g

HA-HB
	Schmidt
	4	1.96		.2		1.77
	5	1.78		.3		1.99
	6	2.02		.5		2.31
	7	1.47		.1		1.45

HN-HA
	Schmidt
	4	6.93		.08		2.13
	5	6.84		.05		2.10
	6	6.41		.3		2.38
	7	6.41		.07		2.16

	DLIVE
	4	7.31		.07		1.87
	5	7.21		.06		1.86
	6	6.85		.3		2.10
	7	6.85		.06		1.90

	2D
	4	7.20		.08		1.52
	5	7.53		.09		1.33
	6	7.39		.02		1.39
	7	7.57		.07		1.28

d4m

HA-HB
	Schmidt
	4	3.37		.3		3.54
	5	2.82		.3		3.11
	6	4.50		.8		4.10
	7	2.96		.2		3.47
HN-HA
	Schmidt
	4	6.57		.2		2.39
	5	6.36		.2		2.37
	6	6.63		.2		2.29
	7	6.30		.06		2.29

	DLIVE
	4	6.87		.1		2.12
	5	6.80		.2		2.10
	6	7.05		.2		2.02
	7	6.71		.06		2.03

	2D
	4	6.06		.2		2.10
	5	6.33		.2		2.00
	6	6.78		.2		1.80
	7	6.68		.1		1.79

protein

HA-HB
	Schmidt
	4 	5.03		.2		2.94
	5	4.70		.2		3.20
	6	5.27		.3		3.01
	7	4.44		.2		3.16
HN-HA
	Schmidt
	4	6.13		.1		2.43
	5	5.66		.1		2.40
	6	6.22		.1		2.45
	7	6.46		.03		2.30

	DLIVE
	4	6.42		.08		2.13
	5	6.03		.07		2.09
	6	6.48		.06		2.15
	7	6.66		.08		2.03

	2D
	4	5.68		.3		2.28
	5	5.09		.1		2.31
	6	5.39		.2		2.24
	7	5.96		.07		2.01

