#THR	d4g	d4m	prot
4	8.69	8.34	7.59
5	9.61	8.42	7.78
6	9.52	8.33	7.6
7	9.25	8.06	7.5
#THR	d4g-A	d4g-D	d4g-F	d4m-A	d4m-D	d4m-F	pro-A	pro-D	pro-F
4	7.20	.08	1.52	6.06	.2	2.10	5.68	.3	2.28
5	7.53	.09	1.33	6.33	.2	2.00	5.09	.1	2.31 
6	7.39	.02	1.39	6.78	.2	1.80	5.39	.2	2.24
7	7.57	.07	1.28	6.68	.1	1.79	5.96	.07	2.01

#THR	d4g-A	d4g-D	d4g-F	d4m-A	d4m-D	d4m-F	pro-A	pro-D	pro-F
4	7.31	.07	1.87	6.87	.1	2.12	6.42	.08	2.13	
5	7.21	.06	1.86	6.80	.2	2.10	6.03	.07	2.09	
6	6.85	.3	2.10	7.05	.2	2.02	6.48	.06	2.15	
7	6.85	.06	1.90	6.71	.06	2.03	6.66	.08	2.03	
#THR	d4g-A	d4g-D	d4g-F	d4m-A	d4m-D	d4m-F	pro-A	pro-D	pro-F
4	6.93	.08	2.13	6.57	.2	2.39	6.13	.1	2.43	
5	6.84	.05	2.10	6.36	.2	2.37	5.66	.1	2.40	
6	6.41	.3	2.38	6.63	.2	2.29	6.22	.1	2.45	
7	6.41	.07	2.16	6.30	.06	2.29	6.46	.03	2.30	
