
# Surface 0 of 2 surfaces

# Curve title: ""../PhiPsi_Bins/P_CONT_1" using 1:2:4"

# Contour 0, label:     0.04
-125.759 -179  0.04 
-128.101 -177.251  0.04 
-130.428 -175.89  0.04 
-132.739 -174.918  0.04 
-135.036 -174.335  0.04 
-137.318 -174.141  0.04 
-139.585 -174.335  0.04 
-141.836 -174.918  0.04 
-144.073 -175.89  0.04 
-146.295 -177.251  0.04 
-148.502 -179  0.04 


# Contour 1, label:    0.045
-79.8445 -179  0.045 
-82.6105 -176.645  0.045 
-85.3995 -174.47  0.045 
-88.2116 -172.475  0.045 
-91.0467 -170.659  0.045 
-93.9045 -169.024  0.045 
-96.7829 -167.576  0.045 
-99.679 -166.326  0.045 
-102.59 -165.282  0.045 
-105.513 -164.455  0.045 
-108.445 -163.853  0.045 
-111.383 -163.474  0.045 
-114.325 -163.26  0.045 
-117.268 -163.135  0.045 
-120.209 -163.027  0.045 
-123.147 -162.862  0.045 
-126.078 -162.564  0.045 
-129.002 -162.103  0.045 
-131.925 -161.557  0.045 
-134.851 -161.022  0.045 
-137.786 -160.595  0.045 
-140.737 -160.373  0.045 
-143.709 -160.452  0.045 
-146.694 -160.911  0.045 
-149.663 -161.804  0.045 
-152.585 -163.182  0.045 
-155.428 -165.095  0.045 
-158.161 -167.593  0.045 
-160.752 -170.728  0.045 
-163.184 -174.529  0.045 
-165.453 -179  0.045 

# Contour 2, label: 
-53.5064 -179  0.045 
-54.7427 -175.977  0.045 
-56.0403 -173.626  0.045 
-57.3993 -171.946  0.045 
-58.8197 -170.939  0.045 
-60.3015 -170.603  0.045 
-61.8447 -170.939  0.045 
-63.4492 -171.946  0.045 
-65.1152 -173.626  0.045 
-66.8426 -175.977  0.045 
-68.6313 -179  0.045 


# Contour 3, label:    0.065
-57.1905  59.6667  0.065 
-58.5474  63.5459  0.065 
-60.0369  67.6483  0.065 
-61.6077  71.7989  0.065 
-63.1989  75.9324  0.065 
-64.7493  79.9837  0.065 
-66.1983  83.8874  0.065 
-67.4847  87.5783  0.065 
-68.5478  90.9913  0.065 
-69.3264  94.061  0.065 
-69.7598  96.7222  0.065 
-69.7869  98.9098  0.065 
-68.9319  100.085  0.065 
-67.4842  100.593  0.065 
-65.7055  100.748  0.065 
-63.6855  100.672  0.065 
-61.5141  100.485  0.065 
-59.281  100.306  0.065 
-57.0762  100.257  0.065 
-54.9974  100.314  0.065 
-53.1689  99.9873  0.065 
-51.8131  98.5489  0.065 
-51.0036  95.7718  0.065 
-50.606  92.0552  0.065 
-50.5947  87.6364  0.065 
-50.9436  82.7527  0.065 
-51.6271  77.6414  0.065 
-52.6194  72.5399  0.065 
-53.8945  67.6853  0.065 
-55.4269  63.3152  0.065 
-57.1905  59.6667  0.065 

# Contour 4, label: 
-123.266  117.137  0.065 
-126.038  117.947  0.065 
-128.784  118.736  0.065 
-131.512  119.526  0.065 
-134.235  120.341  0.065 
-136.967  121.206  0.065 
-139.719  122.144  0.065 
-142.506  123.179  0.065 
-145.327  124.367  0.065 
-148.114  125.929  0.065 
-150.777  128.141  0.065 
-153.226  131.281  0.065 
-155.37  135.624  0.065 
-157.123  141.423  0.065 
-158.612  147.566  0.065 
-160.283  150.932  0.065 
-162.413  149.75  0.065 
-164.863  145.495  0.065 
-167.44  140.063  0.065 
-169.973  135.162  0.065 
-172.41  131.28  0.065 
-174.752  128.417  0.065 
-177  126.574  0.065 

# Contour 5, label: 
-23 -6.18802  0.065 
-25.6142 -4.03192  0.065 
-28.2599 -2.13185  0.065 
-30.937 -0.487813  0.065 
-33.6456  0.900195  0.065 
-36.3856  2.03217  0.065 
-39.1572  2.90812  0.065 
-41.9592  3.52591  0.065 
-44.7792  3.85783  0.065 
-47.5969  3.85933  0.065 
-50.3921  3.48556  0.065 
-53.1445  2.69166  0.065 
-55.8336  1.43277  0.065 
-58.4398 -0.335155  0.065 
-60.9554 -2.63498  0.065 
-63.386 -5.46672  0.065 
-65.7382 -8.82928  0.065 
-68.018 -12.7216  0.065 
-70.232 -17.1425  0.065 
-72.3903 -22.0246  0.065 
-74.6288 -25.155  0.065 
-77.1341 -23.7415  0.065 
-79.8273 -20.3205  0.065 
-82.5912 -17.9074  0.065 
-85.3611 -16.7517  0.065 
-88.0922 -16.067  0.065 
-90.7397 -15.065  0.065 
-93.2642 -13.0317  0.065 
-95.6768 -9.95383  0.065 
-98.0167 -6.20312  0.065 
-100.323 -2.15538  0.065 
-102.636  1.81359  0.065 
-104.995  5.32802  0.065 
-107.438  8.0121  0.065 
-110.004  9.50982  0.065 
-112.689  9.81673  0.065 
-115.457  9.23056  0.065 
-118.269  8.05886  0.065 
-121.089  6.60924  0.065 
-123.878  5.18924  0.065 
-126.599  4.10444  0.065 
-129.248  3.54947  0.065 
-131.875  3.5529  0.065 
-134.529  4.12967  0.065 
-137.265  5.29473  0.065 
-140.133  7.063  0.065 
-143.186  9.44937  0.065 
-146.302  12.431  0.065 
-148.888  15.8821  0.065 
-150.27  19.6596  0.065 
-149.3  23.6479  0.065 
-146.972  27.5432  0.065 
-143.967  31.0549  0.065 
-140.895  33.9086  0.065 
-137.993  36.0141  0.065 
-135.223  37.4163  0.065 
-132.543  38.1632  0.065 
-129.909  38.3027  0.065 
-127.278  37.8827  0.065 
-124.607  36.9534  0.065 
-121.879  35.6546  0.065 
-119.113  34.2446  0.065 
-116.33  32.9898  0.065 
-113.55  32.1563  0.065 
-110.794  32.0106  0.065 
-108.083  32.8187  0.065 
-105.443  34.7336  0.065 
-102.909  37.639  0.065 
-100.52  41.3793  0.065 
-98.313  45.7987  0.065 
-96.3265  50.7416  0.065 
-94.5981  56.0522  0.065 
-93.1609  61.5746  0.065 
-91.7783  67.1346  0.065 
-89.884  72.543  0.065 
-87.4615  77.7015  0.065 
-84.7594  82.5539  0.065 
-82.0278  87.0444  0.065 
-79.5166  91.1171  0.065 
-77.4759  94.7161  0.065 
-76.1556  97.7855  0.065 
-76.1997  99.9882  0.065 
-77.9661  101.137  0.065 
-80.5202  101.889  0.065 
-83.6101  102.41  0.065 
-86.9838  102.864  0.065 
-90.3897  103.415  0.065 
-93.5924  104.218  0.065 
-96.5385  105.286  0.065 
-99.2881  106.548  0.065 
-101.903  107.934  0.065 
-104.444  109.37  0.065 
-106.975  110.786  0.065 
-109.554  112.108  0.065 
-112.212  113.304  0.065 
-114.931  114.387  0.065 
-117.693  115.375  0.065 
-120.477  116.285  0.065 
-123.266  117.137  0.065 


# Contour 6, label:     0.07
-110.469  19.8889  0.07 
-111.521  18.5585  0.07 
-113.281  17.2803  0.07 
-115.572  16.0759  0.07 
-118.22  14.9672  0.07 
-121.05  13.976  0.07 
-123.887  13.124  0.07 
-126.558  12.4334  0.07 
-128.985  11.9449  0.07 
-131.237  11.7271  0.07 
-133.393  11.8511  0.07 
-135.533  12.3877  0.07 
-137.736  13.408  0.07 
-140.083  14.9829  0.07 
-142.652  17.1833  0.07 
-144.568  20.027  0.07 
-142.521  23.1298  0.07 
-139.996  25.6074  0.07 
-137.675  27.3719  0.07 
-135.482  28.5037  0.07 
-133.341  29.0829  0.07 
-131.175  29.1897  0.07 
-128.908  28.9042  0.07 
-126.465  28.3066  0.07 
-123.782  27.4748  0.07 
-120.945  26.46  0.07 
-118.124  25.2981  0.07 
-115.493  24.0246  0.07 
-113.225  22.6749  0.07 
-111.492  21.2845  0.07 
-110.469  19.8889  0.07 

# Contour 7, label: 
-161.67  179  0.07 
-164.736  174.846  0.07 
-167.802  170.692  0.07 
-170.868  166.537  0.07 
-173.934  162.383  0.07 
-177  158.229  0.07 

# Contour 8, label: 
-23  73.584  0.07 
-23.7239  82.3232  0.07 
-24.9387  89.477  0.07 
-26.6443  95.0453  0.07 
-28.8408  99.0282  0.07 
-31.5106  101.474  0.07 
-34.531  102.719  0.07 
-37.7398  103.211  0.07 
-40.9756  103.393  0.07 
-44.1369  103.551  0.07 
-47.2326  103.679  0.07 
-50.2838  103.741  0.07 
-53.3114  103.699  0.07 
-56.3364  103.517  0.07 
-59.3782  103.165  0.07 
-62.4401  102.698  0.07 
-65.5162  102.218  0.07 
-68.6005  101.826  0.07 
-71.6868  101.624  0.07 
-74.7693  101.716  0.07 
-77.8426  102.169  0.07 
-80.904  102.959  0.07 
-83.9508  104.051  0.07 
-86.9807  105.406  0.07 
-89.991  106.988  0.07 
-92.9794  108.758  0.07 
-95.9482  110.671  0.07 
-98.9042  112.67  0.07 
-101.854  114.701  0.07 
-104.805  116.708  0.07 
-107.764  118.635  0.07 
-110.738  120.429  0.07 
-113.729  122.067  0.07 
-116.737  123.54  0.07 
-119.765  124.837  0.07 
-122.813  125.951  0.07 
-125.88  126.872  0.07 
-128.966  127.63  0.07 
-132.051  128.376  0.07 
-135.117  129.29  0.07 
-138.143  130.547  0.07 
-141.111  132.327  0.07 
-143.999  134.804  0.07 
-146.753  138.035  0.07 
-149.282  141.947  0.07 
-151.551  146.506  0.07 
-153.558  151.711  0.07 
-155.304  157.563  0.07 
-156.788  164.062  0.07 
-158.011  171.208  0.07 
-158.973  179  0.07 

# Contour 9, label: 
-23  15.7798  0.07 
-26.207  16.9443  0.07 
-29.447  17.9068  0.07 
-32.72  18.6675  0.07 
-36.0259  19.2264  0.07 
-39.3648  19.5833  0.07 
-42.7332  19.7218  0.07 
-46.1  19.4936  0.07 
-49.4209  18.6877  0.07 
-52.6516  17.0926  0.07 
-55.7477  14.4969  0.07 
-58.667  10.7046  0.07 
-61.4154  5.86613  0.07 
-64.0466  0.475824  0.07 
-66.6161 -4.95724  0.07 
-69.1796 -9.924  0.07 
-71.7929 -13.9154  0.07 
-74.5115 -16.4224  0.07 
-77.3798 -17.1092  0.07 
-80.4044 -16.2125  0.07 
-83.5843 -14.087  0.07 
-86.9185 -11.0876  0.07 
-90.4058 -7.5688  0.07 
-94.0323 -3.85997  0.07 
-97.6541 -0.0362013  0.07 
-101.053  3.97316  0.07 
-104.011  8.2405  0.07 
-106.308  12.8382  0.07 
-107.726  17.8386  0.07 
-107.711  23.3407  0.07 
-106.424  29.181  0.07 
-104.286  35.0336  0.07 
-101.503  40.5943  0.07 
-98.2793  45.5592  0.07 
-94.8214  49.6242  0.07 
-91.3345  52.4855  0.07 
-87.9926  54.1859  0.07 
-84.855  56.0297  0.07 
-81.9548  59.6076  0.07 
-79.3074  65.7316  0.07 
-76.8533  71.9874  0.07 
-74.5143  75.1248  0.07 
-72.2228  72.6863  0.07 
-69.9682  66.2294  0.07 
-67.7572  58.5787  0.07 
-65.5778  51.8046  0.07 
-63.3673  46.0196  0.07 
-61.0554  41.0223  0.07 
-58.5716  36.6114  0.07 
-55.8483  32.593  0.07 
-52.8851  28.9515  0.07 
-49.7504  25.8534  0.07 
-46.5155  23.4736  0.07 
-43.2519  21.9865  0.07 
-40.0311  21.567  0.07 
-36.9117  22.3584  0.07 
-33.9046  24.3876  0.07 
-31.0099  27.6546  0.07 
-28.2276  32.1594  0.07 
-25.5576  37.902  0.07 
-23  44.8825  0.07 


# Contour 10, label:    0.075
-58.3859  19.8889  0.075 
-59.3882  12.2075  0.075 
-61.5051  5.09442  0.075 
-64.443 -1.12286  0.075 
-67.9084 -6.11695  0.075 
-71.6074 -9.56043  0.075 
-75.2478 -11.1279  0.075 
-78.6729 -10.7288  0.075 
-81.9855 -8.71919  0.075 
-85.3172 -5.50562  0.075 
-88.7996 -1.49448  0.075 
-92.5613  2.90957  0.075 
-96.468  7.45431  0.075 
-99.9243  12.1546  0.075 
-102.289  17.0523  0.075 
-102.66  22.2193  0.075 
-100.883  27.6314  0.075 
-97.8554  33.1309  0.075 
-94.1601  38.5962  0.075 
-90.378  43.9044  0.075 
-86.8529  48.8318  0.075 
-83.5131  52.9776  0.075 
-80.2452  55.9233  0.075 
-76.9356  57.2503  0.075 
-73.4718  56.5421  0.075 
-69.8584  53.6411  0.075 
-66.3324  48.9028  0.075 
-63.158  42.7427  0.075 
-60.5993  35.5766  0.075 
-58.9206  27.8201  0.075 
-58.3859  19.8889  0.075 

# Contour 11, label: 
-23  108.759  0.075 
-25.983  110.897  0.075 
-28.9576  112.525  0.075 
-31.9239  113.643  0.075 
-34.8817  114.252  0.075 
-37.8312  114.351  0.075 
-40.7723  113.94  0.075 
-43.7062  113.06  0.075 
-46.637  111.833  0.075 
-49.5686  110.393  0.075 
-52.5054  108.873  0.075 
-55.4514  107.407  0.075 
-58.4109  106.126  0.075 
-61.3844  105.113  0.075 
-64.368  104.383  0.075 
-67.3574  103.948  0.075 
-70.3484  103.821  0.075 
-73.3368  104.014  0.075 
-76.3183  104.537  0.075 
-79.2885  105.383  0.075 
-82.2426  106.535  0.075 
-85.1761  107.977  0.075 
-88.0842  109.69  0.075 
-90.9623  111.657  0.075 
-93.8072  113.855  0.075 
-96.6243  116.228  0.075 
-99.4232  118.703  0.075 
-102.213  121.211  0.075 
-105.004  123.679  0.075 
-107.804  126.037  0.075 
-110.623  128.217  0.075 
-113.469  130.186  0.075 
-116.347  131.93  0.075 
-119.263  133.435  0.075 
-122.225  134.688  0.075 
-125.238  135.673  0.075 
-128.29  136.457  0.075 
-131.26  137.602  0.075 
-133.987  139.853  0.075 
-136.372  143.619  0.075 
-138.46  148.597  0.075 
-140.31  154.397  0.075 
-141.982  160.628  0.075 
-143.536  166.905  0.075 
-145  173.032  0.075 
-146.377  179  0.075 


# Contour 12, label:     0.09
-66.7637  19.8889  0.09 
-67.5744  14.792  0.09 
-69.3542  10.3656  0.09 
-71.819  7.0115  0.09 
-74.685  5.13157  0.09 
-77.689  4.96875  0.09 
-80.6268  6.31913  0.09 
-83.3044  8.90074  0.09 
-85.5278  12.4316  0.09 
-87.1031  16.6299  0.09 
-87.5783  21.2356  0.09 
-86.4948  25.9651  0.09 
-84.6704  30.3798  0.09 
-82.2921  34.0916  0.09 
-79.5468  36.7124  0.09 
-76.6216  37.8542  0.09 
-73.7035  37.1306  0.09 
-71.0015  34.4403  0.09 
-68.7703  30.2846  0.09 
-67.2708  25.2415  0.09 
-66.7637  19.8889  0.09 

# Contour 13, label: 
-23  153.745  0.09 
-27.8403  158.443  0.09 
-31.9088  161.012  0.09 
-35.2055  161.455  0.09 
-37.7305  159.77  0.09 
-39.4837  155.959  0.09 
-40.4783  150.048  0.09 
-41.097  142.864  0.09 
-42.1164  136.087  0.09 
-43.8789  130.529  0.09 
-46.2517  126.049  0.09 
-49.0801  122.464  0.09 
-52.2092  119.588  0.09 
-55.4841  117.237  0.09 
-58.7529  115.232  0.09 
-61.9396  113.522  0.09 
-65.0501  112.196  0.09 
-68.0942  111.349  0.09 
-71.082  111.077  0.09 
-74.0234  111.475  0.09 
-76.9296  112.61  0.09 
-79.8195  114.382  0.09 
-82.7144  116.637  0.09 
-85.6356  119.219  0.09 
-88.6044  121.975  0.09 
-91.6422  124.748  0.09 
-94.7352  127.462  0.09 
-97.7535  130.3  0.09 
-100.544  133.497  0.09 
-102.951  137.29  0.09 
-104.828  141.906  0.09 
-106.103  147.455  0.09 
-106.774  153.938  0.09 
-106.841  161.357  0.09 
-106.305  169.711  0.09 
-105.164  179  0.09 


# Contour 14, label:     0.12
-72.7253  179  0.12 
-71.0993  176.499  0.12 
-69.3573  173.588  0.12 
-67.4992  170.265  0.12 
-65.525  166.53  0.12 
-63.4348  162.384  0.12 
-61.2286  157.827  0.12 
-58.9063  152.859  0.12 
-56.4767  147.485  0.12 
-54.6023  142.121  0.12 
-55.002  137.852  0.12 
-57.5948  134.848  0.12 
-60.3213  132.225  0.12 
-62.902  129.928  0.12 
-65.3904  128.057  0.12 
-67.8401  126.714  0.12 
-70.3047  125.998  0.12 
-72.8379  126.009  0.12 
-75.4904  126.847  0.12 
-78.2157  128.515  0.12 
-80.8511  130.911  0.12 
-83.227  133.922  0.12 
-85.1736  137.439  0.12 
-86.4618  141.399  0.12 
-87.0188  145.744  0.12 
-86.8976  150.431  0.12 
-86.0984  155.46  0.12 
-84.6211  160.832  0.12 
-82.4657  166.545  0.12 
-79.6321  172.602  0.12 
-76.1205  179  0.12 


# Contour 15, label:     0.14
-69.1212  139.222  0.14 
-69.6551  137.849  0.14 
-70.4837  136.873  0.14 
-71.5253  136.276  0.14 
-72.6979  136.04  0.14 
-73.9197  136.148  0.14 
-75.1058  136.587  0.14 
-76.1359  137.417  0.14 
-76.8665  138.743  0.14 
-77.1159  140.68  0.14 
-76.9218  143.016  0.14 
-76.3877  145.393  0.14 
-75.5976  147.47  0.14 
-74.6354  148.901  0.14 
-73.5743  149.238  0.14 
-72.4919  148.588  0.14 
-71.4582  147.231  0.14 
-70.5386  145.391  0.14 
-69.7988  143.294  0.14 
-69.3045  141.163  0.14 
-69.1212  139.222  0.14 


# Surface 1 of 2 surfaces
