10 54.8569842  55.0120335  54.8197729
11 50.9077333  51.0636827  51.4616744
12 46.2731425  46.4348690  45.6974475
13 48.0194540  47.6049186  47.9086678
14 49.1490155  48.8840250  49.1195857
15 48.9858281  48.3241818  48.7074654
16 55.2758562  55.5458427  55.5076687
17 51.7470250  52.0791679  51.9333673
18 51.8069238  52.1394512  51.9934819
19 53.8237443  53.6303902  53.8378663
1 51.7596477  52.0918716  51.9460355
20 51.9176691  52.2509072  52.2297752
21 47.0320172  46.5491373  46.1500530
22 50.0483169  49.8424375  50.2257373
23 49.8707923  49.4332365  49.7184247
24 51.2953770  50.9544321  51.3515722
25 52.9794433  53.1191895  53.0649404
26 54.7320773  54.8867735  54.6949507
27 50.9306835  51.0867032  51.4848743
28 46.2832410  46.4450028  45.7074203
29 47.9958561  47.5815246  47.8851244
2 51.8477481  52.1805375  52.0344531
30 49.2053322  48.9400380  49.1758686
31 48.9191300  48.2583847  48.6411463
32 55.2925998  55.5626682  55.5244825
3 53.8431581  53.6497343  53.8572853
4 51.9801792  52.3138186  52.2926612
5 46.9763349  46.4940267  46.0954149
6 50.0475870  49.8417107  50.2250048
7 49.7765425  49.3398136  49.6244629
8 51.2971259  50.9561694  51.3533231
9 52.9883745  53.1281442  53.0738860
