
# Surface 0 of 2 surfaces

# Curve title: ""P_CONT_1" using 1:2:4"

# Contour 0, label:     0.04
-125.759 -179  0.04 
-142.778 -175.279  0.04 
-148.502 -179  0.04 


# Contour 1, label:    0.045
-79.8445 -179  0.045 
-91.4444 -170.42  0.045 
-108.556 -163.835  0.045 
-125.667 -162.617  0.045 
-142.778 -160.389  0.045 
-159.889 -169.588  0.045 
-165.453 -179  0.045 

# Contour 2, label: 
-53.5064 -179  0.045 
-57.2222 -172.123  0.045 
-68.6313 -179  0.045 


# Contour 3, label:     0.05
-126.988 -19.8889  0.05 
-142.778 -51.3737  0.05 
-159.889 -28.1545  0.05 
-161.967 -19.8889  0.05 
-159.889 -16.4939  0.05 
-142.778 -15.4871  0.05 
-126.988 -19.8889  0.05 

# Contour 4, label: 
-123.674 -59.6667  0.05 
-125.667 -60.4346  0.05 
-127.664 -59.6667  0.05 
-125.667 -47.9804  0.05 
-123.674 -59.6667  0.05 

# Contour 5, label: 
-46.2227 -179  0.05 
-57.2222 -158.644  0.05 
-74.3333 -164.606  0.05 
-91.4444 -154.432  0.05 
-108.556 -148.308  0.05 
-125.667 -146.211  0.05 
-142.778 -145.499  0.05 
-159.889 -150.871  0.05 
-176.516 -179  0.05 


# Contour 6, label:    0.055
-112.157  59.6667  0.055 
-125.667  55.9833  0.055 
-142.778  50.9926  0.055 
-159.889  34.8356  0.055 
-168.276  59.6667  0.055 
-159.889  81.4552  0.055 
-149.69  99.4444  0.055 
-142.778  102.554  0.055 
-125.667  99.8911  0.055 
-123.683  99.4444  0.055 
-112.157  59.6667  0.055 

# Contour 7, label: 
-177 -134.257  0.055 
-161.236 -99.4444  0.055 
-177 -70.227  0.055 

# Contour 8, label: 
-35.2045 -179  0.055 
-40.1111 -171.295  0.055 
-57.2222 -145.165  0.055 
-74.3333 -145.286  0.055 
-89.1458 -139.222  0.055 
-91.4444 -136.024  0.055 
-108.556 -109.538  0.055 
-121.169 -99.4444  0.055 
-108.556 -93.8295  0.055 
-91.4444 -77.1017  0.055 
-74.3333 -69.3624  0.055 
-57.2222 -77.0771  0.055 
-41.9162 -59.6667  0.055 
-57.2222 -33.8228  0.055 
-74.3333 -55.3755  0.055 
-91.4444 -49.9932  0.055 
-105.356 -19.8889  0.055 
-108.556 -16.0206  0.055 
-125.667 -12.0311  0.055 
-142.778 -7.29001  0.055 
-159.889  11.012  0.055 
-177 -16.3912  0.055 


# Contour 9, label:     0.06
-177  16.2813  0.06 
-174.601  19.8889  0.06 
-177  27.8357  0.06 

# Contour 10, label: 
-23 -44.8783  0.06 
-31.323 -19.8889  0.06 
-40.1111 -13.3379  0.06 
-57.2222 -11.6408  0.06 
-62.9649 -19.8889  0.06 
-74.3333 -40.196  0.06 
-91.4444 -27.7446  0.06 
-95.0746 -19.8889  0.06 
-108.556 -3.59205  0.06 
-125.667 -3.80355  0.06 
-142.778  0.907049  0.06 
-156.017  19.8889  0.06 
-142.778  41.6118  0.06 
-125.667  46.6798  0.06 
-108.556  46.8854  0.06 
-101.504  59.6667  0.06 
-91.4444  99.3814  0.06 
-91.4128  99.4444  0.06 
-91.4444  99.4529  0.06 
-108.556  104.104  0.06 
-125.667  108.866  0.06 
-142.778  112.92  0.06 
-159.889  118.144  0.06 
-174.787  99.4444  0.06 
-177  93.1739  0.06 

# Contour 11, label: 
-23 -122.009  0.06 
-31.1686 -99.4444  0.06 
-23 -86.1843  0.06 


# Contour 12, label:    0.065
-57.1905  59.6667  0.065 
-57.2222  59.6364  0.065 
-57.2353  59.6667  0.065 
-69.7104  99.4444  0.065 
-57.2222  100.254  0.065 
-52.3301  99.4444  0.065 
-57.1905  59.6667  0.065 

# Contour 13, label: 
-23 -6.18802  0.065 
-40.1111  3.14867  0.065 
-57.2222  0.564517  0.065 
-71.4628 -19.8889  0.065 
-74.3333 -25.0165  0.065 
-80.2032 -19.8889  0.065 
-91.4444 -14.6309  0.065 
-108.556  8.8365  0.065 
-125.667  4.42401  0.065 
-142.778  9.10411  0.065 
-150.3  19.8889  0.065 
-142.778  32.2311  0.065 
-125.667  37.3762  0.065 
-108.556  32.5961  0.065 
-93.6213  59.6667  0.065 
-91.4444  68.2603  0.065 
-75.8044  99.4444  0.065 
-91.4444  103.639  0.065 
-108.556  111.616  0.065 
-125.667  117.84  0.065 
-142.778  123.286  0.065 
-156.557  139.222  0.065 
-159.889  150.606  0.065 
-167.846  139.222  0.065 
-177  126.574  0.065 


# Contour 14, label:     0.07
-110.469  19.8889  0.07 
-125.667  12.6516  0.07 
-142.778  17.3012  0.07 
-144.583  19.8889  0.07 
-142.778  22.8503  0.07 
-125.667  28.0727  0.07 
-110.469  19.8889  0.07 

# Contour 15, label: 
-161.67  179  0.07 
-177  158.229  0.07 

# Contour 16, label: 
-23  73.584  0.07 
-29.175  99.4444  0.07 
-40.1111  103.35  0.07 
-57.2222  103.432  0.07 
-74.3333  101.682  0.07 
-91.4444  107.826  0.07 
-108.556  119.128  0.07 
-125.667  126.815  0.07 
-142.778  133.651  0.07 
-147.594  139.222  0.07 
-158.973  179  0.07 

# Contour 17, label: 
-23  15.7798  0.07 
-40.1111  19.6352  0.07 
-57.2222  12.7698  0.07 
-74.3333 -16.3162  0.07 
-91.4444 -6.50308  0.07 
-107.991  19.8889  0.07 
-91.4444  52.4156  0.07 
-81.9221  59.6667  0.07 
-74.3333  75.1438  0.07 
-68.0783  59.6667  0.07 
-57.2222  34.5319  0.07 
-40.1111  21.5631  0.07 
-23  44.8826  0.07 


# Contour 18, label:    0.075
-58.3859  19.8889  0.075 
-74.3333 -10.921  0.075 
-91.4444  1.62473  0.075 
-102.895  19.8889  0.075 
-91.4444  42.3985  0.075 
-74.3333  56.9227  0.075 
-58.3859  19.8889  0.075 

# Contour 19, label: 
-23  108.759  0.075 
-40.1111  114.077  0.075 
-57.2222  106.61  0.075 
-74.3333  104.151  0.075 
-91.4444  112.012  0.075 
-108.556  126.639  0.075 
-125.667  135.789  0.075 
-133.412  139.222  0.075 
-142.778  163.812  0.075 
-146.377  179  0.075 


# Contour 20, label:     0.08
-61.1785  19.8889  0.08 
-74.3333 -5.52586  0.08 
-91.4444  9.75254  0.08 
-97.7996  19.8889  0.08 
-91.4444  32.3814  0.08 
-74.3333  50.4376  0.08 
-61.1785  19.8889  0.08 

# Contour 21, label: 
-23  120.484  0.08 
-40.1111  124.803  0.08 
-57.2222  109.788  0.08 
-74.3333  106.621  0.08 
-91.4444  116.199  0.08 
-108.556  134.151  0.08 
-117.492  139.222  0.08 
-125.667  162.811  0.08 
-132.038  179  0.08 


# Contour 22, label:     0.09
-66.7637  19.8889  0.09 
-74.3333  5.26449  0.09 
-87.7249  19.8889  0.09 
-74.3333  37.4675  0.09 
-66.7637  19.8889  0.09 

# Contour 23, label: 
-23  153.745  0.09 
-40.1111  153.006  0.09 
-41.5283  139.222  0.09 
-57.2222  116.144  0.09 
-74.3333  111.561  0.09 
-91.4444  124.572  0.09 
-103.856  139.222  0.09 
-105.164  179  0.09 


# Contour 24, label:      0.1
-72.3488  19.8889  0.1 
-74.3333  16.0548  0.1 
-77.8442  19.8889  0.1 
-74.3333  24.4975  0.1 
-72.3488  19.8889  0.1 

# Contour 25, label: 
-53.5205  179  0.1 
-45.8505  139.222  0.1 
-57.2222  122.5  0.1 
-74.3333  116.501  0.1 
-91.4444  132.945  0.1 
-96.7627  139.222  0.1 
-94.7309  179  0.1 


# Contour 26, label:     0.12
-72.7253  179  0.12 
-57.2222  149.16  0.12 
-54.495  139.222  0.12 
-57.2222  135.212  0.12 
-74.3333  126.38  0.12 
-85.8876  139.222  0.12 
-76.1205  179  0.12 


# Surface 1 of 2 surfaces
