
# Surface 0 of 1 surfaces

# Curve title: ""../GalNAc/GNC_2D_NOSum-ONO.txt" using 1:2:6"
# Contour 0, label:    0.004
 6.57862  59.5  0.004 
 6.575  59.3429  0.004 
 6.525  58.5776  0.004 
 6.495  58.5  0.004 
 6.475  58.4878  0.004 
 6.4733  58.5  0.004 
 6.425  58.75  0.004 
 6.375  58.7387  0.004 
 6.325  59.1434  0.004 
 6.27937  59.5  0.004 
 6.275  59.534  0.004 
 6.225  59.6245  0.004 
 6.175  59.8739  0.004 
 6.125  60.2873  0.004 
 6.10729  60.5  0.004 
 6.075  60.9241  0.004 
 6.03077  61.5  0.004 
 6.025  61.5798  0.004 
 5.975  62.229  0.004 
 5.96293  62.5  0.004 
 5.925  63.3793  0.004 
 5.92164  63.5  0.004 
 5.925  63.6467  0.004 
 5.975  64.2076  0.004 
 5.98837  64.5  0.004 
 6.025  64.7258  0.004 
 6.075  64.5848  0.004 
 6.125  64.5703  0.004 
 6.13431  64.5  0.004 
 6.175  64.2083  0.004 
 6.225  64.2565  0.004 
 6.275  63.5228  0.004 
 6.28316  63.5  0.004 
 6.325  63.187  0.004 
 6.35821  62.5  0.004 
 6.375  62.2742  0.004 
 6.425  62.1091  0.004 
 6.46815  61.5  0.004 
 6.475  61.3321  0.004 
 6.5079  60.5  0.004 
 6.525  59.8863  0.004 
 6.575  59.6217  0.004 
 6.57862  59.5  0.004 


# Contour 1, label:    0.002
 6.95406  55.5  0.002 
 6.925  54.9839  0.002 
 6.875  54.6377  0.002 
 6.825  54.5801  0.002 
 6.775  54.5255  0.002 
 6.76159  54.5  0.002 
 6.725  54.4578  0.002 
 6.71694  54.5  0.002 
 6.675  54.7932  0.002 
 6.625  54.9874  0.002 
 6.575  55.1229  0.002 
 6.525  55.4123  0.002 
 6.49088  55.5  0.002 
 6.475  55.534  0.002 
 6.425  55.9537  0.002 
 6.375  56.0815  0.002 
 6.3323  56.5  0.002 
 6.325  56.5763  0.002 
 6.275  56.8386  0.002 
 6.225  57.0916  0.002 
 6.175  57.4492  0.002 
 6.1698  57.5  0.002 
 6.125  57.8456  0.002 
 6.075  58.1896  0.002 
 6.04127  58.5  0.002 
 6.025  58.6332  0.002 
 5.975  59.0766  0.002 
 5.93406  59.5  0.002 
 5.925  59.617  0.002 
 5.87517  60.5  0.002 
 5.875  60.5032  0.002 
 5.82516  61.5  0.002 
 5.825  61.5045  0.002 
 5.7977  62.5  0.002 
 5.78204  63.5  0.002 
 5.78076  64.5  0.002 
 5.775  65.4412  0.002 
 5.77459  65.5  0.002 
 5.775  65.5201  0.002 
 5.79892  66.5  0.002 
 5.825  67.0216  0.002 
 5.86373  67.5  0.002 
 5.875  67.6296  0.002 
 5.925  67.7916  0.002 
 5.975  67.9278  0.002 
 6.025  67.8219  0.002 
 6.075  67.6815  0.002 
 6.09566  67.5  0.002 
 6.125  67.3066  0.002 
 6.175  67.1798  0.002 
 6.225  66.6925  0.002 
 6.24787  66.5  0.002 
 6.275  66.2662  0.002 
 6.325  65.6762  0.002 
 6.34661  65.5  0.002 
 6.375  65.3235  0.002 
 6.425  64.7771  0.002 
 6.44835  64.5  0.002 
 6.475  64.2721  0.002 
 6.525  63.8288  0.002 
 6.54877  63.5  0.002 
 6.575  63.1563  0.002 
 6.625  62.5458  0.002 
 6.62791  62.5  0.002 
 6.675  61.6791  0.002 
 6.69434  61.5  0.002 
 6.725  61.1895  0.002 
 6.76179  60.5  0.002 
 6.775  60.2423  0.002 
 6.82289  59.5  0.002 
 6.825  59.4496  0.002 
 6.86957  58.5  0.002 
 6.875  58.4101  0.002 
 6.91104  57.5  0.002 
 6.925  56.9226  0.002 
 6.94261  56.5  0.002 
 6.95406  55.5  0.002 


# Contour 2, label:    0.001
 7.1877  53.5  0.001 
 7.175  53.1923  0.001 
 7.125  52.7079  0.001 
 7.09412  52.5  0.001 
 7.075  52.4463  0.001 
 7.025  52.1243  0.001 
 6.975  52.2034  0.001 
 6.925  52.2309  0.001 
 6.875  52.3063  0.001 
 6.83534  52.5  0.001 
 6.825  52.5468  0.001 
 6.775  52.7854  0.001 
 6.725  52.8782  0.001 
 6.675  53.0644  0.001 
 6.625  53.4294  0.001 
 6.59096  53.5  0.001 
 6.575  53.5333  0.001 
 6.525  53.7834  0.001 
 6.475  54.0933  0.001 
 6.425  54.2942  0.001 
 6.39621  54.5  0.001 
 6.375  54.6429  0.001 
 6.325  54.9612  0.001 
 6.275  55.2225  0.001 
 6.25496  55.5  0.001 
 6.225  55.7274  0.001 
 6.175  55.8531  0.001 
 6.125  56.3725  0.001 
 6.10652  56.5  0.001 
 6.075  56.6686  0.001 
 6.025  56.9822  0.001 
 5.975  57.4912  0.001 
 5.97432  57.5  0.001 
 5.925  58.0558  0.001 
 5.88725  58.5  0.001 
 5.875  58.633  0.001 
 5.82904  59.5  0.001 
 5.825  59.5645  0.001 
 5.775  60.4003  0.001 
 5.76975  60.5  0.001 
 5.73807  61.5  0.001 
 5.725  62.3623  0.001 
 5.72177  62.5  0.001 
 5.69777  63.5  0.001 
 5.69457  64.5  0.001 
 5.69564  65.5  0.001 
 5.70554  66.5  0.001 
 5.725  67.4875  0.001 
 5.72522  67.5  0.001 
 5.7629  68.5  0.001 
 5.775  68.6625  0.001 
 5.825  69.3671  0.001 
 5.84266  69.5  0.001 
 5.875  69.7641  0.001 
 5.925  69.8205  0.001 
 5.975  69.8156  0.001 
 6.025  69.763  0.001 
 6.05261  69.5  0.001 
 6.075  69.3462  0.001 
 6.125  69.072  0.001 
 6.175  68.8498  0.001 
 6.20398  68.5  0.001 
 6.225  68.3096  0.001 
 6.275  68.1332  0.001 
 6.325  67.5818  0.001 
 6.33333  67.5  0.001 
 6.375  67.1362  0.001 
 6.41268  66.5  0.001 
 6.425  66.3557  0.001 
 6.475  66.0041  0.001 
 6.525  65.5645  0.001 
 6.52886  65.5  0.001 
 6.575  64.8704  0.001 
 6.61088  64.5  0.001 
 6.625  64.3389  0.001 
 6.675  63.788  0.001 
 6.69193  63.5  0.001 
 6.725  63.0571  0.001 
 6.775  62.5716  0.001 
 6.77907  62.5  0.001 
 6.825  61.6739  0.001 
 6.83662  61.5  0.001 
 6.875  60.7417  0.001 
 6.88731  60.5  0.001 
 6.925  59.9406  0.001 
 6.96423  59.5  0.001 
 6.975  59.3191  0.001 
 7.02459  58.5  0.001 
 7.025  58.4936  0.001 
 7.075  57.5388  0.001 
 7.0765  57.5  0.001 
 7.11012  56.5  0.001 
 7.125  56.1445  0.001 
 7.15198  55.5  0.001 
 7.175  54.8054  0.001 
 7.18643  54.5  0.001 
 7.1877  53.5  0.001 


# Contour 3, label:   0.0005
 6.525  66.9155  0.0005 
 6.55703  66.5  0.0005 
 6.575  66.2326  0.0005 
 6.625  65.5  0.0005 
 6.675  65.0981  0.0005 
 6.71786  64.5  0.0005 
 6.725  64.3905  0.0005 
 6.775  63.8184  0.0005 
 6.80107  63.5  0.0005 
 6.825  63.1406  0.0005 
 6.85748  62.5  0.0005 
 6.875  62.2685  0.0005 
 6.925  61.7867  0.0005 
 6.94237  61.5  0.0005 
 6.975  60.9744  0.0005 
 7.00794  60.5  0.0005 
 7.025  60.2025  0.0005 
 7.06012  59.5  0.0005 
 7.075  59.2778  0.0005 
 7.125  58.6611  0.0005 
 7.13679  58.5  0.0005 
 7.175  57.6215  0.0005 
 7.17882  57.5  0.0005 
 7.225  56.8512  0.0005 
 7.24874  56.5  0.0005 
 7.26979  55.5  0.0005 
 7.275  55.3889  0.0005 
 7.325  54.7042  0.0005 
 7.34076  54.5  0.0005 
 7.375  53.5597  0.0005 
 7.37675  53.5  0.0005 
 7.40316  52.5  0.0005 
 7.425  51.8551  0.0005 
 7.45516  51.5  0.0005 
 7.475  50.9318  0.0005 
 7.525  50.75  0.0005 
 7.56429  50.5  0.0005 
 7.575  50.413  0.0005 
 7.625  50.0182  0.0005 
 7.675  49.8445  0.0005 
 7.70347  49.5  0.0005 
 7.725  49.1837  0.0005 
 7.775  48.8439  0.0005 
 7.80096  48.5  0.0005 
 7.825  48.1894  0.0005 
 7.8625  47.5  0.0005 

 7.8625  47.5  0.0005 
 7.825  46.5263  0.0005 
 7.8241  46.5  0.0005 
 7.775  45.7442  0.0005 
 7.725  46.0815  0.0005 
 7.67653  46.5  0.0005 
 7.675  46.5256  0.0005 
 7.625  47.0139  0.0005 
 7.575  47.5  0.0005 
 7.58915  48.5  0.0005 
 7.575  48.6923  0.0005 
 7.525  48.5395  0.0005 
 7.48352  49.5  0.0005 
 7.475  49.9412  0.0005 
 7.46853  49.5  0.0005 
 7.425  48.9656  0.0005 
 7.38674  49.5  0.0005 
 7.375  49.9921  0.0005 
 7.325  49.8924  0.0005 
 7.275  49.9061  0.0005 
 7.225  50.1667  0.0005 
 7.175  50.1554  0.0005 
 7.125  50.1138  0.0005 
 7.075  50.4026  0.0005 
 7.06061  50.5  0.0005 
 7.025  50.6464  0.0005 
 6.99094  50.5  0.0005 
 6.975  50.4286  0.0005 
 6.9672  50.5  0.0005 
 6.925  50.9343  0.0005 
 6.875  51.0821  0.0005 
 6.825  51.0845  0.0005 
 6.775  51.4833  0.0005 
 6.77296  51.5  0.0005 
 6.725  51.735  0.0005 
 6.675  51.7765  0.0005 
 6.625  52.1256  0.0005 
 6.575  52.3247  0.0005 
 6.55833  52.5  0.0005 
 6.525  52.7042  0.0005 
 6.475  52.8616  0.0005 
 6.425  53.2674  0.0005 
 6.40061  53.5  0.0005 
 6.375  53.6315  0.0005 
 6.325  53.7957  0.0005 
 6.275  54.0501  0.0005 
 6.23246  54.5  0.0005 
 6.225  54.5997  0.0005 
 6.175  54.7654  0.0005 
 6.125  55.0237  0.0005 
 6.075  55.3273  0.0005 
 6.05934  55.5  0.0005 
 6.025  55.9181  0.0005 
 5.975  56.3241  0.0005 
 5.95048  56.5  0.0005 
 5.925  56.7008  0.0005 
 5.875  57.3429  0.0005 
 5.86194  57.5  0.0005 
 5.825  57.8021  0.0005 
 5.7901  58.5  0.0005 
 5.775  58.8547  0.0005 
 5.73593  59.5  0.0005 
 5.725  59.7063  0.0005 
 5.69944  60.5  0.0005 
 5.68148  61.5  0.0005 
 5.675  61.7409  0.0005 
 5.64849  62.5  0.0005 
 5.62883  63.5  0.0005 
 5.625  63.7245  0.0005 
 5.61557  64.5  0.0005 
 5.6222  65.5  0.0005 
 5.625  65.7025  0.0005 
 5.635  66.5  0.0005 
 5.64867  67.5  0.0005 
 5.675  68.2207  0.0005 
 5.68111  68.5  0.0005 
 5.70064  69.5  0.0005 
 5.725  70.1169  0.0005 
 5.74549  70.5  0.0005 
 5.775  70.8602  0.0005 
 5.825  71.1159  0.0005 
 5.875  71.2509  0.0005 
 5.925  71.5  0.0005 
 5.975  71.2033  0.0005 
 6.025  71.2621  0.0005 
 6.075  71.0155  0.0005 
 6.125  70.6943  0.0005 
 6.15128  70.5  0.0005 
 6.175  70.3645  0.0005 
 6.225  69.8216  0.0005 
 6.2527  69.5  0.0005 
 6.275  69.3295  0.0005 
 6.325  68.8272  0.0005 
 6.36553  68.5  0.0005 
 6.375  68.4286  0.0005 
 6.425  67.95  0.0005 
 6.475  67.6706  0.0005 
 6.48638  67.5  0.0005 
 6.525  66.9155  0.0005 

 7.925  46.5  0.0005 
 7.90754  45.5  0.0005 
 7.875  45.1894  0.0005 
 7.825  44.8407  0.0005 
 7.79845  45.5  0.0005 
 7.825  46.4524  0.0005 
 7.831  46.5  0.0005 
 7.875  46.8729  0.0005 
 7.925  46.5  0.0005 


# Contour 4, label:   0.0001
 5.675  72.5526  0.0001 
 5.71591  73.5  0.0001 
 5.725  73.9  0.0001 
 5.775  74.1129  0.0001 
 5.825  74.2037  0.0001 
 5.875  74.3571  0.0001 
 5.925  74.3404  0.0001 
 5.975  73.9848  0.0001 
 6.025  73.9691  0.0001 
 6.075  73.7247  0.0001 
 6.11346  73.5  0.0001 
 6.125  73.125  0.0001 
 6.175  72.8333  0.0001 
 6.221  72.5  0.0001 
 6.225  72.4818  0.0001 
 6.275  72.1316  0.0001 
 6.323  71.5  0.0001 
 6.325  71.4794  0.0001 
 6.375  71.14  0.0001 
 6.4004  70.5  0.0001 
 6.425  70.2721  0.0001 
 6.475  69.6429  0.0001 
 6.48409  69.5  0.0001 
 6.525  69.3085  0.0001 
 6.575  68.8171  0.0001 
 6.59907  68.5  0.0001 
 6.625  68.2053  0.0001 
 6.66908  67.5  0.0001 
 6.675  67.4302  0.0001 
 6.725  66.9872  0.0001 
 6.775  66.6176  0.0001 
 6.78167  66.5  0.0001 
 6.81923  65.5  0.0001 
 6.825  65.4155  0.0001 
 6.875  65.0921  0.0001 
 6.90761  64.5  0.0001 
 6.925  64.2447  0.0001 
 6.975  63.5702  0.0001 
 6.98125  63.5  0.0001 
 7.025  62.7632  0.0001 
 7.06667  62.5  0.0001 
 7.075  62.45  0.0001 
 7.113  61.5  0.0001 
 7.125  61.4221  0.0001 
 7.175  61.2  0.0001 
 7.20466  60.5  0.0001 
 7.225  60.1364  0.0001 
 7.26875  59.5  0.0001 
 7.275  59.3636  0.0001 
 7.325  58.5526  0.0001 
 7.32593  58.5  0.0001 
 7.375  57.6587  0.0001 
 7.38294  57.5  0.0001 
 7.425  56.774  0.0001 
 7.44167  56.5  0.0001 
 7.475  55.8651  0.0001 
 7.525  55.5526  0.0001 
 7.52735  55.5  0.0001 
 7.56085  54.5  0.0001 
 7.575  54.3558  0.0001 
 7.625  53.625  0.0001 
 7.65833  53.5  0.0001 
 7.675  53.42  0.0001 
 7.725  52.5213  0.0001 
 7.72656  52.5  0.0001 
 7.775  51.6842  0.0001 
 7.825  51.8485  0.0001 
 7.84755  51.5  0.0001 
 7.875  51.1706  0.0001 
 7.925  50.5526  0.0001 
 7.93026  50.5  0.0001 
 7.975  49.7766  0.0001 
 7.98602  49.5  0.0001 
 8.025  48.803  0.0001 
 8.07045  48.5  0.0001 
 8.075  48.4683  0.0001 
 8.125  47.5227  0.0001 
 8.12622  47.5  0.0001 
 8.175  46.7  0.0001 
 8.18443  46.5  0.0001 
 8.225  45.5851  0.0001 
 8.22926  45.5  0.0001 
 8.275  44.5851  0.0001 
 8.283  44.5  0.0001 
 8.30795  43.5  0.0001 
 8.325  42.8182  0.0001 
 8.33083  42.5  0.0001 

 8.33083  42.5  0.0001 
 8.325  42.25  0.0001 
 8.275  42.3409  0.0001 
 8.22988  41.5  0.0001 
 8.225  41.25  0.0001 
 8.21389  40.5  0.0001 
 8.175  39.7632  0.0001 
 8.145  39.5  0.0001 
 8.125  39.3734  0.0001 
 8.11364  39.5  0.0001 
 8.075  40.2727  0.0001 
 8.05887  40.5  0.0001 
 8.025  40.7386  0.0001 
 7.975  40.6682  0.0001 
 7.95893  40.5  0.0001 
 7.925  39.9493  0.0001 
 7.88182  40.5  0.0001 
 7.875  40.5706  0.0001 
 7.825  40.8947  0.0001 
 7.775  40.6714  0.0001 
 7.725  41.3939  0.0001 
 7.68611  41.5  0.0001 
 7.675  41.5714  0.0001 
 7.649  42.5  0.0001 
 7.625  42.6818  0.0001 
 7.575  42.6915  0.0001 
 7.54435  43.5  0.0001 
 7.525  43.9528  0.0001 
 7.475  44.24  0.0001 
 7.45588  44.5  0.0001 
 7.425  44.7165  0.0001 
 7.375  45.36  0.0001 
 7.365  45.5  0.0001 
 7.325  45.8544  0.0001 
 7.275  46.1296  0.0001 
 7.26071  46.5  0.0001 
 7.225  47.3333  0.0001 
 7.175  47.1  0.0001 
 7.125  47.4079  0.0001 
 7.075  47.4365  0.0001 
 7.0713  47.5  0.0001 
 7.025  48.0682  0.0001 
 6.975  48.3889  0.0001 
 6.9625  48.5  0.0001 
 6.925  48.78  0.0001 
 6.875  48.7727  0.0001 
 6.825  48.9068  0.0001 
 6.775  49.226  0.0001 
 6.725  49.4079  0.0001 
 6.71646  49.5  0.0001 
 6.675  49.8736  0.0001 
 6.625  50.2778  0.0001 
 6.575  50.4857  0.0001 
 6.57328  50.5  0.0001 
 6.525  50.7617  0.0001 
 6.475  50.8805  0.0001 
 6.425  51.0227  0.0001 
 6.37727  51.5  0.0001 
 6.375  51.522  0.0001 
 6.325  51.8069  0.0001 
 6.28382  52.5  0.0001 
 6.275  52.5955  0.0001 
 6.225  52.6034  0.0001 
 6.175  52.6412  0.0001 
 6.125  53.4787  0.0001 
 6.12273  53.5  0.0001 
 6.075  53.6419  0.0001 
 6.025  53.9953  0.0001 
 5.975  54.0636  0.0001 
 5.94676  54.5  0.0001 
 5.925  54.8364  0.0001 
 5.875  54.9797  0.0001 
 5.84591  55.5  0.0001 
 5.825  56.1133  0.0001 
 5.78357  56.5  0.0001 
 5.775  56.6111  0.0001 
 5.725  57.2949  0.0001 
 5.71474  57.5  0.0001 
 5.675  58.2045  0.0001 
 5.65616  58.5  0.0001 
 5.63981  59.5  0.0001 
 5.625  60.1667  0.0001 
 5.60539  60.5  0.0001 
 5.58588  61.5  0.0001 
 5.575  61.8663  0.0001 
 5.54765  62.5  0.0001 
 5.53788  63.5  0.0001 
 5.53049  64.5  0.0001 
 5.53017  65.5  0.0001 
 5.52584  66.5  0.0001 
 5.53481  67.5  0.0001 
 5.54621  68.5  0.0001 
 5.56646  69.5  0.0001 
 5.575  69.6842  0.0001 
 5.5899  70.5  0.0001 
 5.61234  71.5  0.0001 
 5.625  71.8333  0.0001 
 5.67378  72.5  0.0001 
 5.675  72.5526  0.0001 

 9.28026  37.5  0.0001 
 9.275  37.25  0.0001 
 9.26929  37.5  0.0001 
 9.275  37.6143  0.0001 
 9.28026  37.5  0.0001 

 9.65227  22.5  0.0001 
 9.625  21.5769  0.0001 
 9.61223  22.5  0.0001 
 9.58  23.5  0.0001 
 9.625  23.7195  0.0001 
 9.65312  23.5  0.0001 
 9.65227  22.5  0.0001 

 9.83883  24.5  0.0001 
 9.825  23.9091  0.0001 
 9.775  24.3182  0.0001 
 9.74286  23.5  0.0001 
 9.725  23.2872  0.0001 
 9.68564  22.5  0.0001 
 9.691  21.5  0.0001 
 9.675  21.18  0.0001 
 9.625  21.4714  0.0001 
 9.575  21.1596  0.0001 
 9.54643  21.5  0.0001 
 9.54198  22.5  0.0001 
 9.525  23.0806  0.0001 
 9.48167  23.5  0.0001 
 9.475  23.7222  0.0001 
 9.44167  23.5  0.0001 
 9.43409  22.5  0.0001 
 9.42606  21.5  0.0001 
 9.425  21.4756  0.0001 
 9.42273  21.5  0.0001 
 9.41591  22.5  0.0001 
 9.42  23.5  0.0001 
 9.375  23.7195  0.0001 
 9.325  24.2895  0.0001 
 9.31929  24.5  0.0001 
 9.325  24.6053  0.0001 
 9.35482  25.5  0.0001 
 9.325  25.9928  0.0001 
 9.275  25.98  0.0001 
 9.25588  26.5  0.0001 
 9.275  26.9643  0.0001 
 9.29643  27.5  0.0001 
 9.275  28.4375  0.0001 
 9.27237  28.5  0.0001 
 9.275  28.6429  0.0001 
 9.29808  29.5  0.0001 
 9.29079  30.5  0.0001 
 9.31875  31.5  0.0001 
 9.275  32.2368  0.0001 
 9.26029  32.5  0.0001 
 9.225  33.2059  0.0001 
 9.21184  33.5  0.0001 
 9.22045  34.5  0.0001 
 9.225  34.66  0.0001 
 9.24734  35.5  0.0001 
 9.275  36.1842  0.0001 
 9.325  35.9167  0.0001 
 9.375  36.1842  0.0001 
 9.39821  35.5  0.0001 
 9.425  34.8182  0.0001 
 9.475  35.0327  0.0001 
 9.52331  34.5  0.0001 
 9.525  34.3667  0.0001 
 9.575  33.7  0.0001 
 9.582  33.5  0.0001 
 9.625  32.64  0.0001 
 9.63245  32.5  0.0001 
 9.6723  31.5  0.0001 
 9.675  31.46  0.0001 
 9.71136  30.5  0.0001 
 9.675  29.54  0.0001 
 9.67287  29.5  0.0001 
 9.675  29.4286  0.0001 
 9.70266  28.5  0.0001 
 9.725  27.9324  0.0001 
 9.775  28.1842  0.0001 
 9.79597  27.5  0.0001 
 9.775  26.98  0.0001 
 9.75921  26.5  0.0001 
 9.775  25.75  0.0001 
 9.77988  25.5  0.0001 
 9.825  24.76  0.0001 
 9.83883  24.5  0.0001 


# Contour 5, label:    5e-05
 5.775  75.1842  5e-05 
 5.825  75.3125  5e-05 
 5.875  75.3723  5e-05 
 5.925  75.0833  5e-05 
 5.975  75.14  5e-05 
 6.025  74.7188  5e-05 
 6.03846  74.5  5e-05 
 6.075  74.2865  5e-05 
 6.125  74.1667  5e-05 
 6.175  73.75  5e-05 
 6.18553  73.5  5e-05 
 6.225  73.2619  5e-05 
 6.275  72.8729  5e-05 
 6.325  72.7632  5e-05 
 6.36346  72.5  5e-05 
 6.375  72.4143  5e-05 
 6.40904  71.5  5e-05 
 6.425  71.0588  5e-05 
 6.475  71.0417  5e-05 
 6.51214  70.5  5e-05 
 6.525  70.2805  5e-05 
 6.56711  69.5  5e-05 
 6.575  69.4268  5e-05 
 6.625  68.9681  5e-05 
 6.675  68.8929  5e-05 
 6.70183  68.5  5e-05 
 6.725  67.8448  5e-05 
 6.73929  67.5  5e-05 
 6.775  67.2059  5e-05 
 6.815  66.5  5e-05 
 6.825  66.217  5e-05 
 6.875  66  5e-05 
 6.90893  65.5  5e-05 
 6.925  65.2429  5e-05 
 6.96983  64.5  5e-05 
 6.975  64.4474  5e-05 
 7.025  63.9681  5e-05 
 7.06429  63.5  5e-05 
 7.075  63.3889  5e-05 
 7.125  63.0714  5e-05 
 7.13269  62.5  5e-05 
 7.175  62.114  5e-05 
 7.21768  61.5  5e-05 
 7.225  61.3125  5e-05 
 7.26214  60.5  5e-05 
 7.275  60.3302  5e-05 
 7.325  60.0079  5e-05 
 7.35463  59.5  5e-05 
 7.37222  58.5  5e-05 
 7.375  58.4524  5e-05 
 7.42262  57.5  5e-05 
 7.425  57.4589  5e-05 
 7.42895  57.5  5e-05 
 7.475  57.9861  5e-05 
 7.50278  57.5  5e-05 
 7.49062  56.5  5e-05 
 7.525  56.2105  5e-05 
 7.55676  55.5  5e-05 
 7.575  55.0303  5e-05 
 7.61929  55.5  5e-05 
 7.625  55.6053  5e-05 
 7.63125  55.5  5e-05 
 7.647  54.5  5e-05 
 7.675  54.1316  5e-05 
 7.725  53.75  5e-05 
 7.73553  53.5  5e-05 
 7.775  53.0588  5e-05 
 7.825  52.7188  5e-05 
 7.84091  52.5  5e-05 
 7.875  52.0946  5e-05 
 7.9  51.5  5e-05 
 7.925  51.2105  5e-05 
 7.975  50.8636  5e-05 
 7.99605  50.5  5e-05 
 8.025  49.6538  5e-05 
 8.075  49.8684  5e-05 
 8.08421  49.5  5e-05 
 8.125  48.6842  5e-05 
 8.14342  48.5  5e-05 
 8.175  47.9545  5e-05 
 8.19063  47.5  5e-05 
 8.225  46.7414  5e-05 
 8.24687  46.5  5e-05 
 8.275  45.9375  5e-05 
 8.325  45.5  5e-05 
 8.375  44.75  5e-05 
 8.395  44.5  5e-05 
 8.375  43.5  5e-05 
 8.3725  42.5  5e-05 
 8.36643  41.5  5e-05 
 8.375  41.0385  5e-05 
 8.39342  40.5  5e-05 
 8.375  39.5  5e-05 

 8.375  39.5  5e-05 
 8.325  39.6364  5e-05 
 8.275  39.5682  5e-05 
 8.225  39.5  5e-05 
 8.175  38.9697  5e-05 
 8.125  38.7405  5e-05 
 8.075  38.6579  5e-05 
 8.06983  38.5  5e-05 
 8.025  38.0873  5e-05 
 7.975  38.3621  5e-05 
 7.925  38.5  5e-05 
 7.875  39.1098  5e-05 
 7.825  39.5  5e-05 
 7.775  39.8623  5e-05 
 7.73349  40.5  5e-05 
 7.725  40.6364  5e-05 
 7.675  40.6579  5e-05 
 7.625  40.9737  5e-05 
 7.575  41.5  5e-05 
 7.525  42.375  5e-05 
 7.505  42.5  5e-05 
 7.475  42.8158  5e-05 
 7.425  43.1098  5e-05 
 7.39919  43.5  5e-05 
 7.375  44.1818  5e-05 
 7.34  44.5  5e-05 
 7.325  44.62  5e-05 
 7.275  44.9286  5e-05 
 7.24919  45.5  5e-05 
 7.225  46.5  5e-05 
 7.175  46.0439  5e-05 
 7.14611  46.5  5e-05 
 7.125  46.75  5e-05 
 7.075  46.6429  5e-05 
 7.025  47.5  5e-05 
 6.975  47.5952  5e-05 
 6.95625  47.5  5e-05 
 6.925  47.3148  5e-05 
 6.90776  47.5  5e-05 
 6.875  47.9222  5e-05 
 6.825  48.0439  5e-05 
 6.78017  48.5  5e-05 
 6.775  48.5411  5e-05 
 6.725  48.75  5e-05 
 6.675  48.9839  5e-05 
 6.63864  49.5  5e-05 
 6.625  49.5833  5e-05 
 6.575  49.7714  5e-05 
 6.525  50.0319  5e-05 
 6.475  50.3293  5e-05 
 6.425  50.3947  5e-05 
 6.4181  50.5  5e-05 
 6.375  50.8425  5e-05 
 6.325  51.1607  5e-05 
 6.275  51.3409  5e-05 
 6.26154  51.5  5e-05 
 6.225  51.8519  5e-05 
 6.175  52.019  5e-05 
 6.125  52.375  5e-05 
 6.10962  52.5  5e-05 
 6.075  52.7368  5e-05 
 6.02969  53.5  5e-05 
 6.025  53.528  5e-05 
 5.975  53.6091  5e-05 
 5.925  54.1286  5e-05 
 5.89545  54.5  5e-05 
 5.875  54.5732  5e-05 
 5.825  55.3947  5e-05 
 5.81731  55.5  5e-05 
 5.775  55.8333  5e-05 
 5.73571  56.5  5e-05 
 5.725  56.6538  5e-05 
 5.68269  57.5  5e-05 
 5.675  57.6364  5e-05 
 5.625  58.3293  5e-05 
 5.615  58.5  5e-05 
 5.6128  59.5  5e-05 
 5.575  60.12  5e-05 
 5.54435  60.5  5e-05 
 5.54079  61.5  5e-05 
 5.52628  62.5  5e-05 
 5.525  62.6579  5e-05 
 5.49919  63.5  5e-05 
 5.49083  64.5  5e-05 
 5.49964  65.5  5e-05 
 5.49462  66.5  5e-05 
 5.49815  67.5  5e-05 
 5.49527  68.5  5e-05 
 5.50395  69.5  5e-05 
 5.525  70.0714  5e-05 
 5.54435  70.5  5e-05 
 5.575  71.1786  5e-05 
 5.5807  71.5  5e-05 
 5.575  72.5  5e-05 
 5.61929  73.5  5e-05 
 5.625  73.6053  5e-05 
 5.675  74.5  5e-05 
 5.725  75.2857  5e-05 
 5.775  75.1842  5e-05 

 9.131  36.5  5e-05 
 9.125  36.3421  5e-05 
 9.11983  36.5  5e-05 
 9.125  36.5938  5e-05 
 9.131  36.5  5e-05 

 9.225  20.5  5e-05 

 9.59062  15.5  5e-05 
 9.575  15.3039  5e-05 
 9.55776  15.5  5e-05 
 9.575  15.9  5e-05 
 9.59062  15.5  5e-05 

 9.69  19.5  5e-05 
 9.675  19.0714  5e-05 
 9.66346  19.5  5e-05 
 9.675  19.6579  5e-05 
 9.69  19.5  5e-05 

 9.85904  17.5  5e-05 
 9.825  16.7727  5e-05 
 9.7875  16.5  5e-05 
 9.775  15.9286  5e-05 
 9.76447  16.5  5e-05 
 9.725  16.9839  5e-05 
 9.68289  17.5  5e-05 
 9.725  18.14  5e-05 
 9.775  17.5  5e-05 
 9.78438  18.5  5e-05 
 9.825  19.02  5e-05 
 9.84357  18.5  5e-05 
 9.85904  17.5  5e-05 

 9.93269  23.5  5e-05 
 9.925  23.25  5e-05 
 9.90962  23.5  5e-05 
 9.875  23.86  5e-05 
 9.866  23.5  5e-05 
 9.85049  22.5  5e-05 
 9.875  21.5  5e-05 
 9.825  20.7195  5e-05 
 9.79038  20.5  5e-05 
 9.801  19.5  5e-05 
 9.775  18.6875  5e-05 
 9.725  19.0625  5e-05 
 9.69038  18.5  5e-05 
 9.675  17.9286  5e-05 
 9.625  18.5  5e-05 
 9.61818  17.5  5e-05 
 9.575  16.9412  5e-05 
 9.54706  17.5  5e-05 
 9.525  18.5  5e-05 
 9.49107  19.5  5e-05 
 9.475  19.68  5e-05 
 9.425  19.7308  5e-05 
 9.40776  20.5  5e-05 
 9.375  20.8958  5e-05 
 9.325  20.5  5e-05 
 9.30658  21.5  5e-05 
 9.275  22.5  5e-05 
 9.225  23.1316  5e-05 
 9.19808  23.5  5e-05 
 9.175  23.7727  5e-05 
 9.14919  24.5  5e-05 
 9.15083  25.5  5e-05 
 9.175  26.2073  5e-05 
 9.18963  26.5  5e-05 
 9.175  26.7727  5e-05 
 9.125  26.6364  5e-05 
 9.10479  27.5  5e-05 
 9.11071  28.5  5e-05 
 9.125  28.8448  5e-05 
 9.14167  29.5  5e-05 
 9.14545  30.5  5e-05 
 9.15312  31.5  5e-05 
 9.125  32.1923  5e-05 
 9.11447  32.5  5e-05 
 9.10658  33.5  5e-05 
 9.09107  34.5  5e-05 
 9.075  34.68  5e-05 
 9.03839  35.5  5e-05 
 9.04329  36.5  5e-05 
 9.025  37.2895  5e-05 
 9.01731  37.5  5e-05 
 9.025  37.75  5e-05 
 9.075  38.4062  5e-05 
 9.07969  38.5  5e-05 
 9.075  38.6579  5e-05 
 9.025  39.25  5e-05 
 8.99773  38.5  5e-05 
 8.975  38.1875  5e-05 
 8.95937  38.5  5e-05 
 8.975  39.5  5e-05 
 9.025  39.6538  5e-05 
 9.075  39.9571  5e-05 
 9.125  39.8182  5e-05 
 9.155  40.5  5e-05 
 9.175  40.8125  5e-05 
 9.225  40.6143  5e-05 
 9.23553  40.5  5e-05 
 9.225  39.9286  5e-05 
 9.21818  39.5  5e-05 
 9.225  39.3636  5e-05 
 9.275  39.1786  5e-05 
 9.31818  38.5  5e-05 
 9.325  38.3421  5e-05 
 9.375  38.1842  5e-05 
 9.425  38.0161  5e-05 
 9.475  37.5  5e-05 
 9.525  36.5  5e-05 
 9.575  35.5  5e-05 
 9.625  34.6842  5e-05 
 9.65192  34.5  5e-05 
 9.675  34.1842  5e-05 
 9.71562  33.5  5e-05 
 9.725  33.3125  5e-05 
 9.74821  32.5  5e-05 
 9.76983  31.5  5e-05 
 9.775  31.3966  5e-05 
 9.825  30.5  5e-05 
 9.85565  29.5  5e-05 
 9.86214  28.5  5e-05 
 9.875  28.0909  5e-05 
 9.925  27.5  5e-05 
 9.94821  26.5  5e-05 
 9.925  25.6875  5e-05 
 9.91983  25.5  5e-05 
 9.925  25.4062  5e-05 
 9.95795  24.5  5e-05 
 9.93269  23.5  5e-05 

 9.93125  15.5  5e-05 
 9.925  15.1  5e-05 
 9.91731  15.5  5e-05 
 9.88438  16.5  5e-05 
 9.925  16.9062  5e-05 
 9.95921  16.5  5e-05 
 9.93125  15.5  5e-05 


# Contour 6, label:    1e-05
 8.14643  35.5  1e-05 
 8.125  35.2692  1e-05 
 8.10357  35.5  1e-05 
 8.125  35.9286  1e-05 
 8.14643  35.5  1e-05 

 8.46786  36.5  1e-05 
 8.425  36.125  1e-05 
 8.38214  36.5  1e-05 
 8.425  37.3571  1e-05 
 8.46786  36.5  1e-05 

 8.53  41.5  1e-05 
 8.525  41.4545  1e-05 
 8.52328  41.5  1e-05 
 8.525  41.5345  1e-05 
 8.53  41.5  1e-05 

 8.595  44.5  1e-05 
 8.575  43.9286  1e-05 
 8.54643  44.5  1e-05 
 8.575  44.8077  1e-05 
 8.595  44.5  1e-05 

 8.62115  35.5  1e-05 
 8.575  34.8684  1e-05 
 8.5375  35.5  1e-05 
 8.575  36.1316  1e-05 
 8.62115  35.5  1e-05 

 8.67763  42.5  1e-05 
 8.675  42.25  1e-05 
 8.67188  42.5  1e-05 
 8.65962  43.5  1e-05 
 8.675  43.9  1e-05 
 8.6875  43.5  1e-05 
 8.67763  42.5  1e-05 

 8.68214  40.5  1e-05 
 8.675  40.4  1e-05 
 8.67115  40.5  1e-05 
 8.675  40.75  1e-05 
 8.68214  40.5  1e-05 

 8.74  46.5  1e-05 
 8.725  45.75  1e-05 
 8.71346  46.5  1e-05 
 8.725  46.8  1e-05 
 8.74  46.5  1e-05 

 8.82763  39.5  1e-05 
 8.825  39.4  1e-05 
 8.8125  39.5  1e-05 
 8.825  39.5625  1e-05 
 8.82763  39.5  1e-05 

 8.88  42.5  1e-05 
 8.875  42.4  1e-05 
 8.87  42.5  1e-05 
 8.87115  43.5  1e-05 
 8.875  43.75  1e-05 
 8.87812  43.5  1e-05 
 8.88  42.5  1e-05 

 8.87812  35.5  1e-05 
 8.875  35.25  1e-05 
 8.8625  35.5  1e-05 
 8.875  35.5769  1e-05 
 8.87812  35.5  1e-05 

 8.88  33.5  1e-05 
 8.875  33.3571  1e-05 
 8.86786  33.5  1e-05 
 8.875  33.75  1e-05 
 8.88  33.5  1e-05 

 9.07692  24.5  1e-05 
 9.075  24.4474  1e-05 
 9.06786  24.5  1e-05 
 9.075  24.5312  1e-05 
 9.07692  24.5  1e-05 

 9.11786  18.5  1e-05 
 9.075  18.125  1e-05 
 9.025  18.2692  1e-05 
 9.00357  18.5  1e-05 
 9.025  18.8  1e-05 
 9.075  18.9615  1e-05 
 9.11786  18.5  1e-05 

 9.14  44.5  1e-05 
 9.125  44.2  1e-05 
 9.11  44.5  1e-05 
 9.125  44.8  1e-05 
 9.14  44.5  1e-05 

 9.29808  14.5  1e-05 
 9.275  14.0385  1e-05 
 9.25192  14.5  1e-05 
 9.275  15.3571  1e-05 
 9.29808  14.5  1e-05 

 9.845  11.5  1e-05 
 9.825  11.1  1e-05 
 9.8125  11.5  1e-05 
 9.825  11.75  1e-05 
 9.845  11.5  1e-05 

 10.0712  11.5  1e-05 
 10.025  10.75  1e-05 
 9.9875  11.5  1e-05 
 10.025  12.1316  1e-05 
 10.0712  11.5  1e-05 

 10.07  9.5  1e-05 
 10.025  8.6  1e-05 
 9.99687  9.5  1e-05 
 10.025  10.1923  1e-05 
 10.07  9.5  1e-05 

 10.0969  19.5  1e-05 
 10.075  19.1316  1e-05 
 10.0625  19.5  1e-05 
 10.075  20.2  1e-05 
 10.0969  19.5  1e-05 

 10.14  24.5  1e-05 
 10.125  24.0714  1e-05 
 10.0875  24.5  1e-05 
 10.125  24.7308  1e-05 
 10.14  24.5  1e-05 

 10.17  22.5  1e-05 
 10.125  21.6  1e-05 
 10.0904  22.5  1e-05 
 10.125  23.1923  1e-05 
 10.17  22.5  1e-05 

 10.2365  22.5  1e-05 
 10.225  22.2  1e-05 
 10.1875  22.5  1e-05 
 10.225  22.7308  1e-05 
 10.2365  22.5  1e-05 

 10.1375  15.5  1e-05 
 10.175  15.7308  1e-05 
 10.2063  16.5  1e-05 
 10.225  16.9615  1e-05 
 10.2438  16.5  1e-05 

 8.775  44.8  1e-05 
 8.79688  45.5  1e-05 
 8.825  46.0625  1e-05 
 8.87  45.5  1e-05 
 8.875  45.25  1e-05 
 8.925  44.8  1e-05 
 8.975  45.4375  1e-05 
 9.01447  44.5  1e-05 
 8.975  43.5625  1e-05 
 8.97188  43.5  1e-05 
 8.975  43.4655  1e-05 
 9.025  43.4  1e-05 
 9.075  43.4474  1e-05 
 9.125  43.0625  1e-05 
 9.16  43.5  1e-05 
 9.175  43.8  1e-05 
 9.2125  43.5  1e-05 
 9.225  43.3571  1e-05 
 9.255  42.5  1e-05 
 9.275  42.1  1e-05 
 9.325  42.25  1e-05 
 9.34643  41.5  1e-05 
 9.375  41.1923  1e-05 
 9.40357  41.5  1e-05 
 9.425  41.8  1e-05 
 9.43654  41.5  1e-05 
 9.4625  40.5  1e-05 
 9.475  40.4231  1e-05 
 9.5125  39.5  1e-05 
 9.475  38.5769  1e-05 
 9.47308  38.5  1e-05 
 9.475  38.4756  1e-05 
 9.48214  38.5  1e-05 
 9.525  39.1  1e-05 
 9.54808  38.5  1e-05 
 9.575  38.1818  1e-05 
 9.625  37.8  1e-05 
 9.64643  37.5  1e-05 
 9.675  36.9286  1e-05 
 9.69  36.5  1e-05 
 9.72308  35.5  1e-05 
 9.725  35.4375  1e-05 
 9.775  35.4474  1e-05 
 9.82237  34.5  1e-05 
 9.825  34.25  1e-05 
 9.875  33.9286  1e-05 
 9.89  33.5  1e-05 
 9.875  33.0714  1e-05 
 9.867  32.5  1e-05 
 9.875  32.25  1e-05 
 9.925  32.25  1e-05 
 9.975  31.9615  1e-05 
 10.005  31.5  1e-05 
 9.975  30.6429  1e-05 
 9.97237  30.5  1e-05 
 9.925  29.5526  1e-05 
 9.92328  29.5  1e-05 
 9.925  29.4655  1e-05 
 9.92885  29.5  1e-05 
 9.975  30.4231  1e-05 
 9.9875  30.5  1e-05 
 10.025  30.9286  1e-05 
 10.0365  30.5  1e-05 
 10.025  30.2  1e-05 
 10.0066  29.5  1e-05 
 10.025  29.0625  1e-05 
 10.075  28.9615  1e-05 
 10.1179  28.5  1e-05 
 10.075  28.125  1e-05 
 10.0487  27.5  1e-05 
 10.075  26.7308  1e-05 
 10.1135  27.5  1e-05 
 10.125  28.25  1e-05 
 10.14  27.5  1e-05 
 10.125  26.75  1e-05 
 10.1125  26.5  1e-05 
 10.1023  25.5  1e-05 
 10.075  24.5769  1e-05 
 10.0679  24.5  1e-05 
 10.0724  23.5  1e-05 
 10.0659  22.5  1e-05 
 10.025  21.5526  1e-05 
 10.0231  21.5  1e-05 
 10.025  21.4375  1e-05 
 10.075  20.9286  1e-05 
 10.125  21.25  1e-05 
 10.1625  20.5  1e-05 
 10.17  19.5  1e-05 
 10.125  18.8077  1e-05 
 10.1125  18.5  1e-05 
 10.1224  17.5  1e-05 
 10.125  17.4231  1e-05 
 10.1523  16.5  1e-05 
 10.125  15.5769  1e-05 
 10.1179  15.5  1e-05 
 10.1145  14.5  1e-05 
 10.125  13.9286  1e-05 
 10.1536  14.5  1e-05 
 10.1375  15.5  1e-05 

 6.325  74.25  1e-05 
 6.375  74.1923  1e-05 
 6.42  73.5  1e-05 
 6.42012  72.5  1e-05 
 6.425  72.3621  1e-05 
 6.445  72.5  1e-05 
 6.475  72.9615  1e-05 
 6.49808  72.5  1e-05 
 6.525  72.0625  1e-05 
 6.55192  72.5  1e-05 
 6.575  72.9615  1e-05 
 6.59808  72.5  1e-05 
 6.59868  71.5  1e-05 
 6.575  70.8077  1e-05 
 6.56929  70.5  1e-05 
 6.575  70.3947  1e-05 
 6.625  70.1818  1e-05 
 6.675  70.3571  1e-05 
 6.71786  69.5  1e-05 
 6.725  69.4545  1e-05 
 6.775  69.1923  1e-05 
 6.80962  68.5  1e-05 
 6.825  68.3182  1e-05 
 6.86591  67.5  1e-05 
 6.875  67.34  1e-05 
 6.925  67.1923  1e-05 
 6.94868  66.5  1e-05 
 6.975  65.875  1e-05 
 7.025  66.0455  1e-05 
 7.07115  65.5  1e-05 
 7.075  65.4231  1e-05 
 7.12115  64.5  1e-05 
 7.125  64.4737  1e-05 
 7.17012  63.5  1e-05 
 7.175  63.3182  1e-05 
 7.195  63.5  1e-05 
 7.225  63.875  1e-05 
 7.24375  63.5  1e-05 
 7.2625  62.5  1e-05 
 7.275  62.4231  1e-05 
 7.30658  61.5  1e-05 
 7.325  61.0625  1e-05 
 7.35962  60.5  1e-05 
 7.375  60.3182  1e-05 
 7.39038  60.5  1e-05 
 7.425  61.0625  1e-05 
 7.45312  60.5  1e-05 
 7.425  59.8077  1e-05 
 7.41591  59.5  1e-05 
 7.425  59.2895  1e-05 
 7.45357  59.5  1e-05 
 7.475  59.8  1e-05 
 7.48654  59.5  1e-05 
 7.525  58.9737  1e-05 
 7.575  58.7308  1e-05 
 7.58654  58.5  1e-05 
 7.6125  57.5  1e-05 
 7.625  57.3571  1e-05 
 7.675  57.1  1e-05 
 7.705  56.5  1e-05 
 7.72115  55.5  1e-05 
 7.725  55.4655  1e-05 
 7.775  55.1774  1e-05 
 7.817  54.5  1e-05 
 7.825  54.2895  1e-05 
 7.875  53.8  1e-05 
 7.9125  53.5  1e-05 
 7.925  53.3571  1e-05 
 7.96786  52.5  1e-05 
 7.975  52.4231  1e-05 
 8.02115  51.5  1e-05 
 8.025  51.4474  1e-05 
 8.075  51.3  1e-05 
 8.11875  50.5  1e-05 
 8.125  50.1923  1e-05 
 8.175  50.1316  1e-05 
 8.20658  49.5  1e-05 
 8.225  49.1316  1e-05 
 8.27115  48.5  1e-05 
 8.275  48.4688  1e-05 
 8.325  48.1818  1e-05 
 8.37187  47.5  1e-05 
 8.375  47.4655  1e-05 
 8.38214  47.5  1e-05 
 8.425  47.875  1e-05 
 8.44808  47.5  1e-05 
 8.44  46.5  1e-05 
 8.47115  45.5  1e-05 
 8.475  45.4  1e-05 
 8.48214  45.5  1e-05 
 8.51  46.5  1e-05 
 8.525  46.8  1e-05 
 8.54643  46.5  1e-05 
 8.575  46.1923  1e-05 
 8.625  45.875  1e-05 
 8.66786  45.5  1e-05 
 8.675  45.3571  1e-05 
 8.725  45.25  1e-05 
 8.775  44.8  1e-05 

 6.97885  46.5  1e-05 
 6.975  46.5286  1e-05 
 6.925  46.5741  1e-05 
 6.89643  46.5  1e-05 
 6.875  46.2692  1e-05 
 6.85357  46.5  1e-05 
 6.825  46.8077  1e-05 
 6.775  47.2  1e-05 
 6.75357  47.5  1e-05 
 6.725  47.66  1e-05 
 6.675  47.6379  1e-05 
 6.625  47.75  1e-05 
 6.575  47.9375  1e-05 
 6.525  47.8077  1e-05 
 6.49687  48.5  1e-05 
 6.475  49.0385  1e-05 
 6.425  49.125  1e-05 
 6.375  48.75  1e-05 
 6.35357  49.5  1e-05 
 6.325  50.0714  1e-05 
 6.275  50.0714  1e-05 
 6.225  50.2692  1e-05 
 6.21346  50.5  1e-05 
 6.17727  51.5  1e-05 
 6.175  51.5127  1e-05 
 6.17115  51.5  1e-05 
 6.125  50.9545  1e-05 
 6.0875  51.5  1e-05 
 6.075  51.6143  1e-05 
 6.04643  51.5  1e-05 
 6.025  51.2692  1e-05 
 6.01346  51.5  1e-05 
 5.98214  52.5  1e-05 
 5.975  52.5345  1e-05 
 5.9625  52.5  1e-05 
 5.925  52.2692  1e-05 
 5.8875  52.5  1e-05 
 5.889  53.5  1e-05 
 5.875  53.6842  1e-05 
 5.825  54.125  1e-05 
 5.795  54.5  1e-05 
 5.775  54.6818  1e-05 
 5.725  55.2  1e-05 
 5.6875  55.5  1e-05 
 5.675  55.75  1e-05 
 5.66  56.5  1e-05 
 5.625  57.0385  1e-05 
 5.58214  57.5  1e-05 
 5.575  57.5769  1e-05 
 5.5375  58.5  1e-05 
 5.54038  59.5  1e-05 
 5.525  59.625  1e-05 
 5.485  60.5  1e-05 
 5.47643  61.5  1e-05 
 5.475  61.75  1e-05 
 5.4375  62.5  1e-05 
 5.4319  63.5  1e-05 
 5.4375  64.5  1e-05 
 5.43214  65.5  1e-05 
 5.425  65.6429  1e-05 
 5.40625  66.5  1e-05 
 5.425  67.3571  1e-05 
 5.42812  67.5  1e-05 
 5.43929  68.5  1e-05 
 5.439  69.5  1e-05 
 5.44342  70.5  1e-05 
 5.475  71.1316  1e-05 
 5.4875  71.5  1e-05 
 5.525  72.4545  1e-05 
 5.52622  72.5  1e-05 
 5.54038  73.5  1e-05 
 5.525  73.9  1e-05 
 5.50625  74.5  1e-05 
 5.525  74.875  1e-05 
 5.575  75.1  1e-05 
 5.625  74.9615  1e-05 
 5.66  75.5  1e-05 
 5.63  76.5  1e-05 
 5.675  77.0625  1e-05 
 5.70192  77.5  1e-05 
 5.725  77.9615  1e-05 
 5.74375  77.5  1e-05 
 5.775  76.875  1e-05 
 5.825  77.1774  1e-05 
 5.875  77.34  1e-05 
 5.925  77.4474  1e-05 
 5.975  77.1923  1e-05 
 6.00962  76.5  1e-05 
 6.025  76.2895  1e-05 
 6.05357  76.5  1e-05 
 6.075  76.7308  1e-05 
 6.09  76.5  1e-05 
 6.125  76.1316  1e-05 
 6.1625  75.5  1e-05 
 6.175  75.375  1e-05 
 6.225  75.0455  1e-05 
 6.25658  74.5  1e-05 
 6.275  73.8  1e-05 
 6.325  74.25  1e-05 

 9.025  30.25  1e-05 
 9.02763  30.5  1e-05 
 9.025  30.5455  1e-05 
 8.975  30.5455  1e-05 
 8.9625  30.5  1e-05 
 8.925  30.0714  1e-05 
 8.91  30.5  1e-05 
 8.925  31.25  1e-05 
 8.92727  31.5  1e-05 
 8.92813  32.5  1e-05 
 8.925  32.6  1e-05 
 8.91786  32.5  1e-05 
 8.875  31.6429  1e-05 
 8.825  32.125  1e-05 
 8.80192  32.5  1e-05 
 8.80192  33.5  1e-05 
 8.80192  34.5  1e-05 
 8.775  35.0385  1e-05 
 8.725  35.0714  1e-05 
 8.69643  34.5  1e-05 
 8.675  34.2  1e-05 
 8.65357  34.5  1e-05 
 8.63214  35.5  1e-05 
 8.65357  36.5  1e-05 
 8.675  37.25  1e-05 
 8.725  37.2895  1e-05 
 8.74038  37.5  1e-05 
 8.725  37.8077  1e-05 
 8.675  37.6  1e-05 
 8.67188  37.5  1e-05 
 8.625  36.7105  1e-05 
 8.575  37.0385  1e-05 
 8.525  37.0714  1e-05 
 8.50357  37.5  1e-05 
 8.475  37.8077  1e-05 
 8.425  37.5625  1e-05 
 8.42  37.5  1e-05 
 8.375  36.6  1e-05 
 8.36786  36.5  1e-05 
 8.325  35.9  1e-05 
 8.295  36.5  1e-05 
 8.275  36.6053  1e-05 
 8.24643  36.5  1e-05 
 8.225  35.75  1e-05 
 8.20357  36.5  1e-05 
 8.175  37.0714  1e-05 
 8.125  36.7105  1e-05 
 8.10962  36.5  1e-05 
 8.075  35.8077  1e-05 
 8.055  35.5  1e-05 
 8.025  34.9  1e-05 
 8.00192  35.5  1e-05 
 8.025  36.3571  1e-05 
 8.03  36.5  1e-05 
 8.025  36.75  1e-05 
 7.975  36.5625  1e-05 
 7.93553  37.5  1e-05 
 7.925  37.5909  1e-05 
 7.90962  37.5  1e-05 
 7.875  36.9375  1e-05 
 7.83  37.5  1e-05 
 7.825  37.6  1e-05 
 7.775  37.75  1e-05 
 7.725  37.9  1e-05 
 7.675  38.0385  1e-05 
 7.65625  38.5  1e-05 
 7.64687  39.5  1e-05 
 7.625  39.6842  1e-05 
 7.59808  39.5  1e-05 
 7.575  38.9  1e-05 
 7.555  38.5  1e-05 
 7.525  38.125  1e-05 
 7.50625  38.5  1e-05 
 7.495  39.5  1e-05 
 7.48214  40.5  1e-05 
 7.475  40.5526  1e-05 
 7.43409  41.5  1e-05 
 7.425  41.7105  1e-05 
 7.39643  41.5  1e-05 
 7.375  41.2  1e-05 
 7.35357  41.5  1e-05 
 7.32692  42.5  1e-05 
 7.325  42.5286  1e-05 
 7.32188  42.5  1e-05 
 7.275  41.8182  1e-05 
 7.24091  42.5  1e-05 
 7.2375  43.5  1e-05 
 7.225  43.6  1e-05 
 7.22187  43.5  1e-05 
 7.19808  42.5  1e-05 
 7.175  42.0385  1e-05 
 7.15192  42.5  1e-05 
 7.14091  43.5  1e-05 
 7.13214  44.5  1e-05 
 7.125  44.5769  1e-05 
 7.075  44.5526  1e-05 
 7.02763  45.5  1e-05 
 7.025  45.5769  1e-05 
 6.97885  46.5  1e-05 

 10.2438  16.5  1e-05 
 10.225  15.9  1e-05 
 10.1964  15.5  1e-05 
 10.1964  14.5  1e-05 
 10.2031  13.5  1e-05 
 10.175  12.6  1e-05 
 10.125  12.75  1e-05 
 10.075  13.0714  1e-05 
 10.025  13.0385  1e-05 
 10.0158  12.5  1e-05 
 9.975  11.6143  1e-05 
 9.95962  11.5  1e-05 
 9.95962  10.5  1e-05 
 9.925  9.80769  1e-05 
 9.89038  10.5  1e-05 
 9.875  10.9  1e-05 
 9.855  10.5  1e-05 
 9.825  9.9  1e-05 
 9.775  9.64286  1e-05 
 9.75625  10.5  1e-05 
 9.725  11.0263  1e-05 
 9.68654  10.5  1e-05 
 9.675  10.0714  1e-05 
 9.66  10.5  1e-05 
 9.675  11.25  1e-05 
 9.68  11.5  1e-05 
 9.683  12.5  1e-05 
 9.675  12.8077  1e-05 
 9.655  12.5  1e-05 
 9.625  11.9  1e-05 
 9.595  12.5  1e-05 
 9.625  13.3571  1e-05 
 9.63  13.5  1e-05 
 9.625  13.6429  1e-05 
 9.6125  13.5  1e-05 
 9.575  13.0714  1e-05 
 9.55962  12.5  1e-05 
 9.525  11.6  1e-05 
 9.50132  12.5  1e-05 
 9.525  13.0625  1e-05 
 9.56  13.5  1e-05 
 9.575  14.25  1e-05 
 9.58214  14.5  1e-05 
 9.575  14.5196  1e-05 
 9.57115  14.5  1e-05 
 9.525  13.8684  1e-05 
 9.47885  14.5  1e-05 
 9.475  14.5625  1e-05 
 9.46786  14.5  1e-05 
 9.455  13.5  1e-05 
 9.425  12.9  1e-05 
 9.395  13.5  1e-05 
 9.38214  14.5  1e-05 
 9.375  14.5769  1e-05 
 9.3375  15.5  1e-05 
 9.34342  16.5  1e-05 
 9.325  17.2  1e-05 
 9.275  17.2  1e-05 
 9.24  16.5  1e-05 
 9.225  16.0714  1e-05 
 9.21346  16.5  1e-05 
 9.225  17.25  1e-05 
 9.2375  17.5  1e-05 
 9.225  17.5345  1e-05 
 9.175  18.2  1e-05 
 9.1375  18.5  1e-05 
 9.175  18.9286  1e-05 
 9.18553  19.5  1e-05 
 9.175  19.8077  1e-05 
 9.125  19.6429  1e-05 
 9.075  20.0385  1e-05 
 9.045  20.5  1e-05 
 9.025  20.8077  1e-05 
 8.98  21.5  1e-05 
 9.025  22.1923  1e-05 
 9.075  22.4231  1e-05 
 9.07632  22.5  1e-05 
 9.075  22.5526  1e-05 
 9.025  22.9  1e-05 
 8.995  23.5  1e-05 
 9.00192  24.5  1e-05 
 8.975  25.2  1e-05 
 8.94  24.5  1e-05 
 8.925  24.2  1e-05 
 8.90357  24.5  1e-05 
 8.925  24.7308  1e-05 
 8.96346  25.5  1e-05 
 8.925  26.2692  1e-05 
 8.88654  25.5  1e-05 
 8.875  25.0714  1e-05 
 8.86346  25.5  1e-05 
 8.875  25.8  1e-05 
 8.91  26.5  1e-05 
 8.88214  27.5  1e-05 
 8.91  28.5  1e-05 
 8.925  28.9286  1e-05 
 8.94038  29.5  1e-05 
 8.975  30.4  1e-05 
 9.025  30.25  1e-05 

 10.2365  9.5  1e-05 
 10.225  9.26923  1e-05 
 10.21  9.5  1e-05 
 10.225  9.73077  1e-05 
 10.2365  9.5  1e-05 

