
# Surface 0 of 1 surfaces

# Curve title: ""../GalNAc/GNC_2D_NOSum-ONO.txt" using 1:2:7"
# Contour 0, label:    0.004
 6.31956  61.5  0.004 
 6.275  60.5586  0.004 
 6.27081  60.5  0.004 
 6.225  59.5839  0.004 
 6.19045  60.5  0.004 
 6.20015  61.5  0.004 
 6.225  62.086  0.004 
 6.275  62.3913  0.004 
 6.31956  61.5  0.004 

 6.45249  59.5  0.004 
 6.425  59.0957  0.004 
 6.375  58.7324  0.004 
 6.325  59.3983  0.004 
 6.3047  59.5  0.004 
 6.325  59.6136  0.004 
 6.375  60.1514  0.004 
 6.38877  60.5  0.004 
 6.425  60.8559  0.004 
 6.45278  60.5  0.004 
 6.45249  59.5  0.004 


# Contour 1, label:    0.002
 6.89251  54.5  0.002 
 6.875  54.078  0.002 
 6.825  53.9495  0.002 
 6.78692  53.5  0.002 
 6.775  53.3985  0.002 
 6.73602  53.5  0.002 
 6.725  53.5172  0.002 
 6.699  53.5  0.002 
 6.675  53.4806  0.002 
 6.67245  53.5  0.002 
 6.625  53.8644  0.002 
 6.575  54.1154  0.002 
 6.525  54.3807  0.002 
 6.50387  54.5  0.002 
 6.475  54.5997  0.002 
 6.425  54.9469  0.002 
 6.38026  55.5  0.002 
 6.375  55.5442  0.002 
 6.325  55.911  0.002 
 6.275  56.3896  0.002 
 6.26032  56.5  0.002 
 6.225  56.8213  0.002 
 6.175  57.3655  0.002 
 6.16414  57.5  0.002 
 6.125  57.7464  0.002 
 6.075  58.0668  0.002 
 6.05565  58.5  0.002 
 6.025  59.0095  0.002 
 5.975  59.4187  0.002 
 5.96744  59.5  0.002 
 5.925  60.2838  0.002 
 5.91512  60.5  0.002 
 5.87849  61.5  0.002 
 5.875  61.64  0.002 
 5.86218  62.5  0.002 
 5.83806  63.5  0.002 
 5.85319  64.5  0.002 
 5.85112  65.5  0.002 
 5.8733  66.5  0.002 
 5.875  66.5194  0.002 
 5.925  66.9658  0.002 
 5.975  67.3  0.002 
 6.02024  67.5  0.002 
 6.025  67.5161  0.002 
 6.02799  67.5  0.002 
 6.075  67.2315  0.002 
 6.125  66.9251  0.002 
 6.175  66.7918  0.002 
 6.225  66.5465  0.002 
 6.22924  66.5  0.002 
 6.275  65.8305  0.002 
 6.31839  65.5  0.002 
 6.325  65.4362  0.002 
 6.375  65.249  0.002 
 6.425  64.5051  0.002 
 6.42552  64.5  0.002 
 6.47266  63.5  0.002 
 6.475  63.4572  0.002 
 6.525  63.0876  0.002 
 6.575  62.7609  0.002 
 6.59253  62.5  0.002 
 6.625  61.9687  0.002 
 6.6506  61.5  0.002 
 6.675  60.9623  0.002 
 6.70528  60.5  0.002 
 6.725  60.1055  0.002 
 6.75584  59.5  0.002 
 6.775  59.0457  0.002 
 6.8029  58.5  0.002 
 6.825  57.8607  0.002 
 6.83915  57.5  0.002 
 6.825  56.95  0.002 
 6.81839  56.5  0.002 
 6.825  56.2401  0.002 
 6.86064  56.5  0.002 
 6.875  56.6151  0.002 
 6.87876  56.5  0.002 
 6.875  56.3352  0.002 
 6.85412  55.5  0.002 
 6.875  54.9842  0.002 
 6.89251  54.5  0.002 


# Contour 2, label:    0.001
 7.12936  51.5  0.001 
 7.125  51.3967  0.001 
 7.12248  51.5  0.001 
 7.125  51.5984  0.001 
 7.12936  51.5  0.001 

 7.125  54.7231  0.001 
 7.14893  54.5  0.001 
 7.175  54.1534  0.001 
 7.19058  53.5  0.001 
 7.18869  52.5  0.001 
 7.21595  51.5  0.001 
 7.225  51.0963  0.001 
 7.275  50.8415  0.001 
 7.2806  50.5  0.001 

 7.2806  50.5  0.001 
 7.275  50.22  0.001 
 7.225  49.7262  0.001 
 7.21369  49.5  0.001 
 7.175  49.1486  0.001 
 7.13967  49.5  0.001 
 7.125  49.6406  0.001 
 7.075  49.711  0.001 
 7.025  49.5183  0.001 
 6.975  50.1883  0.001 
 6.925  49.8762  0.001 
 6.875  50.1821  0.001 
 6.825  50.2634  0.001 
 6.80645  50.5  0.001 
 6.775  50.8947  0.001 
 6.725  51.2119  0.001 
 6.675  51.4205  0.001 
 6.66548  51.5  0.001 
 6.625  51.8498  0.001 
 6.575  52.1939  0.001 
 6.525  52.3525  0.001 
 6.50885  52.5  0.001 
 6.475  52.8974  0.001 
 6.425  53.118  0.001 
 6.39481  53.5  0.001 
 6.375  53.6779  0.001 
 6.325  54.0982  0.001 
 6.275  54.3208  0.001 
 6.26399  54.5  0.001 
 6.225  55.4535  0.001 
 6.175  55.3617  0.001 
 6.16068  55.5  0.001 
 6.125  55.9602  0.001 
 6.075  56.1533  0.001 
 6.0507  56.5  0.001 
 6.025  56.8983  0.001 
 5.98549  57.5  0.001 
 5.975  57.7411  0.001 
 5.925  58.2284  0.001 
 5.90623  58.5  0.001 
 5.875  58.8219  0.001 
 5.84164  59.5  0.001 
 5.83067  60.5  0.001 
 5.825  60.666  0.001 
 5.78475  61.5  0.001 
 5.775  61.7357  0.001 
 5.74492  62.5  0.001 
 5.73654  63.5  0.001 
 5.74023  64.5  0.001 
 5.725  65.1818  0.001 
 5.71933  65.5  0.001 
 5.72437  66.5  0.001 
 5.725  66.5205  0.001 
 5.775  67.4375  0.001 
 5.7791  67.5  0.001 
 5.80401  68.5  0.001 
 5.825  68.7936  0.001 
 5.875  69.0225  0.001 
 5.9219  69.5  0.001 
 5.925  69.5321  0.001 
 5.93433  69.5  0.001 
 5.975  69.249  0.001 
 6.025  69.2557  0.001 
 6.075  69.1277  0.001 
 6.125  69.0512  0.001 
 6.175  68.8272  0.001 
 6.19954  68.5  0.001 
 6.225  68.1847  0.001 
 6.275  67.8948  0.001 
 6.30896  67.5  0.001 
 6.325  67.3445  0.001 
 6.375  66.7148  0.001 
 6.39125  66.5  0.001 
 6.425  66.045  0.001 
 6.475  65.8195  0.001 
 6.525  65.5155  0.001 
 6.52599  65.5  0.001 
 6.5527  64.5  0.001 
 6.575  64.2429  0.001 
 6.625  64.1143  0.001 
 6.65701  63.5  0.001 
 6.675  63.1472  0.001 
 6.725  62.6429  0.001 
 6.73388  62.5  0.001 
 6.775  61.5637  0.001 
 6.78223  61.5  0.001 
 6.825  61.0613  0.001 
 6.86333  60.5  0.001 
 6.875  60.2476  0.001 
 6.90254  59.5  0.001 
 6.925  59.1684  0.001 
 6.95701  58.5  0.001 
 6.975  58.0199  0.001 
 7.01101  57.5  0.001 
 7.025  57.096  0.001 
 7.05647  56.5  0.001 
 7.075  56.1045  0.001 
 7.08967  55.5  0.001 
 7.125  54.7231  0.001 

 7.32197  48.5  0.001 
 7.275  48.3765  0.001 
 7.24828  48.5  0.001 
 7.275  48.9627  0.001 
 7.32197  48.5  0.001 


# Contour 3, label:   0.0005
 8.23587  37.5  0.0005 
 8.225  37.4005  0.0005 
 8.21184  37.5  0.0005 
 8.225  37.7632  0.0005 
 8.23587  37.5  0.0005 

 5.925  70.9062  0.0005 
 5.975  70.8242  0.0005 
 6.025  70.625  0.0005 
 6.075  70.8141  0.0005 
 6.11807  70.5  0.0005 
 6.125  70.4602  0.0005 
 6.14559  70.5  0.0005 
 6.175  70.5746  0.0005 
 6.1784  70.5  0.0005 
 6.225  69.8201  0.0005 
 6.2506  69.5  0.0005 
 6.275  69.1424  0.0005 
 6.325  68.8866  0.0005 
 6.375  68.7167  0.0005 
 6.39289  68.5  0.0005 
 6.425  67.709  0.0005 
 6.43968  67.5  0.0005 
 6.475  67.2278  0.0005 
 6.525  66.8409  0.0005 
 6.5489  66.5  0.0005 
 6.575  66.109  0.0005 
 6.61306  65.5  0.0005 
 6.625  65.3408  0.0005 
 6.675  65.0389  0.0005 
 6.71136  64.5  0.0005 
 6.725  64.1139  0.0005 
 6.75569  63.5  0.0005 
 6.775  63.306  0.0005 
 6.825  62.7612  0.0005 
 6.83989  62.5  0.0005 
 6.875  61.7143  0.0005 
 6.90179  61.5  0.0005 
 6.925  61.2547  0.0005 
 6.975  60.5526  0.0005 
 6.9791  60.5  0.0005 
 7.025  59.8351  0.0005 
 7.04438  59.5  0.0005 
 7.075  58.9167  0.0005 
 7.09583  58.5  0.0005 
 7.125  57.7222  0.0005 
 7.13545  57.5  0.0005 
 7.16733  56.5  0.0005 
 7.175  56.3946  0.0005 
 7.225  56.3062  0.0005 
 7.25459  55.5  0.0005 
 7.275  54.61  0.0005 
 7.325  54.5794  0.0005 
 7.33125  54.5  0.0005 
 7.35833  53.5  0.0005 
 7.375  53.2255  0.0005 
 7.38349  52.5  0.0005 
 7.425  51.5573  0.0005 
 7.4294  51.5  0.0005 
 7.475  50.6493  0.0005 
 7.49461  50.5  0.0005 
 7.525  50.1931  0.0005 
 7.56667  49.5  0.0005 
 7.575  49.4073  0.0005 
 7.62324  48.5  0.0005 
 7.625  48.4  0.0005 
 7.675  47.9671  0.0005 
 7.71739  47.5  0.0005 
 7.725  47.4205  0.0005 
 7.775  47.1357  0.0005 
 7.825  46.5297  0.0005 
 7.82612  46.5  0.0005 
 7.875  45.8732  0.0005 
 7.925  45.5573  0.0005 
 7.93098  45.5  0.0005 
 7.97137  44.5  0.0005 
 7.975  44.4462  0.0005 
 8.003  44.5  0.0005 
 8.025  44.5505  0.0005 
 8.02829  44.5  0.0005 
 8.06392  43.5  0.0005 
 8.075  43.1139  0.0005 
 8.125  43.2067  0.0005 
 8.13768  42.5  0.0005 
 8.175  41.8333  0.0005 
 8.19716  41.5  0.0005 
 8.225  40.9167  0.0005 
 8.24402  40.5  0.0005 
 8.275  39.745  0.0005 
 8.325  39.9044  0.0005 
 8.36531  39.5  0.0005 
 8.375  39.0441  0.0005 
 8.38794  38.5  0.0005 

 8.38794  38.5  0.0005 
 8.375  38.1337  0.0005 
 8.325  38.2363  0.0005 
 8.28545  38.5  0.0005 
 8.275  38.7745  0.0005 
 8.225  38.9444  0.0005 
 8.20278  38.5  0.0005 
 8.175  37.9444  0.0005 
 8.13696  38.5  0.0005 
 8.125  38.6009  0.0005 
 8.075  38.831  0.0005 
 8.04354  39.5  0.0005 
 8.025  39.7383  0.0005 
 7.975  39.5239  0.0005 
 7.94375  39.5  0.0005 
 7.925  39.4821  0.0005 
 7.875  39.3548  0.0005 
 7.86543  39.5  0.0005 
 7.825  40.2819  0.0005 
 7.80235  40.5  0.0005 
 7.775  40.7832  0.0005 
 7.725  41.4703  0.0005 
 7.72246  41.5  0.0005 
 7.675  41.6905  0.0005 
 7.625  42.483  0.0005 
 7.623  42.5  0.0005 
 7.575  43.3675  0.0005 
 7.54063  43.5  0.0005 
 7.525  43.5272  0.0005 
 7.475  44.1667  0.0005 
 7.425  44.1758  0.0005 
 7.3844  44.5  0.0005 
 7.375  44.6549  0.0005 
 7.34515  45.5  0.0005 
 7.325  45.7924  0.0005 
 7.275  46.1549  0.0005 
 7.225  45.9731  0.0005 
 7.19092  46.5  0.0005 
 7.175  46.7065  0.0005 
 7.125  47.3848  0.0005 
 7.075  47.3333  0.0005 
 7.06444  47.5  0.0005 
 7.025  48.1387  0.0005 
 6.975  48.4762  0.0005 
 6.97143  48.5  0.0005 
 6.925  48.5931  0.0005 
 6.875  48.9895  0.0005 
 6.825  49.0204  0.0005 
 6.79014  49.5  0.0005 
 6.775  49.6551  0.0005 
 6.725  50.0391  0.0005 
 6.675  50.3  0.0005 
 6.625  50.4635  0.0005 
 6.62226  50.5  0.0005 
 6.575  50.8909  0.0005 
 6.525  51.2174  0.0005 
 6.5038  51.5  0.0005 
 6.475  51.734  0.0005 
 6.425  51.7849  0.0005 
 6.375  52.248  0.0005 
 6.35137  52.5  0.0005 
 6.325  53.0048  0.0005 
 6.275  53.1861  0.0005 
 6.225  53.4562  0.0005 
 6.22171  53.5  0.0005 
 6.175  54.1215  0.0005 
 6.15321  54.5  0.0005 
 6.125  54.7668  0.0005 
 6.075  55.209  0.0005 
 6.03261  55.5  0.0005 
 6.025  55.5505  0.0005 
 5.975  56.179  0.0005 
 5.95946  56.5  0.0005 
 5.925  56.9482  0.0005 
 5.88655  57.5  0.0005 
 5.875  57.6658  0.0005 
 5.825  58.2819  0.0005 
 5.8154  58.5  0.0005 
 5.775  59.308  0.0005 
 5.76511  59.5  0.0005 
 5.725  60.4862  0.0005 
 5.72452  60.5  0.0005 
 5.70287  61.5  0.0005 
 5.68082  62.5  0.0005 
 5.675  63.161  0.0005 
 5.67115  63.5  0.0005 
 5.6657  64.5  0.0005 
 5.66134  65.5  0.0005 
 5.66978  66.5  0.0005 
 5.675  66.6591  0.0005 
 5.6955  67.5  0.0005 
 5.71688  68.5  0.0005 
 5.725  68.8846  0.0005 
 5.75577  69.5  0.0005 
 5.775  69.6625  0.0005 
 5.825  70.2391  0.0005 
 5.849  70.5  0.0005 
 5.875  70.8108  0.0005 
 5.925  70.9062  0.0005 


# Contour 4, label:   0.0001
 5.73571  74.5  0.0001 
 5.725  74.2857  0.0001 
 5.71964  74.5  0.0001 
 5.725  74.5978  0.0001 
 5.73571  74.5  0.0001 

 8.766  36.5  0.0001 
 8.725  36.09  0.0001 
 8.7006  36.5  0.0001 
 8.725  36.8761  0.0001 
 8.766  36.5  0.0001 

 7.925  49.84  0.0001 
 7.93524  49.5  0.0001 
 7.975  48.9359  0.0001 
 8.00272  48.5  0.0001 
 7.97692  47.5  0.0001 
 8.025  47.3512  0.0001 
 8.04951  47.5  0.0001 
 8.075  47.9407  0.0001 
 8.08693  47.5  0.0001 
 8.10037  46.5  0.0001 
 8.125  46.354  0.0001 
 8.175  46.0763  0.0001 
 8.21974  45.5  0.0001 
 8.225  45.3644  0.0001 
 8.275  45.0543  0.0001 
 8.29403  44.5  0.0001 
 8.325  43.978  0.0001 
 8.375  43.6343  0.0001 
 8.38036  43.5  0.0001 
 8.425  42.6071  0.0001 
 8.475  42.6525  0.0001 
 8.48036  42.5  0.0001 
 8.525  41.5132  0.0001 
 8.575  42.0763  0.0001 
 8.5906  41.5  0.0001 
 8.60329  40.5  0.0001 
 8.625  40.1071  0.0001 
 8.66822  39.5  0.0001 
 8.675  39.3806  0.0001 
 8.725  38.9048  0.0001 
 8.775  38.7537  0.0001 
 8.809  38.5  0.0001 
 8.792  37.5  0.0001 
 8.825  36.9407  0.0001 
 8.84048  36.5  0.0001 
 8.825  35.7353  0.0001 
 8.775  36.2353  0.0001 
 8.76012  35.5  0.0001 
 8.75536  34.5  0.0001 
 8.775  33.9407  0.0001 
 8.82353  34.5  0.0001 
 8.825  34.6111  0.0001 
 8.82598  34.5  0.0001 

 5.675  58.4022  0.0001 
 5.669  58.5  0.0001 
 5.67353  59.5  0.0001 
 5.63234  60.5  0.0001 
 5.625  60.7712  0.0001 
 5.59338  61.5  0.0001 
 5.57817  62.5  0.0001 
 5.57955  63.5  0.0001 
 5.575  63.9848  0.0001 
 5.525  64.4804  0.0001 
 5.52446  64.5  0.0001 
 5.525  64.5149  0.0001 
 5.57425  65.5  0.0001 
 5.56429  66.5  0.0001 
 5.56231  67.5  0.0001 
 5.575  68.0152  0.0001 
 5.5837  68.5  0.0001 
 5.58738  69.5  0.0001 
 5.61737  70.5  0.0001 
 5.625  70.68  0.0001 
 5.6556  71.5  0.0001 
 5.675  72.2647  0.0001 
 5.691  72.5  0.0001 
 5.725  72.84  0.0001 
 5.74963  73.5  0.0001 
 5.775  74.0075  0.0001 
 5.825  73.84  0.0001 
 5.875  73.9679  0.0001 
 5.91828  74.5  0.0001 
 5.925  74.6525  0.0001 
 5.93824  74.5  0.0001 
 5.975  74.1324  0.0001 
 6.025  74.2612  0.0001 
 6.05536  73.5  0.0001 
 6.075  73.1071  0.0001 
 6.125  73.2024  0.0001 
 6.175  72.67  0.0001 
 6.19524  72.5  0.0001 
 6.225  72.2706  0.0001 
 6.275  72.2612  0.0001 
 6.29924  72.5  0.0001 
 6.325  72.67  0.0001 
 6.33769  72.5  0.0001 
 6.35381  71.5  0.0001 
 6.375  70.5196  0.0001 
 6.37619  70.5  0.0001 
 6.425  70.172  0.0001 
 6.475  69.6111  0.0001 
 6.525  69.5238  0.0001 
 6.575  69.7574  0.0001 
 6.58693  69.5  0.0001 
 6.625  68.67  0.0001 
 6.63966  68.5  0.0001 
 6.6597  67.5  0.0001 
 6.675  67.194  0.0001 
 6.725  67.0098  0.0001 
 6.775  66.5132  0.0001 
 6.77794  66.5  0.0001 
 6.825  65.86  0.0001 
 6.875  65.8806  0.0001 
 6.89839  65.5  0.0001 
 6.87619  64.5  0.0001 
 6.925  64.1239  0.0001 
 6.95619  63.5  0.0001 
 6.975  63.1239  0.0001 
 7.01974  62.5  0.0001 
 7.025  62.4524  0.0001 
 7.075  61.8881  0.0001 
 7.125  61.6848  0.0001 
 7.13633  61.5  0.0001 
 7.175  60.8095  0.0001 
 7.19211  60.5  0.0001 
 7.225  60.0763  0.0001 
 7.275  59.5196  0.0001 
 7.27598  59.5  0.0001 
 7.325  58.9048  0.0001 
 7.35037  58.5  0.0001 
 7.375  57.7143  0.0001 
 7.381  57.5  0.0001 
 7.40707  56.5  0.0001 
 7.425  56.1413  0.0001 
 7.475  55.5294  0.0001 
 7.525  55.68  0.0001 
 7.531  55.5  0.0001 
 7.54812  54.5  0.0001 
 7.575  53.5196  0.0001 
 7.625  53.9624  0.0001 
 7.64472  53.5  0.0001 
 7.65037  52.5  0.0001 
 7.675  52.1071  0.0001 
 7.71306  51.5  0.0001 
 7.725  51.3806  0.0001 
 7.77206  51.5  0.0001 
 7.775  51.5238  0.0001 
 7.77647  51.5  0.0001 
 7.81012  50.5  0.0001 
 7.825  50.1324  0.0001 
 7.875  50.1324  0.0001 
 7.925  49.84  0.0001 

 8.82598  34.5  0.0001 
 8.825  34.4412  0.0001 
 8.80595  33.5  0.0001 
 8.775  33.0593  0.0001 
 8.725  33.0467  0.0001 
 8.675  33.3475  0.0001 
 8.63263  32.5  0.0001 
 8.625  32.3475  0.0001 
 8.59853  32.5  0.0001 
 8.625  33.0294  0.0001 
 8.64853  33.5  0.0001 
 8.625  33.5734  0.0001 
 8.61324  33.5  0.0001 
 8.575  32.7353  0.0001 
 8.525  33.2353  0.0001 
 8.475  32.881  0.0001 
 8.43676  33.5  0.0001 
 8.425  33.7353  0.0001 
 8.375  33.6569  0.0001 
 8.325  34.2069  0.0001 
 8.275  34.4804  0.0001 
 8.225  34.16  0.0001 
 8.21367  34.5  0.0001 
 8.175  34.9957  0.0001 
 8.125  35.3889  0.0001 
 8.075  35.2857  0.0001 
 8.06737  35.5  0.0001 
 8.025  35.995  0.0001 
 7.975  36.0743  0.0001 
 7.925  36.4804  0.0001 
 7.92206  36.5  0.0001 
 7.875  36.7388  0.0001 
 7.84464  37.5  0.0001 
 7.825  37.8587  0.0001 
 7.775  37.5597  0.0001 
 7.725  37.9957  0.0001 
 7.68988  38.5  0.0001 
 7.675  38.7688  0.0001 
 7.63844  39.5  0.0001 
 7.625  39.6656  0.0001 
 7.575  39.8761  0.0001 
 7.54134  40.5  0.0001 
 7.525  40.8929  0.0001 
 7.475  40.9603  0.0001 
 7.44619  41.5  0.0001 
 7.425  41.8311  0.0001 
 7.375  41.9925  0.0001 
 7.34134  42.5  0.0001 
 7.325  42.7308  0.0001 
 7.275  42.9237  0.0001 
 7.25652  43.5  0.0001 
 7.225  44.0743  0.0001 
 7.175  44.2069  0.0001 
 7.125  44.2426  0.0001 
 7.10789  44.5  0.0001 
 7.075  45.1579  0.0001 
 7.04951  45.5  0.0001 
 7.025  45.6412  0.0001 
 6.975  45.9342  0.0001 
 6.925  45.91  0.0001 
 6.875  46.344  0.0001 
 6.825  46.4109  0.0001 
 6.81828  46.5  0.0001 
 6.816  47.5  0.0001 
 6.775  47.7124  0.0001 
 6.725  47.7294  0.0001 
 6.675  48.38  0.0001 
 6.66429  48.5  0.0001 
 6.625  48.7308  0.0001 
 6.575  49.0743  0.0001 
 6.525  48.881  0.0001 
 6.49951  49.5  0.0001 
 6.475  49.6562  0.0001 
 6.425  50.0952  0.0001 
 6.39963  50.5  0.0001 
 6.375  50.7185  0.0001 
 6.325  50.9342  0.0001 
 6.29671  51.5  0.0001 
 6.275  51.7185  0.0001 
 6.242  51.5  0.0001 
 6.225  51.344  0.0001 
 6.2165  51.5  0.0001 
 6.17738  52.5  0.0001 
 6.175  52.5317  0.0001 
 6.125  53.2857  0.0001 
 6.075  52.9342  0.0001 
 6.04671  53.5  0.0001 
 6.025  53.9342  0.0001 
 5.975  53.9925  0.0001 
 5.94134  54.5  0.0001 
 5.925  54.8929  0.0001 
 5.875  55.3152  0.0001 
 5.858  55.5  0.0001 
 5.825  56.2857  0.0001 
 5.775  56.2426  0.0001 
 5.74951  56.5  0.0001 
 5.725  56.8676  0.0001 
 5.70794  57.5  0.0001 
 5.675  58.4022  0.0001 

 8.97575  31.5  0.0001 
 8.975  31.4881  0.0001 
 8.97434  31.5  0.0001 
 8.975  31.5196  0.0001 
 8.97575  31.5  0.0001 


# Contour 5, label:    5e-05
 8.40037  45.5  5e-05 
 8.375  44.6905  5e-05 
 8.33452  45.5  5e-05 
 8.375  45.9474  5e-05 
 8.40037  45.5  5e-05 

 8.54524  30.5  5e-05 
 8.525  30.2119  5e-05 
 8.50476  30.5  5e-05 
 8.525  31.0152  5e-05 
 8.54524  30.5  5e-05 

 8.975  29.5  5e-05 

 8.98382  27.5  5e-05 
 8.975  27.3235  5e-05 
 8.96429  27.5  5e-05 
 8.975  27.6525  5e-05 
 8.98382  27.5  5e-05 

 9.04737  35.5  5e-05 
 9.025  34.82  5e-05 
 8.991  35.5  5e-05 
 9.025  35.9048  5e-05 
 9.04737  35.5  5e-05 

 7.625  54.5  5e-05 
 7.66766  53.5  5e-05 
 7.675  53.0152  5e-05 
 7.69451  53.5  5e-05 
 7.725  53.8333  5e-05 
 7.75549  53.5  5e-05 
 7.775  52.86  5e-05 
 7.78824  52.5  5e-05 
 7.825  51.9048  5e-05 
 7.875  52.5  5e-05 
 7.84524  51.5  5e-05 
 7.875  51  5e-05 
 7.925  50.7537  5e-05 
 7.95076  50.5  5e-05 
 7.96536  49.5  5e-05 
 7.975  49.3632  5e-05 
 8.025  48.7647  5e-05 
 8.075  49.0152  5e-05 
 8.109  48.5  5e-05 
 8.10986  47.5  5e-05 
 8.125  46.84  5e-05 
 8.175  46.5  5e-05 
 8.225  46.2241  5e-05 
 8.275  46.0294  5e-05 
 8.30147  45.5  5e-05 
 8.31269  44.5  5e-05 
 8.325  44.2925  5e-05 
 8.375  44.3806  5e-05 
 8.425  44.5  5e-05 
 8.41012  43.5  5e-05 
 8.425  43.2024  5e-05 
 8.475  43.5  5e-05 
 8.51012  42.5  5e-05 
 8.525  42.1711  5e-05 
 8.55  42.5  5e-05 
 8.575  42.8731  5e-05 
 8.60549  42.5  5e-05 
 8.61353  41.5  5e-05 
 8.625  40.9048  5e-05 
 8.675  41.3095  5e-05 
 8.69737  40.5  5e-05 
 8.725  39.8731  5e-05 
 8.775  39.5  5e-05 
 8.825  39.5  5e-05 
 8.875  38.7143  5e-05 
 8.893  38.5  5e-05 
 8.91288  37.5  5e-05 
 8.875  36.7424  5e-05 
 8.87024  36.5  5e-05 
 8.875  36.0294  5e-05 
 8.925  35.5  5e-05 
 8.967  34.5  5e-05 
 8.925  33.8731  5e-05 
 8.90381  33.5  5e-05 
 8.925  32.5  5e-05 
 8.975  33.5  5e-05 
 9.025  33.18  5e-05 
 9.042  32.5  5e-05 

 5.975  53.6194  5e-05 
 5.925  54.16  5e-05 
 5.90476  54.5  5e-05 
 5.875  54.7717  5e-05 
 5.825  55.0952  5e-05 
 5.80476  55.5  5e-05 
 5.775  55.7475  5e-05 
 5.725  56.069  5e-05 
 5.70345  56.5  5e-05 
 5.6881  57.5  5e-05 
 5.675  57.8587  5e-05 
 5.63567  58.5  5e-05 
 5.625  58.9848  5e-05 
 5.608  59.5  5e-05 
 5.575  60.2857  5e-05 
 5.56737  60.5  5e-05 
 5.55345  61.5  5e-05 
 5.55  62.5  5e-05 
 5.525  63.5  5e-05 
 5.49758  64.5  5e-05 
 5.525  65.2612  5e-05 
 5.53694  65.5  5e-05 
 5.525  65.9848  5e-05 
 5.51231  66.5  5e-05 
 5.525  67.5  5e-05 
 5.53452  68.5  5e-05 
 5.54451  69.5  5e-05 
 5.525  70.14  5e-05 
 5.51429  70.5  5e-05 
 5.525  70.7647  5e-05 
 5.575  70.5  5e-05 
 5.59853  71.5  5e-05 
 5.625  72.5  5e-05 
 5.66737  73.5  5e-05 
 5.675  73.7647  5e-05 
 5.68988  74.5  5e-05 
 5.725  75.1413  5e-05 
 5.76429  75.5  5e-05 
 5.775  75.7647  5e-05 
 5.80147  75.5  5e-05 
 5.825  75.18  5e-05 
 5.859  74.5  5e-05 
 5.875  74.4266  5e-05 
 5.88097  74.5  5e-05 
 5.925  75.5  5e-05 
 5.975  75.2576  5e-05 
 6.025  75.3095  5e-05 
 6.075  74.86  5e-05 
 6.125  75  5e-05 
 6.15  74.5  5e-05 
 6.14655  73.5  5e-05 
 6.175  73.17  5e-05 
 6.225  73.1098  5e-05 
 6.275  73.5  5e-05 
 6.325  73.17  5e-05 
 6.375  72.5  5e-05 
 6.375  71.5  5e-05 
 6.425  70.86  5e-05 
 6.475  71.2241  5e-05 
 6.525  70.7143  5e-05 
 6.53824  70.5  5e-05 
 6.575  70.2525  5e-05 
 6.60986  69.5  5e-05 
 6.625  69.17  5e-05 
 6.675  68.7143  5e-05 
 6.68263  68.5  5e-05 
 6.725  67.8333  5e-05 
 6.75  67.5  5e-05 
 6.775  67.1711  5e-05 
 6.825  67.0075  5e-05 
 6.85037  66.5  5e-05 
 6.875  66.2537  5e-05 
 6.92133  65.5  5e-05 
 6.925  65.0294  5e-05 
 6.975  65.5  5e-05 
 6.943  64.5  5e-05 
 6.975  63.86  5e-05 
 6.993  63.5  5e-05 
 7.025  63.2241  5e-05 
 7.075  62.7647  5e-05 
 7.08824  62.5  5e-05 
 7.125  62.2283  5e-05 
 7.16967  61.5  5e-05 
 7.175  61.4048  5e-05 
 7.19853  61.5  5e-05 
 7.225  61.7143  5e-05 
 7.23263  61.5  5e-05 
 7.275  60.5  5e-05 
 7.325  59.5  5e-05 
 7.375  58.9048  5e-05 
 7.39524  58.5  5e-05 
 7.41433  57.5  5e-05 
 7.425  57.0152  5e-05 
 7.475  56.9048  5e-05 
 7.525  56.6765  5e-05 
 7.53571  56.5  5e-05 
 7.56433  55.5  5e-05 
 7.575  54.5  5e-05 
 7.625  54.5  5e-05 

 9.042  32.5  5e-05 
 9.025  31.9848  5e-05 
 9.01306  31.5  5e-05 
 8.975  30.8929  5e-05 
 8.925  30.5  5e-05 
 8.875  30.3235  5e-05 
 8.86737  30.5  5e-05 
 8.875  30.86  5e-05 
 8.925  30.5  5e-05 
 8.94145  31.5  5e-05 
 8.925  32.5  5e-05 
 8.875  31.9848  5e-05 
 8.825  31.5  5e-05 
 8.775  30.8731  5e-05 
 8.73879  31.5  5e-05 
 8.725  32.14  5e-05 
 8.693  31.5  5e-05 
 8.675  31.2353  5e-05 
 8.625  31.5  5e-05 
 8.575  31.94  5e-05 
 8.525  31.8902  5e-05 
 8.475  31.5  5e-05 
 8.425  32.0952  5e-05 
 8.375  32.2353  5e-05 
 8.325  32.5  5e-05 
 8.275  33.5  5e-05 
 8.225  32.5  5e-05 
 8.175  33.2353  5e-05 
 8.157  33.5  5e-05 
 8.175  34.0294  5e-05 
 8.18033  34.5  5e-05 
 8.175  34.5684  5e-05 
 8.167  34.5  5e-05 
 8.125  33.7759  5e-05 
 8.075  34.0952  5e-05 
 8.05476  34.5  5e-05 
 8.025  35.5  5e-05 
 7.975  35.5792  5e-05 
 7.925  35.5  5e-05 
 7.925  34.5  5e-05 
 7.925  35.5  5e-05 
 7.875  36.0526  5e-05 
 7.825  35.7424  5e-05 
 7.8  36.5  5e-05 
 7.775  36.8731  5e-05 
 7.733  37.5  5e-05 
 7.725  37.5684  5e-05 
 7.675  37.8902  5e-05 
 7.64451  38.5  5e-05 
 7.625  38.8902  5e-05 
 7.575  39.14  5e-05 
 7.557  39.5  5e-05 
 7.525  39.9848  5e-05 
 7.491  40.5  5e-05 
 7.475  40.5635  5e-05 
 7.425  41.5  5e-05 
 7.375  41.6194  5e-05 
 7.325  41.9848  5e-05 
 7.275  42.069  5e-05 
 7.24451  42.5  5e-05 
 7.22935  43.5  5e-05 
 7.225  43.5792  5e-05 
 7.20147  43.5  5e-05 
 7.175  42.5  5e-05 
 7.16176  43.5  5e-05 
 7.125  43.7475  5e-05 
 7.075  44.5  5e-05 
 7.025  45  5e-05 
 6.975  45.2119  5e-05 
 6.925  45.2857  5e-05 
 6.91618  45.5  5e-05 
 6.875  45.8853  5e-05 
 6.825  45.9158  5e-05 
 6.78097  46.5  5e-05 
 6.775  46.9706  5e-05 
 6.725  47.1269  5e-05 
 6.69451  47.5  5e-05 
 6.675  47.7133  5e-05 
 6.625  48.2119  5e-05 
 6.591  48.5  5e-05 
 6.575  48.5792  5e-05 
 6.56548  48.5  5e-05 
 6.525  47.82  5e-05 
 6.49963  48.5  5e-05 
 6.475  49.069  5e-05 
 6.425  49.5  5e-05 
 6.375  49.9848  5e-05 
 6.325  49.9848  5e-05 
 6.31059  50.5  5e-05 
 6.275  51.2119  5e-05 
 6.225  50.8853  5e-05 
 6.1915  51.5  5e-05 
 6.175  51.94  5e-05 
 6.125  51.9848  5e-05 
 6.075  52.2119  5e-05 
 6.04924  52.5  5e-05 
 6.025  52.9848  5e-05 
 5.99924  53.5  5e-05 
 5.975  53.6194  5e-05 

 9.075  30.5  5e-05 

 9.275  26.5  5e-05 


# Contour 6, label:    1e-05
 5.56389  74.5  1e-05 
 5.525  74.0882  1e-05 
 5.50441  74.5  1e-05 
 5.525  74.9118  1e-05 
 5.56389  74.5  1e-05 

 5.52619  62.5  1e-05 
 5.525  62.2778  1e-05 
 5.51389  62.5  1e-05 
 5.525  62.5476  1e-05 
 5.52619  62.5  1e-05 

 5.70441  75.5  1e-05 
 5.675  75.1  1e-05 
 5.655  75.5  1e-05 
 5.675  76.0882  1e-05 
 5.70441  75.5  1e-05 

 7.94559  54.5  1e-05 
 7.925  54.0882  1e-05 
 7.90441  54.5  1e-05 
 7.925  54.9118  1e-05 
 7.94559  54.5  1e-05 

 8.39559  48.5  1e-05 
 8.375  48.0882  1e-05 
 8.35441  48.5  1e-05 
 8.375  48.9118  1e-05 
 8.39559  48.5  1e-05 

 8.54559  46.5  1e-05 
 8.525  46.0882  1e-05 
 8.50441  46.5  1e-05 
 8.525  46.9118  1e-05 
 8.54559  46.5  1e-05 

 8.81389  27.5  1e-05 
 8.775  27.0882  1e-05 
 8.75441  27.5  1e-05 
 8.775  27.9118  1e-05 
 8.81389  27.5  1e-05 

 8.995  28.5  1e-05 
 8.975  28.3305  1e-05 
 8.96029  28.5  1e-05 
 8.975  28.7  1e-05 
 8.995  28.5  1e-05 

 8.99559  24.5  1e-05 
 8.975  24.0882  1e-05 
 8.925  24.0882  1e-05 
 8.90441  24.5  1e-05 
 8.90441  25.5  1e-05 
 8.925  26.2778  1e-05 
 8.96389  25.5  1e-05 
 8.975  25.2778  1e-05 
 8.99559  24.5  1e-05 

 9.06389  26.5  1e-05 
 9.025  26.0882  1e-05 
 8.98611  26.5  1e-05 
 9.025  27.2778  1e-05 
 9.06389  26.5  1e-05 

 9.14559  38.5  1e-05 
 9.125  38.0882  1e-05 
 9.10441  38.5  1e-05 
 9.125  38.9118  1e-05 
 9.14559  38.5  1e-05 

 9.205  37.5  1e-05 
 9.175  36.6176  1e-05 
 9.145  37.5  1e-05 
 9.175  38.1  1e-05 
 9.205  37.5  1e-05 

 7.725  54.3667  1e-05 
 7.745  54.5  1e-05 
 7.775  55.1  1e-05 
 7.825  55.1  1e-05 
 7.855  54.5  1e-05 
 7.825  53.6176  1e-05 
 7.82115  53.5  1e-05 
 7.825  53.3824  1e-05 
 7.875  53.4524  1e-05 
 7.92262  52.5  1e-05 
 7.905  51.5  1e-05 
 7.925  51.3507  1e-05 
 7.975  51.2059  1e-05 
 8.01029  50.5  1e-05 
 8.025  50.1  1e-05 
 8.0369  50.5  1e-05 
 8.075  51.4412  1e-05 
 8.1131  50.5  1e-05 
 8.11029  49.5  1e-05 
 8.125  49.2619  1e-05 
 8.15441  49.5  1e-05 
 8.175  49.9118  1e-05 
 8.19559  49.5  1e-05 
 8.225  49.2059  1e-05 
 8.26029  48.5  1e-05 
 8.275  48.1  1e-05 
 8.31912  47.5  1e-05 
 8.325  47.3824  1e-05 
 8.36912  46.5  1e-05 
 8.375  46.4737  1e-05 
 8.38611  46.5  1e-05 
 8.425  46.9118  1e-05 
 8.44559  46.5  1e-05 
 8.46389  45.5  1e-05 
 8.47262  44.5  1e-05 
 8.475  44.4524  1e-05 
 8.525  44.2778  1e-05 
 8.56389  43.5  1e-05 
 8.575  43.4701  1e-05 
 8.625  43.2059  1e-05 
 8.675  43.2778  1e-05 
 8.725  43.4412  1e-05 
 8.77206  42.5  1e-05 
 8.77115  41.5  1e-05 
 8.725  40.5769  1e-05 
 8.72368  40.5  1e-05 
 8.725  40.4701  1e-05 
 8.72885  40.5  1e-05 
 8.775  41.4231  1e-05 
 8.78088  41.5  1e-05 
 8.825  42.1  1e-05 
 8.875  41.9118  1e-05 
 8.91389  41.5  1e-05 
 8.875  41.0882  1e-05 
 8.86029  40.5  1e-05 
 8.875  39.9118  1e-05 
 8.925  40.2059  1e-05 
 8.975  40.2778  1e-05 
 8.99559  39.5  1e-05 
 8.975  38.7222  1e-05 
 8.97115  38.5  1e-05 
 8.975  38.2778  1e-05 
 8.97885  38.5  1e-05 
 9.025  39.2059  1e-05 
 9.06029  38.5  1e-05 
 9.04559  37.5  1e-05 
 9.025  37.0882  1e-05 
 8.975  37.0882  1e-05 
 8.96029  36.5  1e-05 
 8.975  36.2059  1e-05 
 9.025  36.381  1e-05 
 9.07368  35.5  1e-05 
 9.075  35.3824  1e-05 
 9.08611  35.5  1e-05 
 9.125  35.9118  1e-05 
 9.16389  35.5  1e-05 
 9.17206  34.5  1e-05 
 9.175  34.3824  1e-05 
 9.18611  34.5  1e-05 
 9.225  34.9118  1e-05 
 9.26389  34.5  1e-05 

 5.805  77.5  1e-05 
 5.825  76.9118  1e-05 
 5.86389  76.5  1e-05 
 5.875  76.4231  1e-05 
 5.88611  76.5  1e-05 
 5.88611  77.5  1e-05 
 5.925  77.9118  1e-05 
 5.94559  77.5  1e-05 
 5.975  76.9118  1e-05 
 5.995  77.5  1e-05 
 6.025  78.1  1e-05 
 6.05441  78.5  1e-05 
 6.075  78.9118  1e-05 
 6.09559  78.5  1e-05 
 6.075  77.7222  1e-05 
 6.06912  77.5  1e-05 
 6.06389  76.5  1e-05 
 6.075  76.4231  1e-05 
 6.125  76.1  1e-05 
 6.16912  75.5  1e-05 
 6.175  75.3824  1e-05 
 6.225  75.2059  1e-05 
 6.275  74.9118  1e-05 
 6.29559  74.5  1e-05 
 6.325  73.9118  1e-05 
 6.375  74.1  1e-05 
 6.41912  73.5  1e-05 
 6.425  73.2778  1e-05 
 6.46389  72.5  1e-05 
 6.475  72.4231  1e-05 
 6.525  71.9118  1e-05 
 6.575  72.2778  1e-05 
 6.59559  71.5  1e-05 
 6.61912  70.5  1e-05 
 6.625  70.2778  1e-05 
 6.675  70.2778  1e-05 
 6.68611  70.5  1e-05 
 6.725  70.9118  1e-05 
 6.76389  70.5  1e-05 
 6.725  70.0882  1e-05 
 6.69559  69.5  1e-05 
 6.71653  68.5  1e-05 
 6.725  68.3667  1e-05 
 6.745  68.5  1e-05 
 6.745  69.5  1e-05 
 6.775  70.3824  1e-05 
 6.805  69.5  1e-05 
 6.81912  68.5  1e-05 
 6.825  68.2778  1e-05 
 6.86389  67.5  1e-05 
 6.875  67.2778  1e-05 
 6.925  66.9118  1e-05 
 6.96389  66.5  1e-05 
 6.975  66.4524  1e-05 
 7.025  66.4231  1e-05 
 7.07115  65.5  1e-05 
 7.075  65.2778  1e-05 
 7.09559  64.5  1e-05 
 7.11912  63.5  1e-05 
 7.125  63.3824  1e-05 
 7.175  63.1  1e-05 
 7.225  63.2778  1e-05 
 7.24559  62.5  1e-05 
 7.26653  61.5  1e-05 
 7.275  61.3  1e-05 
 7.30441  61.5  1e-05 
 7.325  62.2778  1e-05 
 7.33611  62.5  1e-05 
 7.375  63.2778  1e-05 
 7.39559  62.5  1e-05 
 7.375  62.0882  1e-05 
 7.34559  61.5  1e-05 
 7.375  61.1  1e-05 
 7.425  61.1  1e-05 
 7.455  60.5  1e-05 
 7.46912  59.5  1e-05 
 7.455  58.5  1e-05 
 7.475  58.1  1e-05 
 7.495  58.5  1e-05 
 7.525  59.1  1e-05 
 7.56912  58.5  1e-05 
 7.525  57.6176  1e-05 
 7.51912  57.5  1e-05 
 7.525  57.4608  1e-05 
 7.53088  57.5  1e-05 
 7.575  58.3824  1e-05 
 7.625  58.2778  1e-05 
 7.66389  57.5  1e-05 
 7.625  57.0882  1e-05 
 7.59559  56.5  1e-05 
 7.625  56.2059  1e-05 
 7.65441  56.5  1e-05 
 7.675  57.2778  1e-05 
 7.71389  56.5  1e-05 
 7.675  55.7222  1e-05 
 7.67115  55.5  1e-05 
 7.675  55.2778  1e-05 
 7.69559  54.5  1e-05 
 7.725  54.3667  1e-05 

 6.725  46.5299  1e-05 
 6.675  46.5769  1e-05 
 6.66389  46.5  1e-05 
 6.625  46.0882  1e-05 
 6.60441  46.5  1e-05 
 6.625  47.2778  1e-05 
 6.62885  47.5  1e-05 
 6.625  47.5339  1e-05 
 6.575  47.5588  1e-05 
 6.57115  47.5  1e-05 
 6.525  46.7941  1e-05 
 6.48971  47.5  1e-05 
 6.475  48.0882  1e-05 
 6.45441  48.5  1e-05 
 6.425  48.7  1e-05 
 6.39559  48.5  1e-05 
 6.375  47.7222  1e-05 
 6.35441  48.5  1e-05 
 6.325  48.7941  1e-05 
 6.27885  49.5  1e-05 
 6.27669  50.5  1e-05 
 6.275  50.5339  1e-05 
 6.225  50.5183  1e-05 
 6.21389  50.5  1e-05 
 6.175  50.0882  1e-05 
 6.13611  50.5  1e-05 
 6.125  50.5769  1e-05 
 6.11389  50.5  1e-05 
 6.075  50.0882  1e-05 
 6.05441  50.5  1e-05 
 6.075  51.2778  1e-05 
 6.07885  51.5  1e-05 
 6.075  51.5339  1e-05 
 6.06912  51.5  1e-05 
 6.025  50.9  1e-05 
 5.995  51.5  1e-05 
 5.975  51.7381  1e-05 
 5.92794  52.5  1e-05 
 5.925  52.7222  1e-05 
 5.88611  53.5  1e-05 
 5.875  53.6176  1e-05 
 5.825  53.9  1e-05 
 5.78088  54.5  1e-05 
 5.775  54.6176  1e-05 
 5.725  55.0882  1e-05 
 5.70441  55.5  1e-05 
 5.675  56.0882  1e-05 
 5.65441  56.5  1e-05 
 5.65441  57.5  1e-05 
 5.625  57.7941  1e-05 
 5.59559  57.5  1e-05 
 5.575  57.0882  1e-05 
 5.55441  57.5  1e-05 
 5.575  57.9118  1e-05 
 5.58971  58.5  1e-05 
 5.575  59.0882  1e-05 
 5.55441  59.5  1e-05 
 5.53347  60.5  1e-05 
 5.525  61.0882  1e-05 
 5.475  60.6176  1e-05 
 5.445  61.5  1e-05 
 5.45441  62.5  1e-05 
 5.475  63.2778  1e-05 
 5.47738  63.5  1e-05 
 5.47608  64.5  1e-05 
 5.475  64.6176  1e-05 
 5.43088  65.5  1e-05 
 5.475  66.1  1e-05 
 5.48246  66.5  1e-05 
 5.475  66.9  1e-05 
 5.44559  66.5  1e-05 
 5.425  65.7222  1e-05 
 5.40441  66.5  1e-05 
 5.425  67.2778  1e-05 
 5.43088  67.5  1e-05 
 5.45441  68.5  1e-05 
 5.45441  69.5  1e-05 
 5.45441  70.5  1e-05 
 5.475  70.9118  1e-05 
 5.495  71.5  1e-05 
 5.525  72.1  1e-05 
 5.575  72.4412  1e-05 
 5.57738  72.5  1e-05 
 5.625  73.3  1e-05 
 5.63347  73.5  1e-05 
 5.625  73.9  1e-05 
 5.605  73.5  1e-05 
 5.575  72.6176  1e-05 
 5.545  73.5  1e-05 
 5.575  74.3824  1e-05 
 5.58088  74.5  1e-05 
 5.58088  75.5  1e-05 
 5.625  76.1  1e-05 
 5.65441  76.5  1e-05 
 5.675  76.9118  1e-05 
 5.70441  77.5  1e-05 
 5.725  78.2778  1e-05 
 5.775  78.1  1e-05 
 5.805  77.5  1e-05 

 9.26389  34.5  1e-05 
 9.225  33.7222  1e-05 
 9.21912  33.5  1e-05 
 9.2131  32.5  1e-05 
 9.175  31.5588  1e-05 
 9.125  31.7381  1e-05 
 9.105  31.5  1e-05 
 9.125  31.1  1e-05 
 9.16912  30.5  1e-05 
 9.16389  29.5  1e-05 
 9.125  28.7222  1e-05 
 9.12206  28.5  1e-05 
 9.075  27.5588  1e-05 
 9.025  27.6176  1e-05 
 9.02304  27.5  1e-05 
 8.975  26.5392  1e-05 
 8.925  26.7222  1e-05 
 8.90441  27.5  1e-05 
 8.87885  28.5  1e-05 
 8.88611  29.5  1e-05 
 8.875  29.5392  1e-05 
 8.87115  29.5  1e-05 
 8.825  28.7941  1e-05 
 8.77885  29.5  1e-05 
 8.825  30.2059  1e-05 
 8.83347  30.5  1e-05 
 8.825  30.7  1e-05 
 8.805  30.5  1e-05 
 8.775  29.6176  1e-05 
 8.76912  29.5  1e-05 
 8.725  28.9  1e-05 
 8.675  28.6176  1e-05 
 8.63088  29.5  1e-05 
 8.625  29.6176  1e-05 
 8.61389  29.5  1e-05 
 8.575  28.7222  1e-05 
 8.53611  29.5  1e-05 
 8.525  29.5339  1e-05 
 8.475  29.9  1e-05 
 8.425  29.7381  1e-05 
 8.375  29.9  1e-05 
 8.325  30.0882  1e-05 
 8.30441  30.5  1e-05 
 8.28611  31.5  1e-05 
 8.275  31.6176  1e-05 
 8.225  31.5476  1e-05 
 8.175  31.9  1e-05 
 8.125  32.0882  1e-05 
 8.10441  32.5  1e-05 
 8.075  32.9  1e-05 
 8.06029  32.5  1e-05 
 8.025  31.7941  1e-05 
 7.98971  32.5  1e-05 
 8.00441  33.5  1e-05 
 7.975  33.7381  1e-05 
 7.925  33.7  1e-05 
 7.885  34.5  1e-05 
 7.87738  35.5  1e-05 
 7.875  35.5263  1e-05 
 7.87206  35.5  1e-05 
 7.825  34.5588  1e-05 
 7.77794  35.5  1e-05 
 7.775  35.6176  1e-05 
 7.73088  36.5  1e-05 
 7.725  36.5588  1e-05 
 7.71912  36.5  1e-05 
 7.675  35.6176  1e-05 
 7.645  36.5  1e-05 
 7.625  36.9  1e-05 
 7.575  36.9  1e-05 
 7.53088  37.5  1e-05 
 7.525  37.6176  1e-05 
 7.48088  38.5  1e-05 
 7.475  38.6176  1e-05 
 7.425  38.7222  1e-05 
 7.375  38.7222  1e-05 
 7.33611  39.5  1e-05 
 7.32794  40.5  1e-05 
 7.325  40.5769  1e-05 
 7.275  40.7222  1e-05 
 7.225  41.0882  1e-05 
 7.18611  41.5  1e-05 
 7.175  41.5476  1e-05 
 7.125  42.0882  1e-05 
 7.08611  42.5  1e-05 
 7.075  42.6176  1e-05 
 7.045  43.5  1e-05 
 7.025  43.9  1e-05 
 6.98088  44.5  1e-05 
 6.975  44.5339  1e-05 
 6.96389  44.5  1e-05 
 6.925  43.7222  1e-05 
 6.90441  44.5  1e-05 
 6.87696  45.5  1e-05 
 6.875  45.5183  1e-05 
 6.825  45.5198  1e-05 
 6.775  45.7381  1e-05 
 6.72794  46.5  1e-05 
 6.725  46.5299  1e-05 

 9.31389  30.5  1e-05 
 9.275  30.0882  1e-05 
 9.24559  29.5  1e-05 
 9.26912  28.5  1e-05 
 9.225  27.6176  1e-05 
 9.21389  27.5  1e-05 
 9.175  26.7222  1e-05 
 9.16389  26.5  1e-05 
 9.125  26.0882  1e-05 
 9.08611  26.5  1e-05 
 9.08611  27.5  1e-05 
 9.125  28.2778  1e-05 
 9.12885  28.5  1e-05 
 9.175  29.4231  1e-05 
 9.18611  29.5  1e-05 
 9.18611  30.5  1e-05 
 9.225  30.9118  1e-05 
 9.25441  31.5  1e-05 
 9.275  31.9118  1e-05 
 9.31389  31.5  1e-05 
 9.31389  30.5  1e-05 

 9.42115  27.5  1e-05 
 9.375  26.5769  1e-05 
 9.36389  26.5  1e-05 
 9.34559  25.5  1e-05 
 9.355  24.5  1e-05 
 9.34559  23.5  1e-05 
 9.325  23.0882  1e-05 
 9.305  22.5  1e-05 
 9.275  21.9  1e-05 
 9.23088  22.5  1e-05 
 9.275  23.3824  1e-05 
 9.28611  23.5  1e-05 
 9.28088  24.5  1e-05 
 9.275  24.6176  1e-05 
 9.26389  24.5  1e-05 
 9.225  23.7222  1e-05 
 9.21389  23.5  1e-05 
 9.175  23.0882  1e-05 
 9.15441  23.5  1e-05 
 9.13611  24.5  1e-05 
 9.175  24.9118  1e-05 
 9.20441  25.5  1e-05 
 9.18611  26.5  1e-05 
 9.225  27.2778  1e-05 
 9.275  27.4524  1e-05 
 9.28611  27.5  1e-05 
 9.325  28.2778  1e-05 
 9.33088  28.5  1e-05 
 9.325  28.5769  1e-05 
 9.28971  29.5  1e-05 
 9.325  30.4231  1e-05 
 9.375  30.2778  1e-05 
 9.41389  29.5  1e-05 
 9.405  28.5  1e-05 
 9.42115  27.5  1e-05 

 9.455  25.5  1e-05 
 9.425  24.6176  1e-05 
 9.395  25.5  1e-05 
 9.425  26.3824  1e-05 
 9.455  25.5  1e-05 

 9.455  23.5  1e-05 
 9.425  22.9  1e-05 
 9.39559  22.5  1e-05 
 9.375  21.7222  1e-05 
 9.35441  22.5  1e-05 
 9.375  22.9118  1e-05 
 9.395  23.5  1e-05 
 9.425  24.3824  1e-05 
 9.455  23.5  1e-05 

 9.49559  30.5  1e-05 
 9.475  30.0882  1e-05 
 9.45441  30.5  1e-05 
 9.475  30.9118  1e-05 
 9.49559  30.5  1e-05 

 9.54559  23.5  1e-05 
 9.525  23.0882  1e-05 
 9.50441  23.5  1e-05 
 9.525  24.2778  1e-05 
 9.54559  23.5  1e-05 

 9.59559  20.5  1e-05 
 9.575  20.0882  1e-05 
 9.55441  20.5  1e-05 
 9.575  20.9118  1e-05 
 9.59559  20.5  1e-05 

 9.69559  31.5  1e-05 
 9.675  31.0882  1e-05 
 9.65441  31.5  1e-05 
 9.675  32.2778  1e-05 
 9.69559  31.5  1e-05 

 9.71389  28.5  1e-05 
 9.675  28.0882  1e-05 
 9.625  28.0882  1e-05 
 9.575  28.0882  1e-05 
 9.525  28.0882  1e-05 
 9.48611  28.5  1e-05 
 9.525  29.2778  1e-05 
 9.575  29.2778  1e-05 
 9.625  28.9118  1e-05 
 9.675  28.9118  1e-05 
 9.71389  28.5  1e-05 

 9.89559  25.5  1e-05 
 9.875  25.0882  1e-05 
 9.85441  25.5  1e-05 
 9.875  26.2778  1e-05 
 9.89559  25.5  1e-05 

 9.99559  26.5  1e-05 
 9.975  26.0882  1e-05 
 9.95441  26.5  1e-05 
 9.975  27.2778  1e-05 
 9.99559  26.5  1e-05 

