
# Surface 0 of 1 surfaces

# Curve title: ""../GalNAc/GNC_2D_NOSum-ONO.txt" using 1:2:3"
# Contour 0, label:    0.004
 6.34669  59.5  0.004 
 6.325  59.1667  0.004 
 6.31283  59.5  0.004 
 6.275  60.0916  0.004 
 6.22584  60.5  0.004 
 6.275  60.9783  0.004 
 6.325  60.7101  0.004 
 6.32868  60.5  0.004 
 6.34669  59.5  0.004 


# Contour 1, label:    0.002
 6.90957  53.5  0.002 
 6.875  52.5305  0.002 
 6.87206  52.5  0.002 
 6.825  52.2554  0.002 
 6.79221  52.5  0.002 
 6.775  52.6132  0.002 
 6.73032  52.5  0.002 
 6.725  52.4922  0.002 
 6.72417  52.5  0.002 
 6.675  53.0025  0.002 
 6.625  53.0799  0.002 
 6.575  53.3014  0.002 
 6.54336  53.5  0.002 
 6.525  53.6526  0.002 
 6.475  54.2081  0.002 
 6.425  54.3828  0.002 
 6.40875  54.5  0.002 
 6.375  54.7691  0.002 
 6.325  55.2885  0.002 
 6.30652  55.5  0.002 
 6.275  55.7638  0.002 
 6.225  56.1328  0.002 
 6.19939  56.5  0.002 
 6.175  56.8964  0.002 
 6.12758  57.5  0.002 
 6.125  57.531  0.002 
 6.075  58.1803  0.002 
 6.05345  58.5  0.002 
 6.025  58.8029  0.002 
 5.98476  59.5  0.002 
 5.975  60.045  0.002 
 5.96206  60.5  0.002 
 5.925  61.2218  0.002 
 5.91421  61.5  0.002 
 5.89863  62.5  0.002 
 5.91121  63.5  0.002 
 5.91466  64.5  0.002 
 5.925  64.7905  0.002 
 5.96206  65.5  0.002 
 5.975  65.6079  0.002 
 6.025  65.8116  0.002 
 6.075  66.1553  0.002 
 6.125  65.9841  0.002 
 6.175  65.8224  0.002 
 6.21013  65.5  0.002 
 6.225  65.4065  0.002 
 6.275  64.908  0.002 
 6.325  64.7219  0.002 
 6.34466  64.5  0.002 
 6.375  64.2013  0.002 
 6.425  63.8402  0.002 
 6.44944  63.5  0.002 
 6.475  63.0804  0.002 
 6.525  62.5346  0.002 
 6.52794  62.5  0.002 
 6.575  61.5811  0.002 
 6.58145  61.5  0.002 
 6.625  61.0091  0.002 
 6.65093  60.5  0.002 
 6.675  60.2447  0.002 
 6.71027  59.5  0.002 
 6.725  59.0749  0.002 
 6.7605  58.5  0.002 
 6.775  58.2193  0.002 
 6.825  57.6019  0.002 
 6.8303  57.5  0.002 
 6.8464  56.5  0.002 
 6.875  55.8268  0.002 
 6.88659  55.5  0.002 
 6.91674  54.5  0.002 
 6.90957  53.5  0.002 


# Contour 2, label:    0.001
 7.125  54.2162  0.001 
 7.175  53.5328  0.001 
 7.17715  53.5  0.001 
 7.1974  52.5  0.001 
 7.225  52.0391  0.001 
 7.25344  51.5  0.001 
 7.275  51.0276  0.001 
 7.2966  50.5  0.001 
 7.325  49.8168  0.001 
 7.34382  49.5  0.001 
 7.35714  48.5  0.001 

 7.35714  48.5  0.001 
 7.325  47.9179  0.001 
 7.275  48.2892  0.001 
 7.225  48.1821  0.001 
 7.175  48.2633  0.001 
 7.13974  48.5  0.001 
 7.125  48.6011  0.001 
 7.075  48.5929  0.001 
 7.025  48.9922  0.001 
 6.98034  49.5  0.001 
 6.975  49.5814  0.001 
 6.925  49.5899  0.001 
 6.875  49.6891  0.001 
 6.825  49.9707  0.001 
 6.775  50.4796  0.001 
 6.77128  50.5  0.001 
 6.725  50.6921  0.001 
 6.675  50.9354  0.001 
 6.625  51.3109  0.001 
 6.60841  51.5  0.001 
 6.575  51.7656  0.001 
 6.525  52.1392  0.001 
 6.475  52.3205  0.001 
 6.45896  52.5  0.001 
 6.425  52.8611  0.001 
 6.375  53.2906  0.001 
 6.35146  53.5  0.001 
 6.325  53.6764  0.001 
 6.275  54.0904  0.001 
 6.24933  54.5  0.001 
 6.225  54.7797  0.001 
 6.175  55.1048  0.001 
 6.14194  55.5  0.001 
 6.125  55.6609  0.001 
 6.075  56.067  0.001 
 6.04051  56.5  0.001 
 6.025  56.8533  0.001 
 5.975  57.2725  0.001 
 5.95896  57.5  0.001 
 5.92771  58.5  0.001 
 5.925  58.5583  0.001 
 5.875  59.1856  0.001 
 5.85787  59.5  0.001 
 5.84013  60.5  0.001 
 5.825  60.9519  0.001 
 5.80029  61.5  0.001 
 5.79382  62.5  0.001 
 5.775  63.1275  0.001 
 5.76585  63.5  0.001 
 5.775  64.0491  0.001 
 5.78454  64.5  0.001 
 5.79315  65.5  0.001 
 5.825  66.408  0.001 
 5.8285  66.5  0.001 
 5.85404  67.5  0.001 
 5.875  67.8139  0.001 
 5.925  68.0583  0.001 
 5.96639  68.5  0.001 
 5.975  68.5745  0.001 
 5.98583  68.5  0.001 
 6.025  68.2072  0.001 
 6.0623  68.5  0.001 
 6.075  68.5988  0.001 
 6.08712  68.5  0.001 
 6.125  68.2033  0.001 
 6.175  67.9316  0.001 
 6.22128  67.5  0.001 
 6.225  67.4675  0.001 
 6.275  67.0573  0.001 
 6.325  66.6566  0.001 
 6.34634  66.5  0.001 
 6.375  66.2072  0.001 
 6.425  65.5128  0.001 
 6.42584  65.5  0.001 
 6.475  64.9548  0.001 
 6.51817  64.5  0.001 
 6.525  64.4443  0.001 
 6.575  64.1004  0.001 
 6.61929  63.5  0.001 
 6.625  63.3978  0.001 
 6.675  62.7948  0.001 
 6.69925  62.5  0.001 
 6.725  62.0071  0.001 
 6.75727  61.5  0.001 
 6.775  61.1736  0.001 
 6.81759  60.5  0.001 
 6.825  60.4227  0.001 
 6.87001  59.5  0.001 
 6.875  59.4013  0.001 
 6.925  58.6131  0.001 
 6.93296  58.5  0.001 
 6.975  57.8525  0.001 
 6.9865  57.5  0.001 
 7.02325  56.5  0.001 
 7.025  56.4492  0.001 
 7.075  55.6356  0.001 
 7.08199  55.5  0.001 
 7.11095  54.5  0.001 
 7.125  54.2162  0.001 


# Contour 3, label:   0.0005
 6.225  69.1997  0.0005 
 6.275  68.6727  0.0005 
 6.29588  68.5  0.0005 
 6.325  68.1989  0.0005 
 6.375  67.895  0.0005 
 6.40484  67.5  0.0005 
 6.425  67.2191  0.0005 
 6.475  66.6319  0.0005 
 6.48388  66.5  0.0005 
 6.525  66.0644  0.0005 
 6.56818  65.5  0.0005 
 6.575  65.445  0.0005 
 6.625  64.9226  0.0005 
 6.64975  64.5  0.0005 
 6.675  64.1473  0.0005 
 6.72065  63.5  0.0005 
 6.725  63.4526  0.0005 
 6.775  62.7913  0.0005 
 6.80292  62.5  0.0005 
 6.825  62.3166  0.0005 
 6.86369  61.5  0.0005 
 6.875  61.2971  0.0005 
 6.925  60.6988  0.0005 
 6.93651  60.5  0.0005 
 6.975  59.8593  0.0005 
 6.98864  59.5  0.0005 
 7.025  58.6919  0.0005 
 7.04181  58.5  0.0005 
 7.075  57.9828  0.0005 
 7.11304  57.5  0.0005 
 7.125  57.3634  0.0005 
 7.15841  56.5  0.0005 
 7.175  56.123  0.0005 
 7.21818  55.5  0.0005 
 7.225  55.3525  0.0005 
 7.26014  54.5  0.0005 
 7.275  54.2556  0.0005 
 7.325  53.6209  0.0005 
 7.33214  53.5  0.0005 
 7.37342  52.5  0.0005 
 7.375  52.4793  0.0005 
 7.425  51.6234  0.0005 
 7.43298  51.5  0.0005 
 7.475  50.8377  0.0005 
 7.525  50.9566  0.0005 
 7.54783  50.5  0.0005 
 7.575  49.6455  0.0005 
 7.58611  49.5  0.0005 
 7.625  49.0294  0.0005 
 7.6565  48.5  0.0005 
 7.675  48.2376  0.0005 
 7.725  48.1455  0.0005 
 7.775  47.5833  0.0005 
 7.79773  47.5  0.0005 
 7.825  47.3481  0.0005 
 7.85721  46.5  0.0005 
 7.875  46.2687  0.0005 
 7.925  45.9348  0.0005 
 7.94628  45.5  0.0005 
 7.975  45.0031  0.0005 
 8.025  44.6823  0.0005 
 8.03567  44.5  0.0005 
 8.075  43.6988  0.0005 
 8.125  43.5212  0.0005 
 8.12611  43.5  0.0005 
 8.14613  42.5  0.0005 
 8.175  41.7821  0.0005 
 8.225  42.5  0.0005 
 8.22979  41.5  0.0005 
 8.275  40.8654  0.0005 
 8.28758  40.5  0.0005 
 8.325  39.7517  0.0005 
 8.34327  39.5  0.0005 

 8.34327  39.5  0.0005 
 8.325  39.019  0.0005 
 8.3047  38.5  0.0005 
 8.275  38.1026  0.0005 
 8.23152  38.5  0.0005 
 8.225  38.5865  0.0005 
 8.20893  38.5  0.0005 
 8.175  38.31  0.0005 
 8.15917  38.5  0.0005 
 8.125  38.75  0.0005 
 8.075  38.6064  0.0005 
 8.025  39.0909  0.0005 
 7.975  39.0909  0.0005 
 7.925  39.3137  0.0005 
 7.875  39.5  0.0005 
 7.825  40.4747  0.0005 
 7.82275  40.5  0.0005 
 7.775  40.9802  0.0005 
 7.725  41.1547  0.0005 
 7.69891  41.5  0.0005 
 7.675  41.6767  0.0005 
 7.62985  42.5  0.0005 
 7.625  42.5995  0.0005 
 7.575  43.2338  0.0005 
 7.534  43.5  0.0005 
 7.525  43.5415  0.0005 
 7.475  43.8492  0.0005 
 7.425  44.4663  0.0005 
 7.375  44.5  0.0005 
 7.33159  45.5  0.0005 
 7.325  45.5884  0.0005 
 7.275  45.6497  0.0005 
 7.225  46.2719  0.0005 
 7.175  46.4778  0.0005 
 7.17365  46.5  0.0005 
 7.125  47.0275  0.0005 
 7.075  47.2196  0.0005 
 7.0453  47.5  0.0005 
 7.025  47.6414  0.0005 
 6.975  47.7119  0.0005 
 6.925  48.1398  0.0005 
 6.89045  48.5  0.0005 
 6.875  48.5716  0.0005 
 6.825  48.8547  0.0005 
 6.775  49.0176  0.0005 
 6.72995  49.5  0.0005 
 6.725  49.5418  0.0005 
 6.675  49.7514  0.0005 
 6.625  50.0682  0.0005 
 6.57823  50.5  0.0005 
 6.575  50.5334  0.0005 
 6.525  50.9313  0.0005 
 6.475  51.1559  0.0005 
 6.45068  51.5  0.0005 
 6.425  51.7622  0.0005 
 6.375  52.0301  0.0005 
 6.325  52.4132  0.0005 
 6.31782  52.5  0.0005 
 6.275  53.0088  0.0005 
 6.2387  53.5  0.0005 
 6.225  53.6831  0.0005 
 6.175  53.7611  0.0005 
 6.125  54.4116  0.0005 
 6.11733  54.5  0.0005 
 6.075  54.979  0.0005 
 6.025  55.3505  0.0005 
 6.01009  55.5  0.0005 
 5.975  55.9788  0.0005 
 5.93882  56.5  0.0005 
 5.925  56.6506  0.0005 
 5.8846  57.5  0.0005 
 5.875  57.6963  0.0005 
 5.825  58.3722  0.0005 
 5.81925  58.5  0.0005 
 5.78568  59.5  0.0005 
 5.775  60.0778  0.0005 
 5.7611  60.5  0.0005 
 5.73649  61.5  0.0005 
 5.72544  62.5  0.0005 
 5.725  62.538  0.0005 
 5.71128  63.5  0.0005 
 5.70845  64.5  0.0005 
 5.70052  65.5  0.0005 
 5.71574  66.5  0.0005 
 5.725  66.8846  0.0005 
 5.73686  67.5  0.0005 
 5.7735  68.5  0.0005 
 5.775  68.5244  0.0005 
 5.825  69.3786  0.0005 
 5.83466  69.5  0.0005 
 5.875  70.1455  0.0005 
 5.925  70.187  0.0005 
 5.975  70.2797  0.0005 
 6.025  70.2941  0.0005 
 6.075  70.2197  0.0005 
 6.125  70.0076  0.0005 
 6.175  69.5529  0.0005 
 6.1801  69.5  0.0005 
 6.225  69.1997  0.0005 


# Contour 4, label:   0.0001
 8.93629  39.5  0.0001 
 8.925  39.1818  0.0001 
 8.90658  39.5  0.0001 
 8.91929  40.5  0.0001 
 8.91591  41.5  0.0001 
 8.925  41.7105  0.0001 
 8.929  41.5  0.0001 
 8.92851  40.5  0.0001 
 8.93629  39.5  0.0001 

 7.875  51.1604  0.0001 
 7.91477  50.5  0.0001 
 7.925  50.3333  0.0001 
 7.975  49.9524  0.0001 
 8.025  50.2632  0.0001 
 8.06037  49.5  0.0001 
 8.075  49.26  0.0001 
 8.125  49.0714  0.0001 
 8.175  48.5625  0.0001 
 8.177  48.5  0.0001 
 8.225  47.8514  0.0001 
 8.275  47.8824  0.0001 
 8.325  47.8171  0.0001 
 8.34597  47.5  0.0001 
 8.375  47.2805  0.0001 
 8.425  46.8226  0.0001 
 8.43971  46.5  0.0001 
 8.475  45.8514  0.0001 
 8.525  46.0753  0.0001 
 8.575  45.8571  0.0001 
 8.58564  45.5  0.0001 
 8.575  44.6667  0.0001 
 8.57348  44.5  0.0001 
 8.575  44.4574  0.0001 
 8.58167  44.5  0.0001 
 8.625  44.76  0.0001 
 8.675  44.5972  0.0001 
 8.725  44.5167  0.0001 
 8.72606  44.5  0.0001 
 8.725  44.4375  0.0001 
 8.7125  43.5  0.0001 
 8.725  43.2917  0.0001 
 8.775  42.6429  0.0001 
 8.77813  42.5  0.0001 
 8.825  41.9643  0.0001 
 8.87188  42.5  0.0001 
 8.875  42.5175  0.0001 
 8.87813  42.5  0.0001 
 8.875  42.4474  0.0001 
 8.84597  41.5  0.0001 
 8.8372  40.5  0.0001 
 8.825  39.9737  0.0001 
 8.81543  39.5  0.0001 
 8.825  38.6  0.0001 
 8.83  38.5  0.0001 
 8.825  38.4  0.0001 
 8.79688  37.5  0.0001 
 8.825  36.8077  0.0001 
 8.85312  37.5  0.0001 
 8.875  37.9375  0.0001 
 8.925  37.5625  0.0001 
 8.975  37.5455  0.0001 
 8.97614  37.5  0.0001 

 5.84107  55.5  0.0001 
 5.825  55.6364  0.0001 
 5.7837  56.5  0.0001 
 5.775  56.7243  0.0001 
 5.7438  57.5  0.0001 
 5.725  57.8676  0.0001 
 5.68365  58.5  0.0001 
 5.675  59.4474  0.0001 
 5.67386  59.5  0.0001 
 5.64756  60.5  0.0001 
 5.62995  61.5  0.0001 
 5.625  62.0806  0.0001 
 5.61117  62.5  0.0001 
 5.575  63.4714  0.0001 
 5.57446  63.5  0.0001 
 5.575  63.5213  0.0001 
 5.59733  64.5  0.0001 
 5.59324  65.5  0.0001 
 5.58953  66.5  0.0001 
 5.60132  67.5  0.0001 
 5.59375  68.5  0.0001 
 5.625  69.125  0.0001 
 5.63159  69.5  0.0001 
 5.63786  70.5  0.0001 
 5.675  71.0909  0.0001 
 5.69  71.5  0.0001 
 5.725  72.2368  0.0001 
 5.77187  72.5  0.0001 
 5.775  72.5526  0.0001 
 5.79415  73.5  0.0001 
 5.825  73.8295  0.0001 
 5.875  73.9035  0.0001 
 5.91466  73.5  0.0001 
 5.925  73.4268  0.0001 
 5.975  73.471  0.0001 
 6.025  72.6429  0.0001 
 6.075  73.3318  0.0001 
 6.11659  72.5  0.0001 
 6.125  72.3407  0.0001 
 6.175  72.0316  0.0001 
 6.225  72.1957  0.0001 
 6.27071  71.5  0.0001 
 6.275  71.4439  0.0001 
 6.325  71.1818  0.0001 
 6.375  70.8171  0.0001 
 6.39211  70.5  0.0001 
 6.425  70.0327  0.0001 
 6.475  69.7532  0.0001 
 6.4887  69.5  0.0001 
 6.525  68.6587  0.0001 
 6.54113  68.5  0.0001 
 6.575  68.2308  0.0001 
 6.625  67.5488  0.0001 
 6.62955  67.5  0.0001 
 6.675  67.0455  0.0001 
 6.715  66.5  0.0001 
 6.725  66.4  0.0001 
 6.775  65.7857  0.0001 
 6.79583  65.5  0.0001 
 6.825  64.8636  0.0001 
 6.875  64.7222  0.0001 
 6.88567  64.5  0.0001 
 6.92024  63.5  0.0001 
 6.925  63.4172  0.0001 
 6.975  63.02  0.0001 
 7.00921  62.5  0.0001 
 7.025  62.3537  0.0001 
 7.075  61.6591  0.0001 
 7.08245  61.5  0.0001 
 7.125  61.0604  0.0001 
 7.16548  60.5  0.0001 
 7.175  60.0714  0.0001 
 7.19009  59.5  0.0001 
 7.225  59.1442  0.0001 
 7.275  58.8333  0.0001 
 7.325  58.5137  0.0001 
 7.32622  58.5  0.0001 
 7.325  58.4231  0.0001 
 7.31591  57.5  0.0001 
 7.325  57.3909  0.0001 
 7.374  56.5  0.0001 
 7.375  56.4828  0.0001 
 7.40833  56.5  0.0001 
 7.425  56.5175  0.0001 
 7.42598  56.5  0.0001 
 7.46346  55.5  0.0001 
 7.475  55.4  0.0001 
 7.525  54.6053  0.0001 
 7.575  54.64  0.0001 
 7.5875  54.5  0.0001 
 7.625  54.0532  0.0001 
 7.64211  53.5  0.0001 
 7.675  52.8421  0.0001 
 7.725  52.5976  0.0001 
 7.73071  52.5  0.0001 
 7.7725  51.5  0.0001 
 7.775  51.4836  0.0001 
 7.825  51.2895  0.0001 
 7.875  51.1604  0.0001 

 8.97614  37.5  0.0001 
 8.975  37.4787  0.0001 
 8.925  37.3571  0.0001 
 8.875  37.1818  0.0001 
 8.83553  36.5  0.0001 
 8.825  36.25  0.0001 
 8.775  35.5714  0.0001 
 8.77045  35.5  0.0001 
 8.775  35.4091  0.0001 
 8.825  35.0714  0.0001 
 8.84202  34.5  0.0001 
 8.825  34.2419  0.0001 
 8.78393  33.5  0.0001 
 8.775  33.3413  0.0001 
 8.74375  33.5  0.0001 
 8.725  33.6714  0.0001 
 8.71643  33.5  0.0001 
 8.675  33.0167  0.0001 
 8.625  33.4474  0.0001 
 8.575  33.1667  0.0001 
 8.53245  32.5  0.0001 
 8.525  32.4028  0.0001 
 8.5197  32.5  0.0001 
 8.505  33.5  0.0001 
 8.475  33.6  0.0001 
 8.425  33.7368  0.0001 
 8.375  33.6644  0.0001 
 8.325  33.6579  0.0001 
 8.275  34.0556  0.0001 
 8.225  34.24  0.0001 
 8.175  34.4474  0.0001 
 8.125  34.4365  0.0001 
 8.12012  34.5  0.0001 
 8.105  35.5  0.0001 
 8.075  35.55  0.0001 
 8.025  35.7727  0.0001 
 7.975  36.0797  0.0001 
 7.925  36.1515  0.0001 
 7.9037  36.5  0.0001 
 7.875  36.837  0.0001 
 7.825  37.1829  0.0001 
 7.775  37.4452  0.0001 
 7.771  37.5  0.0001 
 7.725  38.4787  0.0001 
 7.72  38.5  0.0001 
 7.675  38.6286  0.0001 
 7.625  39.1849  0.0001 
 7.59886  39.5  0.0001 
 7.575  39.7019  0.0001 
 7.5351  40.5  0.0001 
 7.525  40.6522  0.0001 
 7.475  40.8864  0.0001 
 7.425  41.2679  0.0001 
 7.41468  41.5  0.0001 
 7.375  42.2937  0.0001 
 7.349  42.5  0.0001 
 7.325  42.5976  0.0001 
 7.275  43.0873  0.0001 
 7.24079  43.5  0.0001 
 7.225  43.6263  0.0001 
 7.175  44.0972  0.0001 
 7.125  44.3611  0.0001 
 7.11029  44.5  0.0001 
 7.075  44.74  0.0001 
 7.025  45.1154  0.0001 
 6.99534  45.5  0.0001 
 6.975  45.7069  0.0001 
 6.925  45.7381  0.0001 
 6.875  46.378  0.0001 
 6.86029  46.5  0.0001 
 6.825  46.6818  0.0001 
 6.775  47.3772  0.0001 
 6.725  47.4286  0.0001 
 6.71705  47.5  0.0001 
 6.675  47.8274  0.0001 
 6.625  48.285  0.0001 
 6.60583  48.5  0.0001 
 6.575  49.1167  0.0001 
 6.525  49.1154  0.0001 
 6.49375  49.5  0.0001 
 6.475  49.5968  0.0001 
 6.425  50.0185  0.0001 
 6.375  50.4873  0.0001 
 6.37357  50.5  0.0001 
 6.325  50.7636  0.0001 
 6.275  51.1701  0.0001 
 6.23598  51.5  0.0001 
 6.225  51.5647  0.0001 
 6.175  52.0909  0.0001 
 6.12713  52.5  0.0001 
 6.125  52.5194  0.0001 
 6.075  52.7273  0.0001 
 6.02689  53.5  0.0001 
 6.025  53.5155  0.0001 
 5.975  54.1098  0.0001 
 5.95278  54.5  0.0001 
 5.925  54.8252  0.0001 
 5.875  55.0309  0.0001 
 5.84107  55.5  0.0001 

 9.02672  39.5  0.0001 
 9.025  39.4231  0.0001 
 9.023  39.5  0.0001 
 9.025  39.5455  0.0001 
 9.02672  39.5  0.0001 

 9.14687  38.5  0.0001 
 9.125  38.0625  0.0001 
 9.075  38.2045  0.0001 
 9.049  38.5  0.0001 
 9.075  38.8171  0.0001 
 9.125  38.6591  0.0001 
 9.14687  38.5  0.0001 

 9.24113  39.5  0.0001 
 9.225  39.0455  0.0001 
 9.19868  39.5  0.0001 
 9.225  39.6667  0.0001 
 9.24113  39.5  0.0001 

 9.2875  29.5  0.0001 
 9.275  29.4365  0.0001 
 9.2713  29.5  0.0001 
 9.275  29.625  0.0001 
 9.2875  29.5  0.0001 

 9.38071  26.5  0.0001 
 9.375  26.4149  0.0001 
 9.37167  26.5  0.0001 
 9.375  26.75  0.0001 
 9.38071  26.5  0.0001 

 9.6872  33.5  0.0001 
 9.675  32.9737  0.0001 
 9.66029  33.5  0.0001 
 9.675  33.7632  0.0001 
 9.6872  33.5  0.0001 

 9.96389  24.5  0.0001 
 9.925  24.3  0.0001 
 9.875  24.1774  0.0001 
 9.825  24.3571  0.0001 
 9.80625  23.5  0.0001 
 9.775  23.2727  0.0001 
 9.73026  22.5  0.0001 
 9.725  22.4149  0.0001 
 9.72074  22.5  0.0001 
 9.70913  23.5  0.0001 
 9.675  24.0972  0.0001 
 9.62926  23.5  0.0001 
 9.625  23.3947  0.0001 
 9.62012  23.5  0.0001 
 9.60417  24.5  0.0001 
 9.575  25.375  0.0001 
 9.567  25.5  0.0001 
 9.525  26.0122  0.0001 
 9.475  26.2234  0.0001 
 9.46023  26.5  0.0001 
 9.45588  27.5  0.0001 
 9.425  27.92  0.0001 
 9.38963  28.5  0.0001 
 9.375  28.98  0.0001 
 9.349  29.5  0.0001 
 9.33056  30.5  0.0001 
 9.325  30.6053  0.0001 
 9.275  31.049  0.0001 
 9.25245  31.5  0.0001 
 9.225  32.2368  0.0001 
 9.21667  32.5  0.0001 
 9.21591  33.5  0.0001 
 9.175  33.939  0.0001 
 9.14474  34.5  0.0001 
 9.175  35.1571  0.0001 
 9.19214  35.5  0.0001 
 9.175  35.8158  0.0001 
 9.125  36.4655  0.0001 
 9.12328  36.5  0.0001 
 9.125  36.6  0.0001 
 9.175  37.2429  0.0001 
 9.22  37.5  0.0001 
 9.225  37.5769  0.0001 
 9.25227  38.5  0.0001 
 9.275  38.8226  0.0001 
 9.30625  38.5  0.0001 
 9.325  38.0385  0.0001 
 9.375  37.9878  0.0001 
 9.42045  37.5  0.0001 
 9.425  37.4286  0.0001 
 9.475  36.6167  0.0001 
 9.48421  36.5  0.0001 
 9.475  35.9615  0.0001 
 9.46768  35.5  0.0001 
 9.475  35.4104  0.0001 
 9.48534  35.5  0.0001 
 9.525  35.9259  0.0001 
 9.55114  35.5  0.0001 
 9.575  35.1441  0.0001 
 9.6225  34.5  0.0001 
 9.59773  33.5  0.0001 
 9.6114  32.5  0.0001 
 9.625  31.7955  0.0001 
 9.675  32.1897  0.0001 
 9.69545  32.5  0.0001 
 9.725  32.7955  0.0001 
 9.73726  32.5  0.0001 
 9.725  31.8158  0.0001 
 9.71346  31.5  0.0001 
 9.71466  30.5  0.0001 
 9.725  30.3125  0.0001 
 9.755  30.5  0.0001 
 9.775  30.8077  0.0001 
 9.77851  30.5  0.0001 
 9.825  29.7319  0.0001 
 9.8379  29.5  0.0001 
 9.825  29.0676  0.0001 
 9.775  28.7368  0.0001 
 9.76818  28.5  0.0001 
 9.775  28.3816  0.0001 
 9.81908  27.5  0.0001 
 9.825  27.2188  0.0001 
 9.84868  27.5  0.0001 
 9.875  27.8571  0.0001 
 9.90132  27.5  0.0001 
 9.925  26.9375  0.0001 
 9.935  26.5  0.0001 
 9.925  26.1316  0.0001 
 9.91678  25.5  0.0001 
 9.925  24.8684  0.0001 
 9.96389  24.5  0.0001 

 9.96402  22.5  0.0001 
 9.925  22.1098  0.0001 
 9.893  22.5  0.0001 
 9.925  23.0333  0.0001 
 9.96402  22.5  0.0001 

 10.0432  24.5  0.0001 
 10.025  24.0294  0.0001 
 9.98056  24.5  0.0001 
 10.025  25.0161  0.0001 
 10.0432  24.5  0.0001 


# Contour 5, label:    5e-05
 8.94375  33.5  5e-05 
 8.925  32.5  5e-05 
 8.91711  33.5  5e-05 
 8.925  33.6579  5e-05 
 8.94375  33.5  5e-05 

 8.97969  40.5  5e-05 
 8.975  40.3966  5e-05 
 8.97237  40.5  5e-05 
 8.975  40.9286  5e-05 
 8.97969  40.5  5e-05 

 9.01154  32.5  5e-05 
 8.975  32.1042  5e-05 
 8.925  32.5  5e-05 
 8.975  33.1552  5e-05 
 9.01154  32.5  5e-05 

 9.99363  23.5  5e-05 
 9.975  23.1833  5e-05 
 9.95183  23.5  5e-05 
 9.975  23.7836  5e-05 
 9.99363  23.5  5e-05 

 9.875  30.7439  5e-05 
 9.89773  30.5  5e-05 
 9.8875  29.5  5e-05 
 9.925  29.1471  5e-05 
 9.95183  28.5  5e-05 
 9.975  27.6739  5e-05 
 9.9875  27.5  5e-05 
 10.025  26.8684  5e-05 
 10.0385  26.5  5e-05 
 10.0648  25.5  5e-05 
 10.075  25.2097  5e-05 
 10.125  24.8684  5e-05 
 10.135  24.5  5e-05 
 10.1375  23.5  5e-05 
 10.125  22.5  5e-05 
 10.1313  21.5  5e-05 

 6.675  67.7857  5e-05 
 6.725  68.0256  5e-05 
 6.75917  67.5  5e-05 
 6.775  66.5  5e-05 
 6.825  66.2097  5e-05 
 6.86429  65.5  5e-05 
 6.875  65.4167  5e-05 
 6.919  64.5  5e-05 
 6.925  64.3085  5e-05 
 6.975  63.9333  5e-05 
 7.025  63.5  5e-05 
 7.075  62.7955  5e-05 
 7.09357  62.5  5e-05 
 7.125  61.8125  5e-05 
 7.15625  61.5  5e-05 
 7.175  61.3636  5e-05 
 7.225  60.5  5e-05 
 7.275  59.6053  5e-05 
 7.28269  59.5  5e-05 
 7.325  59.1986  5e-05 
 7.375  58.7439  5e-05 
 7.39224  58.5  5e-05 
 7.41944  57.5  5e-05 
 7.425  57.3947  5e-05 
 7.475  56.5  5e-05 
 7.525  56.5  5e-05 
 7.575  55.6842  5e-05 
 7.59342  55.5  5e-05 
 7.625  55.2073  5e-05 
 7.66037  54.5  5e-05 
 7.675  53.5  5e-05 
 7.725  53.8171  5e-05 
 7.73977  53.5  5e-05 
 7.775  52.88  5e-05 
 7.825  53.0088  5e-05 
 7.87031  52.5  5e-05 
 7.875  52.4143  5e-05 
 7.92071  51.5  5e-05 
 7.925  51.4318  5e-05 
 7.975  51.5  5e-05 
 8.025  51.6143  5e-05 
 8.03071  51.5  5e-05 
 8.075  50.7955  5e-05 
 8.09821  50.5  5e-05 
 8.125  50.1341  5e-05 
 8.175  50.114  5e-05 
 8.20741  49.5  5e-05 
 8.225  49.0778  5e-05 
 8.275  49.2632  5e-05 
 8.325  48.9151  5e-05 
 8.35735  48.5  5e-05 
 8.375  48.2273  5e-05 
 8.425  47.9833  5e-05 
 8.475  47.7692  5e-05 
 8.48707  47.5  5e-05 
 8.525  46.9634  5e-05 
 8.575  47.0614  5e-05 
 8.625  46.5  5e-05 
 8.64821  45.5  5e-05 
 8.675  45.2917  5e-05 
 8.725  45.35  5e-05 
 8.775  44.6739  5e-05 
 8.795  44.5  5e-05 
 8.825  44.26  5e-05 
 8.863  43.5  5e-05 
 8.875  43.3947  5e-05 
 8.905  43.5  5e-05 
 8.925  43.8077  5e-05 
 8.93269  43.5  5e-05 
 8.975  42.7414  5e-05 
 9.025  42.5833  5e-05 
 9.04038  42.5  5e-05 
 9.075  41.9375  5e-05 
 9.09342  41.5  5e-05 
 9.125  40.9545  5e-05 
 9.175  41  5e-05 
 9.225  40.5  5e-05 
 9.275  40.5  5e-05 
 9.325  39.8421  5e-05 
 9.351  39.5  5e-05 
 9.375  39.2073  5e-05 
 9.425  39.1786  5e-05 
 9.45893  38.5  5e-05 
 9.47206  37.5  5e-05 
 9.475  37.45  5e-05 
 9.525  37.5  5e-05 
 9.575  37.1341  5e-05 
 9.60049  36.5  5e-05 
 9.625  35.8902  5e-05 
 9.675  35.5  5e-05 
 9.725  34.5  5e-05 
 9.775  33.7414  5e-05 
 9.78707  33.5  5e-05 
 9.79224  32.5  5e-05 
 9.825  31.5  5e-05 
 9.82237  30.5  5e-05 
 9.825  30.4565  5e-05 
 9.83654  30.5  5e-05 
 9.875  30.7439  5e-05 

 7.375  41.5  5e-05 
 7.325  41.2872  5e-05 
 7.31364  41.5  5e-05 
 7.275  42.2234  5e-05 
 7.249  42.5  5e-05 
 7.225  42.74  5e-05 
 7.175  43.2308  5e-05 
 7.15658  43.5  5e-05 
 7.125  43.6667  5e-05 
 7.075  43.9902  5e-05 
 7.03437  44.5  5e-05 
 7.025  44.5659  5e-05 
 6.975  45.0185  5e-05 
 6.925  44.9167  5e-05 
 6.8943  45.5  5e-05 
 6.875  45.7683  5e-05 
 6.825  46.0185  5e-05 
 6.775  46.5  5e-05 
 6.725  46.9184  5e-05 
 6.675  47.2045  5e-05 
 6.66117  47.5  5e-05 
 6.625  47.8178  5e-05 
 6.575  48.2234  5e-05 
 6.54079  48.5  5e-05 
 6.525  48.5659  5e-05 
 6.475  48.9912  5e-05 
 6.425  49.1071  5e-05 
 6.403  49.5  5e-05 
 6.375  49.8544  5e-05 
 6.325  50.1596  5e-05 
 6.29919  50.5  5e-05 
 6.275  50.6546  5e-05 
 6.225  50.9533  5e-05 
 6.18839  51.5  5e-05 
 6.175  51.6364  5e-05 
 6.125  51.8924  5e-05 
 6.075  51.9444  5e-05 
 6.04848  52.5  5e-05 
 6.025  52.8924  5e-05 
 5.975  53.5  5e-05 
 5.925  54.2872  5e-05 
 5.875  54.3542  5e-05 
 5.86154  54.5  5e-05 
 5.825  54.8725  5e-05 
 5.78598  55.5  5e-05 
 5.775  55.7571  5e-05 
 5.73017  56.5  5e-05 
 5.725  57.5  5e-05 
 5.675  57.8725  5e-05 
 5.64096  58.5  5e-05 
 5.625  59.1818  5e-05 
 5.61705  59.5  5e-05 
 5.61117  60.5  5e-05 
 5.57929  61.5  5e-05 
 5.575  61.6579  5e-05 
 5.55991  62.5  5e-05 
 5.54728  63.5  5e-05 
 5.56875  64.5  5e-05 
 5.55479  65.5  5e-05 
 5.55798  66.5  5e-05 
 5.575  67.5  5e-05 
 5.54861  68.5  5e-05 
 5.575  69.3636  5e-05 
 5.58182  69.5  5e-05 
 5.58632  70.5  5e-05 
 5.625  71.1833  5e-05 
 5.64363  71.5  5e-05 
 5.65  72.5  5e-05 
 5.675  73  5e-05 
 5.725  73.114  5e-05 
 5.74537  73.5  5e-05 
 5.775  74.0333  5e-05 
 5.825  74.3977  5e-05 
 5.843  74.5  5e-05 
 5.875  75.0161  5e-05 
 5.925  74.9375  5e-05 
 5.975  74.9643  5e-05 
 6.025  75.2097  5e-05 
 6.069  74.5  5e-05 
 6.075  74.4143  5e-05 
 6.125  73.9  5e-05 
 6.14224  73.5  5e-05 
 6.175  72.9062  5e-05 
 6.225  73.1471  5e-05 
 6.275  73.2  5e-05 
 6.325  72.6591  5e-05 
 6.33594  72.5  5e-05 
 6.36643  71.5  5e-05 
 6.375  71.4268  5e-05 
 6.425  70.5  5e-05 
 6.475  70.3861  5e-05 
 6.52295  69.5  5e-05 
 6.525  69.4524  5e-05 
 6.53654  69.5  5e-05 
 6.575  69.6852  5e-05 
 6.58816  69.5  5e-05 
 6.60044  68.5  5e-05 
 6.625  68.1585  5e-05 
 6.675  67.7857  5e-05 

 10.1313  21.5  5e-05 
 10.125  21.3857  5e-05 
 10.1125  21.5  5e-05 
 10.075  21.7727  5e-05 
 10.0329  22.5  5e-05 
 10.025  22.6579  5e-05 
 10.0186  22.5  5e-05 
 10.0137  21.5  5e-05 
 9.975  20.5  5e-05 
 9.98295  19.5  5e-05 
 9.975  19.3158  5e-05 
 9.95909  19.5  5e-05 
 9.925  20.2895  5e-05 
 9.90962  20.5  5e-05 
 9.875  20.86  5e-05 
 9.825  20.5  5e-05 
 9.79611  21.5  5e-05 
 9.775  22.0429  5e-05 
 9.73846  21.5  5e-05 
 9.725  21.1316  5e-05 
 9.675  21.5  5e-05 
 9.625  21.1579  5e-05 
 9.60469  21.5  5e-05 
 9.60395  22.5  5e-05 
 9.575  23.1286  5e-05 
 9.525  23.5  5e-05 
 9.475  24.2308  5e-05 
 9.45658  24.5  5e-05 
 9.425  25.25  5e-05 
 9.375  25.2586  5e-05 
 9.36579  25.5  5e-05 
 9.33  26.5  5e-05 
 9.325  26.8158  5e-05 
 9.30625  26.5  5e-05 
 9.275  26.2143  5e-05 
 9.25776  26.5  5e-05 
 9.275  26.7857  5e-05 
 9.30789  27.5  5e-05 
 9.28349  28.5  5e-05 
 9.275  28.6429  5e-05 
 9.24038  28.5  5e-05 
 9.225  28.3261  5e-05 
 9.20962  28.5  5e-05 
 9.225  29.5  5e-05 
 9.175  29.6875  5e-05 
 9.15179  30.5  5e-05 
 9.175  31.5  5e-05 
 9.125  32.1098  5e-05 
 9.093  32.5  5e-05 
 9.075  33.5  5e-05 
 9.04688  32.5  5e-05 
 9.025  32.0625  5e-05 
 9.01316  31.5  5e-05 
 8.975  30.7927  5e-05 
 8.925  31.3462  5e-05 
 8.9125  31.5  5e-05 
 8.875  31.98  5e-05 
 8.825  31.7903  5e-05 
 8.781  32.5  5e-05 
 8.775  32.5476  5e-05 
 8.725  32.6698  5e-05 
 8.70893  32.5  5e-05 
 8.68816  31.5  5e-05 
 8.675  31.1  5e-05 
 8.65776  31.5  5e-05 
 8.625  31.8725  5e-05 
 8.575  31.875  5e-05 
 8.525  31.7083  5e-05 
 8.48182  32.5  5e-05 
 8.475  32.6698  5e-05 
 8.425  32.68  5e-05 
 8.375  32.8333  5e-05 
 8.325  32.68  5e-05 
 8.275  32.5  5e-05 
 8.225  33.0357  5e-05 
 8.175  33.0362  5e-05 
 8.13598  33.5  5e-05 
 8.125  33.6429  5e-05 
 8.075  34.2045  5e-05 
 8.05469  34.5  5e-05 
 8.025  34.9222  5e-05 
 7.975  35.1552  5e-05 
 7.925  35.2812  5e-05 
 7.91154  35.5  5e-05 
 7.875  36  5e-05 
 7.837  36.5  5e-05 
 7.825  36.5732  5e-05 
 7.775  36.7603  5e-05 
 7.725  37.3621  5e-05 
 7.7125  37.5  5e-05 
 7.675  37.7264  5e-05 
 7.625  38.5  5e-05 
 7.575  38.7927  5e-05 
 7.525  39.1364  5e-05 
 7.50549  39.5  5e-05 
 7.475  40.1098  5e-05 
 7.425  40.2586  5e-05 
 7.41406  40.5  5e-05 
 7.375  41.5  5e-05 


# Contour 6, label:    1e-05
 5.9125  77.5  1e-05 
 5.875  77.0714  1e-05 
 5.86  77.5  1e-05 
 5.875  77.9286  1e-05 
 5.9125  77.5  1e-05 

 8.42  51.5  1e-05 
 8.375  50.8077  1e-05 
 8.34038  51.5  1e-05 
 8.36  52.5  1e-05 
 8.375  52.7308  1e-05 
 8.39643  52.5  1e-05 
 8.42  51.5  1e-05 

 9.03071  43.5  1e-05 
 9.025  43.4167  1e-05 
 9.01591  43.5  1e-05 
 9.025  43.75  1e-05 
 9.03071  43.5  1e-05 

 9.08654  22.5  1e-05 
 9.075  22.2  1e-05 
 9.06346  22.5  1e-05 
 9.075  22.7308  1e-05 
 9.08654  22.5  1e-05 

 9.43654  19.5  1e-05 
 9.425  19.2692  1e-05 
 9.41  19.5  1e-05 
 9.425  19.9286  1e-05 
 9.43654  19.5  1e-05 

 10.0865  12.5  1e-05 
 10.075  12.2  1e-05 
 10.0635  12.5  1e-05 
 10.075  12.7308  1e-05 
 10.0865  12.5  1e-05 

 10.1365  16.5  1e-05 
 10.125  15.75  1e-05 
 10.11  16.5  1e-05 
 10.125  16.9286  1e-05 
 10.1365  16.5  1e-05 

 10.025  32.3571  1e-05 
 10.0437  31.5  1e-05 
 10.075  30.7308  1e-05 
 10.125  30.875  1e-05 
 10.1481  30.5  1e-05 
 10.125  30.0385  1e-05 
 10.0981  29.5  1e-05 
 10.125  29.1316  1e-05 
 10.1566  28.5  1e-05 
 10.175  27.8  1e-05 
 10.1964  27.5  1e-05 
 10.175  26.75  1e-05 
 10.1727  26.5  1e-05 
 10.175  26.4737  1e-05 
 10.1788  26.5  1e-05 
 10.225  27.25  1e-05 
 10.2712  26.5  1e-05 
 10.2596  25.5  1e-05 
 10.275  25.1  1e-05 
 10.3036  25.5  1e-05 
 10.325  25.9286  1e-05 
 10.3464  25.5  1e-05 
 10.3365  24.5  1e-05 
 10.325  23.75  1e-05 
 10.32  23.5  1e-05 
 10.325  23.25  1e-05 
 10.3464  22.5  1e-05 

 7.85313  54.5  1e-05 
 7.875  54.0625  1e-05 
 7.90962  53.5  1e-05 
 7.925  53.3182  1e-05 
 7.975  53.0625  1e-05 
 8.025  52.9737  1e-05 
 8.075  53.1  1e-05 
 8.125  52.7308  1e-05 
 8.14643  52.5  1e-05 
 8.175  52.1  1e-05 
 8.21786  51.5  1e-05 
 8.225  51.3571  1e-05 
 8.275  51.4231  1e-05 
 8.30658  50.5  1e-05 
 8.325  50.0625  1e-05 
 8.35962  49.5  1e-05 
 8.375  49.375  1e-05 
 8.40357  49.5  1e-05 
 8.425  49.8  1e-05 
 8.46  50.5  1e-05 
 8.475  50.9286  1e-05 
 8.49643  50.5  1e-05 
 8.475  49.75  1e-05 
 8.4625  49.5  1e-05 
 8.475  49.4545  1e-05 
 8.525  49.2895  1e-05 
 8.575  49.4  1e-05 
 8.58  49.5  1e-05 
 8.625  50.1923  1e-05 
 8.67  49.5  1e-05 
 8.675  49.3571  1e-05 
 8.725  48.9615  1e-05 
 8.755  48.5  1e-05 
 8.725  48.0385  1e-05 
 8.675  47.9  1e-05 
 8.65962  47.5  1e-05 
 8.675  47.34  1e-05 
 8.725  46.8  1e-05 
 8.76  47.5  1e-05 
 8.775  47.9286  1e-05 
 8.825  47.9286  1e-05 
 8.875  47.9286  1e-05 
 8.9125  47.5  1e-05 
 8.875  46.75  1e-05 
 8.87  46.5  1e-05 
 8.875  46.3571  1e-05 
 8.88214  46.5  1e-05 
 8.925  47.3571  1e-05 
 8.93214  47.5  1e-05 
 8.975  47.875  1e-05 
 8.99375  47.5  1e-05 
 8.99643  46.5  1e-05 
 8.99643  45.5  1e-05 
 8.975  45.2  1e-05 
 8.96579  44.5  1e-05 
 8.975  44.22  1e-05 
 8.99342  44.5  1e-05 
 9.025  45.25  1e-05 
 9.075  45.25  1e-05 
 9.10357  45.5  1e-05 
 9.125  46.25  1e-05 
 9.14  45.5  1e-05 
 9.15658  44.5  1e-05 
 9.175  44.1316  1e-05 
 9.2125  43.5  1e-05 
 9.225  43.1923  1e-05 
 9.27  42.5  1e-05 
 9.275  42.4  1e-05 
 9.28214  42.5  1e-05 
 9.325  43.1  1e-05 
 9.34808  42.5  1e-05 
 9.375  42.1818  1e-05 
 9.425  42.0625  1e-05 
 9.45962  41.5  1e-05 
 9.475  41.2895  1e-05 
 9.505  40.5  1e-05 
 9.525  40.1429  1e-05 
 9.575  39.9737  1e-05 
 9.625  39.8  1e-05 
 9.6625  39.5  1e-05 
 9.625  39.0714  1e-05 
 9.6125  38.5  1e-05 
 9.625  38.1  1e-05 
 9.65357  38.5  1e-05 
 9.675  39.25  1e-05 
 9.69  38.5  1e-05 
 9.725  38.0625  1e-05 
 9.75313  37.5  1e-05 
 9.77187  36.5  1e-05 
 9.775  36.4615  1e-05 
 9.825  36.1923  1e-05 
 9.87  35.5  1e-05 
 9.875  35.25  1e-05 
 9.89  34.5  1e-05 
 9.92  33.5  1e-05 
 9.925  33.3571  1e-05 
 9.955  32.5  1e-05 
 9.975  31.9286  1e-05 
 10.025  32.3571  1e-05 

 5.51  70.5  1e-05 
 5.49342  71.5  1e-05 
 5.525  72.1316  1e-05 
 5.54342  72.5  1e-05 
 5.55192  73.5  1e-05 
 5.575  74.3571  1e-05 
 5.5875  74.5  1e-05 
 5.625  74.9286  1e-05 
 5.64643  74.5  1e-05 
 5.675  74.3182  1e-05 
 5.683  74.5  1e-05 
 5.67885  75.5  1e-05 
 5.675  75.6429  1e-05 
 5.65625  76.5  1e-05 
 5.675  77.1  1e-05 
 5.725  77.1923  1e-05 
 5.77  76.5  1e-05 
 5.775  76.4474  1e-05 
 5.825  76.3  1e-05 
 5.875  76.3621  1e-05 
 5.883  76.5  1e-05 
 5.925  77.4545  1e-05 
 5.967  76.5  1e-05 
 5.975  76.3621  1e-05 
 6.025  76.4688  1e-05 
 6.075  76.4231  1e-05 
 6.125  76.1  1e-05 
 6.175  75.9286  1e-05 
 6.19643  75.5  1e-05 
 6.19643  74.5  1e-05 
 6.225  74.375  1e-05 
 6.275  74.4737  1e-05 
 6.325  74.25  1e-05 
 6.375  74.2895  1e-05 
 6.41447  73.5  1e-05 
 6.425  73.1923  1e-05 
 6.475  72.875  1e-05 
 6.49808  72.5  1e-05 
 6.52  71.5  1e-05 
 6.525  71.4231  1e-05 
 6.5625  70.5  1e-05 
 6.575  70.4259  1e-05 
 6.60357  70.5  1e-05 
 6.625  70.8  1e-05 
 6.64  70.5  1e-05 
 6.675  70.1316  1e-05 
 6.71  70.5  1e-05 
 6.725  70.7308  1e-05 
 6.73654  70.5  1e-05 
 6.725  69.75  1e-05 
 6.72115  69.5  1e-05 
 6.725  69.25  1e-05 
 6.7375  69.5  1e-05 
 6.775  69.7308  1e-05 
 6.79  69.5  1e-05 
 6.79643  68.5  1e-05 
 6.825  68.25  1e-05 
 6.8625  67.5  1e-05 
 6.875  67.2895  1e-05 
 6.91447  66.5  1e-05 
 6.925  66.2895  1e-05 
 6.97187  65.5  1e-05 
 6.975  65.3571  1e-05 
 6.97885  65.5  1e-05 
 7.025  66.1316  1e-05 
 7.0625  65.5  1e-05 
 7.07273  64.5  1e-05 
 7.075  64.4  1e-05 
 7.125  64.4375  1e-05 
 7.16447  63.5  1e-05 
 7.175  63.3621  1e-05 
 7.19038  63.5  1e-05 
 7.225  63.9737  1e-05 
 7.275  63.8  1e-05 
 7.29  63.5  1e-05 
 7.275  63.2  1e-05 
 7.225  62.9375  1e-05 
 7.21406  62.5  1e-05 
 7.225  62.1316  1e-05 
 7.275  61.9615  1e-05 
 7.325  61.7308  1e-05 
 7.34643  61.5  1e-05 
 7.375  61.1  1e-05 
 7.41786  60.5  1e-05 
 7.425  60.25  1e-05 
 7.44  59.5  1e-05 
 7.475  58.9615  1e-05 
 7.525  59.1923  1e-05 
 7.55312  58.5  1e-05 
 7.575  58.0625  1e-05 
 7.62  57.5  1e-05 
 7.625  57.4  1e-05 
 7.675  57.0625  1e-05 
 7.69868  56.5  1e-05 
 7.711  55.5  1e-05 
 7.725  55.1316  1e-05 
 7.775  54.9737  1e-05 
 7.825  55.0625  1e-05 
 7.85313  54.5  1e-05 

 7.93214  33.5  1e-05 
 7.925  33.5625  1e-05 
 7.88553  34.5  1e-05 
 7.875  34.66  1e-05 
 7.825  34.7105  1e-05 
 7.775  34.9375  1e-05 
 7.75132  35.5  1e-05 
 7.725  35.9  1e-05 
 7.675  35.8182  1e-05 
 7.64091  36.5  1e-05 
 7.625  36.9375  1e-05 
 7.59687  37.5  1e-05 
 7.575  37.7  1e-05 
 7.54  37.5  1e-05 
 7.525  37.2  1e-05 
 7.50357  37.5  1e-05 
 7.4875  38.5  1e-05 
 7.475  38.7105  1e-05 
 7.425  38.6818  1e-05 
 7.375  39.0385  1e-05 
 7.33214  39.5  1e-05 
 7.325  39.75  1e-05 
 7.2875  40.5  1e-05 
 7.275  40.6429  1e-05 
 7.225  41.0385  1e-05 
 7.175  41.2  1e-05 
 7.15357  41.5  1e-05 
 7.125  41.8077  1e-05 
 7.09038  42.5  1e-05 
 7.075  42.7105  1e-05 
 7.025  42.9  1e-05 
 6.975  43.2692  1e-05 
 6.96  43.5  1e-05 
 6.925  43.8182  1e-05 
 6.89091  44.5  1e-05 
 6.875  44.78  1e-05 
 6.84808  44.5  1e-05 
 6.825  44.125  1e-05 
 6.80625  44.5  1e-05 
 6.775  45.2692  1e-05 
 6.75357  45.5  1e-05 
 6.72622  46.5  1e-05 
 6.725  46.5102  1e-05 
 6.72  46.5  1e-05 
 6.675  45.8077  1e-05 
 6.63  46.5  1e-05 
 6.625  46.6429  1e-05 
 6.575  47.125  1e-05 
 6.55192  47.5  1e-05 
 6.525  47.6707  1e-05 
 6.475  47.5769  1e-05 
 6.425  48.125  1e-05 
 6.375  48.2692  1e-05 
 6.36  48.5  1e-05 
 6.325  48.9375  1e-05 
 6.28  49.5  1e-05 
 6.275  49.5385  1e-05 
 6.225  50.125  1e-05 
 6.175  50.0263  1e-05 
 6.14038  50.5  1e-05 
 6.125  50.8077  1e-05 
 6.075  50.8684  1e-05 
 6.025  51.0385  1e-05 
 5.98214  51.5  1e-05 
 5.975  51.75  1e-05 
 5.9375  52.5  1e-05 
 5.925  52.75  1e-05 
 5.8875  53.5  1e-05 
 5.875  53.5208  1e-05 
 5.825  53.8226  1e-05 
 5.7875  54.5  1e-05 
 5.775  54.6842  1e-05 
 5.725  54.8077  1e-05 
 5.675  55.0263  1e-05 
 5.65132  55.5  1e-05 
 5.675  56.0625  1e-05 
 5.68295  56.5  1e-05 
 5.675  56.75  1e-05 
 5.625  56.9  1e-05 
 5.60192  57.5  1e-05 
 5.575  57.9375  1e-05 
 5.54688  58.5  1e-05 
 5.56346  59.5  1e-05 
 5.545  60.5  1e-05 
 5.525  60.7105  1e-05 
 5.49091  61.5  1e-05 
 5.4875  62.5  1e-05 
 5.525  63.25  1e-05 
 5.52554  63.5  1e-05 
 5.525  63.5769  1e-05 
 5.47885  64.5  1e-05 
 5.4875  65.5  1e-05 
 5.475  66.0714  1e-05 
 5.46  66.5  1e-05 
 5.46  67.5  1e-05 
 5.475  67.9286  1e-05 
 5.495  68.5  1e-05 
 5.51  69.5  1e-05 
 5.51  70.5  1e-05 

 10.3464  22.5  1e-05 
 10.325  21.75  1e-05 
 10.3125  21.5  1e-05 
 10.275  21.2  1e-05 
 10.24  20.5  1e-05 
 10.27  19.5  1e-05 
 10.2464  18.5  1e-05 
 10.225  17.75  1e-05 
 10.175  17.7857  1e-05 
 10.125  17.8077  1e-05 
 10.105  17.5  1e-05 
 10.075  17.0385  1e-05 
 10.0481  16.5  1e-05 
 10.025  15.9  1e-05 
 9.98214  16.5  1e-05 
 9.975  16.5526  1e-05 
 9.97115  16.5  1e-05 
 9.925  15.5769  1e-05 
 9.9125  15.5  1e-05 
 9.875  14.75  1e-05 
 9.8625  14.5  1e-05 
 9.825  14.0714  1e-05 
 9.80357  14.5  1e-05 
 9.825  15.25  1e-05 
 9.8375  15.5  1e-05 
 9.8375  16.5  1e-05 
 9.825  16.7105  1e-05 
 9.79643  16.5  1e-05 
 9.775  15.75  1e-05 
 9.725  16.0385  1e-05 
 9.70625  16.5  1e-05 
 9.71  17.5  1e-05 
 9.67692  18.5  1e-05 
 9.675  18.6429  1e-05 
 9.625  18.6  1e-05 
 9.60132  19.5  1e-05 
 9.575  20.0263  1e-05 
 9.525  19.9375  1e-05 
 9.49038  20.5  1e-05 
 9.475  20.9  1e-05 
 9.425  21.0714  1e-05 
 9.375  21.2  1e-05 
 9.36346  21.5  1e-05 
 9.375  21.9286  1e-05 
 9.40357  22.5  1e-05 
 9.375  22.7105  1e-05 
 9.355  22.5  1e-05 
 9.325  22.125  1e-05 
 9.295  22.5  1e-05 
 9.275  23.0714  1e-05 
 9.2375  23.5  1e-05 
 9.225  23.6429  1e-05 
 9.195  24.5  1e-05 
 9.175  24.9  1e-05 
 9.125  25.2  1e-05 
 9.075  25.0714  1e-05 
 9.04643  24.5  1e-05 
 9.025  24.2  1e-05 
 8.975  23.75  1e-05 
 8.96  24.5  1e-05 
 8.975  25.25  1e-05 
 8.98214  25.5  1e-05 
 9.00192  26.5  1e-05 
 8.975  27.2  1e-05 
 8.94  26.5  1e-05 
 8.925  26.0714  1e-05 
 8.91346  26.5  1e-05 
 8.91  27.5  1e-05 
 8.875  27.9375  1e-05 
 8.825  27.8077  1e-05 
 8.79038  28.5  1e-05 
 8.78553  29.5  1e-05 
 8.775  29.7105  1e-05 
 8.74643  29.5  1e-05 
 8.725  28.75  1e-05 
 8.7125  28.5  1e-05 
 8.675  28.0714  1e-05 
 8.6375  28.5  1e-05 
 8.625  28.5526  1e-05 
 8.575  28.75  1e-05 
 8.525  29.0714  1e-05 
 8.50357  29.5  1e-05 
 8.475  29.8077  1e-05 
 8.425  29.8684  1e-05 
 8.375  30.2  1e-05 
 8.3375  30.5  1e-05 
 8.325  30.5769  1e-05 
 8.275  30.9  1e-05 
 8.225  31.2  1e-05 
 8.175  31.2692  1e-05 
 8.16346  31.5  1e-05 
 8.125  32.2692  1e-05 
 8.10357  32.5  1e-05 
 8.075  32.8077  1e-05 
 8.04643  32.5  1e-05 
 8.025  32.2692  1e-05 
 7.9875  32.5  1e-05 
 7.975  32.6429  1e-05 
 7.93214  33.5  1e-05 

 10.34  16.5  1e-05 
 10.325  16.2  1e-05 
 10.3036  16.5  1e-05 
 10.325  16.9286  1e-05 
 10.34  16.5  1e-05 

 10.3981  19.5  1e-05 
 10.375  19.125  1e-05 
 10.3321  19.5  1e-05 
 10.3536  20.5  1e-05 
 10.375  20.8  1e-05 
 10.3964  20.5  1e-05 
 10.3981  19.5  1e-05 

