
# Surface 0 of 1 surfaces

# Curve title: ""../GalNAc/GNC_2D_HOgly-OHO.txt" using 1:2:7"
# Contour 0, label:   0.0006
 2.69364  46.5  0.0006 
 2.675  46.2982  0.0006 
 2.66685  46.5  0.0006 
 2.675  46.7018  0.0006 
 2.69364  46.5  0.0006 

 2.73095  43.5  0.0006 
 2.725  43.4457  0.0006 
 2.72351  43.5  0.0006 
 2.725  43.5284  0.0006 
 2.73095  43.5  0.0006 

 2.39692  64.5  0.0006 
 2.3868  65.5  0.0006 
 2.38493  66.5  0.0006 
 2.37685  67.5  0.0006 
 2.3831  68.5  0.0006 
 2.375  68.9348  0.0006 
 2.36206  69.5  0.0006 
 2.36066  70.5  0.0006 
 2.35005  71.5  0.0006 
 2.34106  72.5  0.0006 
 2.33341  73.5  0.0006 
 2.33532  74.5  0.0006 
 2.325  75.1424  0.0006 
 2.31869  75.5  0.0006 
 2.325  76.087  0.0006 
 2.3278  76.5  0.0006 
 2.325  77.0672  0.0006 
 2.31925  77.5  0.0006 
 2.30194  78.5  0.0006 
 2.30952  79.5  0.0006 
 2.2868  80.5  0.0006 
 2.28138  81.5  0.0006 
 2.28956  82.5  0.0006 
 2.28148  83.5  0.0006 
 2.28029  84.5  0.0006 
 2.27887  85.5  0.0006 
 2.28876  86.5  0.0006 
 2.28865  87.5  0.0006 
 2.29895  88.5  0.0006 
 2.325  88.9531  0.0006 
 2.34592  89.5  0.0006 
 2.35644  90.5  0.0006 
 2.375  90.8713  0.0006 
 2.425  91.2565  0.0006 
 2.44365  91.5  0.0006 
 2.475  91.7852  0.0006 
 2.49181  91.5  0.0006 
 2.525  90.6136  0.0006 
 2.52832  90.5  0.0006 
 2.55968  89.5  0.0006 
 2.575  88.8394  0.0006 
 2.58319  88.5  0.0006 
 2.62407  87.5  0.0006 
 2.625  87.4603  0.0006 
 2.65635  86.5  0.0006 
 2.66404  85.5  0.0006 
 2.675  84.8452  0.0006 
 2.6819  84.5  0.0006 
 2.70747  83.5  0.0006 
 2.72285  82.5  0.0006 
 2.725  82.4404  0.0006 
 2.75102  81.5  0.0006 
 2.7444  80.5  0.0006 
 2.775  79.5682  0.0006 
 2.77775  79.5  0.0006 
 2.79994  78.5  0.0006 
 2.78993  77.5  0.0006 
 2.825  76.7985  0.0006 
 2.82772  76.5  0.0006 
 2.825  76.3291  0.0006 
 2.81581  75.5  0.0006 
 2.82189  74.5  0.0006 
 2.825  74.3135  0.0006 
 2.85219  73.5  0.0006 
 2.875  72.8147  0.0006 
 2.88679  72.5  0.0006 
 2.89502  71.5  0.0006 
 2.91502  70.5  0.0006 
 2.925  69.6709  0.0006 
 2.93068  69.5  0.0006 
 2.96833  68.5  0.0006 
 2.97361  67.5  0.0006 
 2.975  67.4353  0.0006 
 3.00233  66.5  0.0006 
 3.025  65.6917  0.0006 
 3.03287  65.5  0.0006 
 3.075  64.7639  0.0006 
 3.08782  64.5  0.0006 
 3.10386  63.5  0.0006 
 3.125  62.7571  0.0006 
 3.13786  62.5  0.0006 
 3.13406  61.5  0.0006 
 3.17431  60.5  0.0006 
 3.175  60.4702  0.0006 
 3.20442  59.5  0.0006 
 3.225  59.1323  0.0006 
 3.26404  58.5  0.0006 
 3.275  58.0635  0.0006 
 3.31726  57.5  0.0006 
 3.30709  56.5  0.0006 
 3.3194  55.5  0.0006 
 3.31984  54.5  0.0006 
 3.29023  53.5  0.0006 

 3.29023  53.5  0.0006 
 3.275  52.9524  0.0006 
 3.25435  52.5  0.0006 
 3.23129  51.5  0.0006 
 3.24973  50.5  0.0006 
 3.225  50.1783  0.0006 
 3.18355  49.5  0.0006 
 3.17775  48.5  0.0006 
 3.175  48.4286  0.0006 
 3.163  48.5  0.0006 
 3.125  49.4048  0.0006 
 3.11305  48.5  0.0006 
 3.075  47.6538  0.0006 
 3.07032  47.5  0.0006 
 3.075  47.2822  0.0006 
 3.09984  46.5  0.0006 
 3.075  46.1749  0.0006 
 3.025  46.2156  0.0006 
 2.975  45.5459  0.0006 
 2.96905  45.5  0.0006 
 2.925  45.2898  0.0006 
 2.875  45.3571  0.0006 
 2.83971  45.5  0.0006 
 2.825  46.0556  0.0006 
 2.775  45.6375  0.0006 
 2.76411  45.5  0.0006 
 2.775  45.1271  0.0006 
 2.79197  44.5  0.0006 
 2.825  43.6429  0.0006 
 2.82976  43.5  0.0006 
 2.875  42.9771  0.0006 
 2.89222  42.5  0.0006 
 2.875  41.8113  0.0006 
 2.83993  41.5  0.0006 
 2.825  40.7  0.0006 
 2.82351  40.5  0.0006 
 2.825  40.4153  0.0006 
 2.85435  39.5  0.0006 
 2.825  38.8571  0.0006 
 2.81689  38.5  0.0006 
 2.825  37.7857  0.0006 
 2.85042  38.5  0.0006 
 2.875  38.9328  0.0006 
 2.8819  38.5  0.0006 
 2.88417  37.5  0.0006 
 2.875  37.1  0.0006 
 2.825  37.2966  0.0006 
 2.775  37.1593  0.0006 
 2.75297  36.5  0.0006 
 2.775  36.0917  0.0006 
 2.79981  35.5  0.0006 
 2.775  34.9487  0.0006 
 2.74647  34.5  0.0006 
 2.725  34.2148  0.0006 
 2.68589  34.5  0.0006 
 2.675  35.3462  0.0006 
 2.67331  35.5  0.0006 
 2.625  36.255  0.0006 
 2.60489  36.5  0.0006 
 2.575  37.0446  0.0006 
 2.55027  37.5  0.0006 
 2.53983  38.5  0.0006 
 2.53484  39.5  0.0006 
 2.525  40.1552  0.0006 
 2.51167  40.5  0.0006 
 2.48716  41.5  0.0006 
 2.50966  42.5  0.0006 
 2.525  42.7919  0.0006 
 2.575  43.1752  0.0006 
 2.60776  43.5  0.0006 
 2.575  43.7676  0.0006 
 2.55012  44.5  0.0006 
 2.5617  45.5  0.0006 
 2.57375  46.5  0.0006 
 2.55017  47.5  0.0006 
 2.575  48.1514  0.0006 
 2.58638  48.5  0.0006 
 2.575  49.0067  0.0006 
 2.56739  49.5  0.0006 
 2.575  50.24  0.0006 
 2.57837  50.5  0.0006 
 2.575  50.5444  0.0006 
 2.54094  51.5  0.0006 
 2.5261  52.5  0.0006 
 2.525  52.5847  0.0006 
 2.50893  53.5  0.0006 
 2.48602  54.5  0.0006 
 2.475  55.02  0.0006 
 2.47245  55.5  0.0006 
 2.44806  56.5  0.0006 
 2.43931  57.5  0.0006 
 2.43375  58.5  0.0006 
 2.425  58.858  0.0006 
 2.40935  59.5  0.0006 
 2.41521  60.5  0.0006 
 2.40966  61.5  0.0006 
 2.40616  62.5  0.0006 
 2.39646  63.5  0.0006 
 2.39692  64.5  0.0006 

 3.38695  52.5  0.0006 
 3.375  51.694  0.0006 
 3.35023  52.5  0.0006 
 3.367  53.5  0.0006 
 3.375  54.1061  0.0006 
 3.37959  53.5  0.0006 
 3.38695  52.5  0.0006 


# Contour 1, label:   0.0004
 2.52623  49.5  0.0004 
 2.525  49.4104  0.0004 
 2.513  49.5  0.0004 
 2.525  49.5397  0.0004 
 2.52623  49.5  0.0004 

 2.8873  35.5  0.0004 
 2.875  34.7619  0.0004 
 2.8595  35.5  0.0004 
 2.875  35.6542  0.0004 
 2.8873  35.5  0.0004 

 2.93214  43.5  0.0004 
 2.925  42.75  0.0004 
 2.92174  43.5  0.0004 
 2.925  43.5896  0.0004 
 2.93214  43.5  0.0004 

 2.35057  64.5  0.0004 
 2.34574  65.5  0.0004 
 2.35029  66.5  0.0004 
 2.3491  67.5  0.0004 
 2.33526  68.5  0.0004 
 2.33719  69.5  0.0004 
 2.33528  70.5  0.0004 
 2.3317  71.5  0.0004 
 2.325  71.8967  0.0004 
 2.30289  72.5  0.0004 
 2.30283  73.5  0.0004 
 2.30641  74.5  0.0004 
 2.29533  75.5  0.0004 
 2.30089  76.5  0.0004 
 2.27956  77.5  0.0004 
 2.28386  78.5  0.0004 
 2.27726  79.5  0.0004 
 2.275  79.6197  0.0004 
 2.25221  80.5  0.0004 
 2.24901  81.5  0.0004 
 2.25392  82.5  0.0004 
 2.24167  83.5  0.0004 
 2.24585  84.5  0.0004 
 2.2432  85.5  0.0004 
 2.24758  86.5  0.0004 
 2.25119  87.5  0.0004 
 2.25619  88.5  0.0004 
 2.275  89.2143  0.0004 
 2.29178  89.5  0.0004 
 2.29354  90.5  0.0004 
 2.325  91.3051  0.0004 
 2.33475  91.5  0.0004 
 2.375  92.2037  0.0004 
 2.42262  92.5  0.0004 
 2.425  92.51  0.0004 
 2.475  92.5092  0.0004 
 2.47575  92.5  0.0004 
 2.525  91.75  0.0004 
 2.5426  91.5  0.0004 
 2.56154  90.5  0.0004 
 2.575  90.1124  0.0004 
 2.6005  89.5  0.0004 
 2.625  88.5821  0.0004 
 2.62762  88.5  0.0004 
 2.66649  87.5  0.0004 
 2.675  87.2619  0.0004 
 2.69619  86.5  0.0004 
 2.70585  85.5  0.0004 
 2.725  84.6743  0.0004 
 2.72891  84.5  0.0004 
 2.73321  83.5  0.0004 
 2.775  82.7978  0.0004 
 2.78731  82.5  0.0004 
 2.77734  81.5  0.0004 
 2.78296  80.5  0.0004 
 2.82362  79.5  0.0004 
 2.82427  78.5  0.0004 
 2.825  78.4623  0.0004 
 2.84366  77.5  0.0004 
 2.85489  76.5  0.0004 
 2.85426  75.5  0.0004 
 2.875  74.9552  0.0004 
 2.8851  74.5  0.0004 
 2.88225  73.5  0.0004 
 2.91664  72.5  0.0004 
 2.91844  71.5  0.0004 
 2.925  71.1478  0.0004 
 2.94422  70.5  0.0004 
 2.975  69.7105  0.0004 
 2.98297  69.5  0.0004 
 3.00039  68.5  0.0004 
 3.02152  67.5  0.0004 
 3.025  67.2586  0.0004 
 3.03553  66.5  0.0004 
 3.075  65.512  0.0004 
 3.07539  65.5  0.0004 
 3.12392  64.5  0.0004 
 3.125  64.38  0.0004 
 3.13595  63.5  0.0004 
 3.175  62.7189  0.0004 
 3.1875  62.5  0.0004 
 3.1967  61.5  0.0004 
 3.225  61.1296  0.0004 
 3.25648  60.5  0.0004 
 3.24943  59.5  0.0004 
 3.275  59.117  0.0004 
 3.31815  58.5  0.0004 
 3.325  58.3905  0.0004 
 3.35596  57.5  0.0004 
 3.3631  56.5  0.0004 
 3.375  56.25  0.0004 
 3.41071  55.5  0.0004 
 3.41952  54.5  0.0004 
 3.425  53.58  0.0004 
 3.43125  53.5  0.0004 
 3.475  52.625  0.0004 
 3.47554  52.5  0.0004 

 3.47554  52.5  0.0004 
 3.475  52.46  0.0004 
 3.46399  51.5  0.0004 
 3.44566  50.5  0.0004 
 3.425  50.2251  0.0004 
 3.375  50.1699  0.0004 
 3.34289  49.5  0.0004 
 3.325  49.1286  0.0004 
 3.27575  48.5  0.0004 
 3.275  48.4733  0.0004 
 3.2625  48.5  0.0004 
 3.225  48.555  0.0004 
 3.22362  48.5  0.0004 
 3.219  47.5  0.0004 
 3.175  47.2086  0.0004 
 3.15143  46.5  0.0004 
 3.125  45.9714  0.0004 
 3.08759  45.5  0.0004 
 3.075  44.9627  0.0004 
 3.05655  44.5  0.0004 
 3.03686  43.5  0.0004 
 3.0258  42.5  0.0004 
 3.025  42.4524  0.0004 
 3.0052  41.5  0.0004 
 2.975  41.0448  0.0004 
 2.95684  40.5  0.0004 
 2.925  39.6523  0.0004 
 2.91878  39.5  0.0004 
 2.925  38.9524  0.0004 
 2.95238  39.5  0.0004 
 2.975  39.7065  0.0004 
 3.025  39.7157  0.0004 
 3.02885  39.5  0.0004 
 3.025  39.4272  0.0004 
 2.99808  38.5  0.0004 
 2.975  37.8514  0.0004 
 2.95653  37.5  0.0004 
 2.975  36.5299  0.0004 
 2.97592  36.5  0.0004 
 2.975  36.4733  0.0004 
 2.95327  35.5  0.0004 
 2.93686  34.5  0.0004 
 2.925  33.6765  0.0004 
 2.91786  33.5  0.0004 
 2.87592  32.5  0.0004 
 2.875  32.4829  0.0004 
 2.87328  32.5  0.0004 
 2.825  33.1087  0.0004 
 2.775  32.883  0.0004 
 2.725  33.4759  0.0004 
 2.675  32.64  0.0004 
 2.66455  32.5  0.0004 
 2.625  32.1989  0.0004 
 2.60745  32.5  0.0004 
 2.5974  33.5  0.0004 
 2.575  33.9179  0.0004 
 2.525  33.8179  0.0004 
 2.50309  34.5  0.0004 
 2.51477  35.5  0.0004 
 2.475  36.4272  0.0004 
 2.47173  36.5  0.0004 
 2.475  36.8235  0.0004 
 2.48153  37.5  0.0004 
 2.475  38.0476  0.0004 
 2.46467  38.5  0.0004 
 2.44728  39.5  0.0004 
 2.45161  40.5  0.0004 
 2.44482  41.5  0.0004 
 2.425  42.3257  0.0004 
 2.42135  42.5  0.0004 
 2.425  43.0758  0.0004 
 2.44621  43.5  0.0004 
 2.45357  44.5  0.0004 
 2.475  45.2817  0.0004 
 2.48526  45.5  0.0004 
 2.51304  46.5  0.0004 
 2.47993  47.5  0.0004 
 2.475  47.7414  0.0004 
 2.46491  48.5  0.0004 
 2.47146  49.5  0.0004 
 2.46831  50.5  0.0004 
 2.475  50.9524  0.0004 
 2.4875  51.5  0.0004 
 2.47649  52.5  0.0004 
 2.475  52.5652  0.0004 
 2.44925  53.5  0.0004 
 2.44011  54.5  0.0004 
 2.42989  55.5  0.0004 
 2.425  55.6716  0.0004 
 2.40128  56.5  0.0004 
 2.40951  57.5  0.0004 
 2.39954  58.5  0.0004 
 2.38165  59.5  0.0004 
 2.375  60.3136  0.0004 
 2.36955  60.5  0.0004 
 2.35952  61.5  0.0004 
 2.36521  62.5  0.0004 
 2.35309  63.5  0.0004 
 2.35057  64.5  0.0004 


# Contour 2, label:   0.0002
 3.08934  34.5  0.0002 
 3.075  34.0941  0.0002 
 3.05873  34.5  0.0002 
 3.075  34.8254  0.0002 
 3.08934  34.5  0.0002 

 3.32433  44.5  0.0002 
 3.275  44.0099  0.0002 
 3.24106  44.5  0.0002 
 3.275  44.8274  0.0002 
 3.32433  44.5  0.0002 

 3.06766  67.5  0.0002 
 3.075  67.0224  0.0002 
 3.10466  66.5  0.0002 
 3.114  65.5  0.0002 
 3.125  65.2729  0.0002 
 3.175  64.6343  0.0002 
 3.187  64.5  0.0002 
 3.19206  63.5  0.0002 
 3.225  62.9503  0.0002 
 3.24432  62.5  0.0002 
 3.275  61.5847  0.0002 
 3.28971  61.5  0.0002 
 3.31373  60.5  0.0002 
 3.325  59.86  0.0002 
 3.361  59.5  0.0002 
 3.36903  58.5  0.0002 
 3.375  58.2798  0.0002 
 3.425  57.6075  0.0002 
 3.42995  57.5  0.0002 
 3.45589  56.5  0.0002 
 3.475  55.51  0.0002 
 3.47586  55.5  0.0002 
 3.48391  54.5  0.0002 
 3.5119  53.5  0.0002 
 3.525  52.7143  0.0002 
 3.575  52.6538  0.0002 
 3.58269  52.5  0.0002 

 2.33968  56.5  0.0002 
 2.34292  57.5  0.0002 
 2.34381  58.5  0.0002 
 2.3272  59.5  0.0002 
 2.325  59.5598  0.0002 
 2.29764  60.5  0.0002 
 2.3056  61.5  0.0002 
 2.3019  62.5  0.0002 
 2.29594  63.5  0.0002 
 2.29868  64.5  0.0002 
 2.28295  65.5  0.0002 
 2.3056  66.5  0.0002 
 2.312  67.5  0.0002 
 2.28624  68.5  0.0002 
 2.28178  69.5  0.0002 
 2.28781  70.5  0.0002 
 2.2872  71.5  0.0002 
 2.275  71.9059  0.0002 
 2.26007  72.5  0.0002 
 2.26429  73.5  0.0002 
 2.25259  74.5  0.0002 
 2.26087  75.5  0.0002 
 2.25934  76.5  0.0002 
 2.24198  77.5  0.0002 
 2.22821  78.5  0.0002 
 2.22896  79.5  0.0002 
 2.225  79.672  0.0002 
 2.20505  80.5  0.0002 
 2.21386  81.5  0.0002 
 2.20275  82.5  0.0002 
 2.18781  83.5  0.0002 
 2.19464  84.5  0.0002 
 2.20367  85.5  0.0002 
 2.20513  86.5  0.0002 
 2.20464  87.5  0.0002 
 2.2244  88.5  0.0002 
 2.21458  89.5  0.0002 
 2.22414  90.5  0.0002 
 2.225  90.5238  0.0002 
 2.25975  91.5  0.0002 
 2.26341  92.5  0.0002 
 2.275  92.9167  0.0002 
 2.29594  93.5  0.0002 
 2.325  93.9789  0.0002 
 2.35662  94.5  0.0002 
 2.375  94.8675  0.0002 
 2.41905  95.5  0.0002 
 2.425  95.5741  0.0002 
 2.43347  95.5  0.0002 
 2.425  95.1154  0.0002 
 2.41144  94.5  0.0002 
 2.425  93.5588  0.0002 
 2.43676  94.5  0.0002 
 2.475  95.0149  0.0002 
 2.49885  94.5  0.0002 
 2.475  93.7353  0.0002 
 2.42794  93.5  0.0002 
 2.475  93.4266  0.0002 
 2.48856  93.5  0.0002 
 2.525  93.93  0.0002 
 2.53924  93.5  0.0002 
 2.55406  92.5  0.0002 
 2.575  92.2083  0.0002 
 2.60881  91.5  0.0002 
 2.625  90.74  0.0002 
 2.63478  90.5  0.0002 
 2.675  89.5133  0.0002 
 2.67554  89.5  0.0002 
 2.67575  88.5  0.0002 
 2.71187  87.5  0.0002 
 2.725  86.8133  0.0002 
 2.74233  86.5  0.0002 
 2.76865  85.5  0.0002 
 2.77006  84.5  0.0002 
 2.77052  83.5  0.0002 
 2.775  83.4248  0.0002 
 2.81321  82.5  0.0002 
 2.81989  81.5  0.0002 
 2.825  80.7941  0.0002 
 2.8287  80.5  0.0002 
 2.86365  79.5  0.0002 
 2.875  78.5172  0.0002 
 2.87554  78.5  0.0002 
 2.875  78.4828  0.0002 
 2.86805  77.5  0.0002 
 2.875  76.9771  0.0002 
 2.90074  76.5  0.0002 
 2.90951  75.5  0.0002 
 2.91821  74.5  0.0002 
 2.925  73.9605  0.0002 
 2.93594  73.5  0.0002 
 2.95463  72.5  0.0002 
 2.96591  71.5  0.0002 
 2.975  71.0224  0.0002 
 2.98806  70.5  0.0002 
 3.0192  69.5  0.0002 
 3.025  69.0733  0.0002 
 3.04338  68.5  0.0002 
 3.06766  67.5  0.0002 

 3.58269  52.5  0.0002 
 3.575  52.26  0.0002 
 3.56239  51.5  0.0002 
 3.54025  50.5  0.0002 
 3.525  50.3657  0.0002 
 3.50465  49.5  0.0002 
 3.475  48.6592  0.0002 
 3.46032  48.5  0.0002 
 3.451  47.5  0.0002 
 3.43158  46.5  0.0002 
 3.425  46.3684  0.0002 
 3.41842  46.5  0.0002 
 3.40767  47.5  0.0002 
 3.3836  48.5  0.0002 
 3.375  48.7105  0.0002 
 3.36548  48.5  0.0002 
 3.35556  47.5  0.0002 
 3.35315  46.5  0.0002 
 3.34894  45.5  0.0002 
 3.3256  44.5  0.0002 
 3.325  44.48  0.0002 
 3.30556  43.5  0.0002 
 3.275  42.672  0.0002 
 3.24423  42.5  0.0002 
 3.24233  41.5  0.0002 
 3.24206  40.5  0.0002 
 3.225  39.8582  0.0002 
 3.21399  39.5  0.0002 
 3.175  38.8254  0.0002 
 3.1547  38.5  0.0002 
 3.15921  37.5  0.0002 
 3.151  36.5  0.0002 
 3.175  36.2143  0.0002 
 3.225  35.619  0.0002 
 3.22995  35.5  0.0002 
 3.225  35.3039  0.0002 
 3.175  34.7105  0.0002 
 3.16822  34.5  0.0002 
 3.175  33.5588  0.0002 
 3.17575  33.5  0.0002 
 3.175  33.48  0.0002 
 3.125  33.2313  0.0002 
 3.10672  32.5  0.0002 
 3.075  31.7735  0.0002 
 3.025  32.4867  0.0002 
 2.98478  31.5  0.0002 
 2.99643  30.5  0.0002 
 2.975  29.78  0.0002 
 2.96157  30.5  0.0002 
 2.957  31.5  0.0002 
 2.925  31.756  0.0002 
 2.91132  31.5  0.0002 
 2.90074  30.5  0.0002 
 2.875  30.0593  0.0002 
 2.825  30.375  0.0002 
 2.80441  29.5  0.0002 
 2.775  29.4083  0.0002 
 2.76962  29.5  0.0002 
 2.725  29.994  0.0002 
 2.6788  30.5  0.0002 
 2.675  30.78  0.0002 
 2.625  30.9254  0.0002 
 2.575  30.7712  0.0002 
 2.5494  31.5  0.0002 
 2.525  31.8254  0.0002 
 2.48601  32.5  0.0002 
 2.475  33.0714  0.0002 
 2.46522  33.5  0.0002 
 2.43452  34.5  0.0002 
 2.43929  35.5  0.0002 
 2.425  35.8582  0.0002 
 2.40986  36.5  0.0002 
 2.39119  37.5  0.0002 
 2.375  38.4828  0.0002 
 2.37457  38.5  0.0002 
 2.375  38.625  0.0002 
 2.37917  39.5  0.0002 
 2.40197  40.5  0.0002 
 2.375  40.9881  0.0002 
 2.3622  41.5  0.0002 
 2.375  42.0119  0.0002 
 2.38288  42.5  0.0002 
 2.37896  43.5  0.0002 
 2.38093  44.5  0.0002 
 2.3872  45.5  0.0002 
 2.412  46.5  0.0002 
 2.39417  47.5  0.0002 
 2.39405  48.5  0.0002 
 2.425  48.8467  0.0002 
 2.43414  49.5  0.0002 
 2.425  49.8889  0.0002 
 2.3995  50.5  0.0002 
 2.4244  51.5  0.0002 
 2.40259  52.5  0.0002 
 2.38339  53.5  0.0002 
 2.38339  54.5  0.0002 
 2.375  54.9068  0.0002 
 2.36506  55.5  0.0002 
 2.33968  56.5  0.0002 

 3.63542  50.5  0.0002 
 3.625  50.2552  0.0002 
 3.58214  49.5  0.0002 
 3.575  49.26  0.0002 
 3.56828  49.5  0.0002 
 3.575  49.8051  0.0002 
 3.60197  50.5  0.0002 
 3.625  50.8211  0.0002 
 3.63542  50.5  0.0002 


# Contour 3, label:   0.0001
 2.309  45.5  0.0001 
 2.275  44.82  0.0001 
 2.2665  45.5  0.0001 
 2.275  45.9048  0.0001 
 2.309  45.5  0.0001 

 2.27619  42.5  0.0001 
 2.275  42.4804  0.0001 
 2.27434  42.5  0.0001 
 2.275  42.5385  0.0001 
 2.27619  42.5  0.0001 

 2.92575  26.5  0.0001 
 2.925  26.4804  0.0001 
 2.92381  26.5  0.0001 
 2.925  26.5588  0.0001 
 2.92575  26.5  0.0001 

 3.23452  37.5  0.0001 
 3.225  37.2647  0.0001 
 3.22024  37.5  0.0001 
 3.225  37.587  0.0001 
 3.23452  37.5  0.0001 

 3.434  36.5  0.0001 
 3.425  36.3475  0.0001 
 3.407  36.5  0.0001 
 3.425  37.0294  0.0001 
 3.434  36.5  0.0001 

 3.43824  32.5  0.0001 
 3.425  32.14  0.0001 
 3.416  32.5  0.0001 
 3.425  32.86  0.0001 
 3.43824  32.5  0.0001 

 3.53097  49.5  0.0001 
 3.525  49.2867  0.0001 
 3.52219  49.5  0.0001 
 3.525  49.6194  0.0001 
 3.53097  49.5  0.0001 

 2.575  93.3644  0.0001 
 2.625  93.3095  0.0001 
 2.66944  93.5  0.0001 
 2.675  93.5238  0.0001 
 2.67566  93.5  0.0001 
 2.675  93.4851  0.0001 
 2.642  92.5  0.0001 
 2.675  91.7826  0.0001 
 2.69211  91.5  0.0001 
 2.70595  90.5  0.0001 
 2.725  89.86  0.0001 
 2.73036  89.5  0.0001 
 2.74348  88.5  0.0001 
 2.74629  87.5  0.0001 
 2.775  86.9679  0.0001 
 2.80272  86.5  0.0001 
 2.817  85.5  0.0001 
 2.825  84.5588  0.0001 
 2.82585  84.5  0.0001 
 2.83263  83.5  0.0001 
 2.83571  82.5  0.0001 
 2.87024  81.5  0.0001 
 2.86574  80.5  0.0001 
 2.875  80.1324  0.0001 
 2.90662  79.5  0.0001 
 2.925  78.7647  0.0001 
 2.93172  78.5  0.0001 
 2.925  78.2353  0.0001 
 2.90662  77.5  0.0001 
 2.925  77.1711  0.0001 
 2.95272  76.5  0.0001 
 2.94812  75.5  0.0001 
 2.96903  74.5  0.0001 
 2.96719  73.5  0.0001 
 2.975  72.5385  0.0001 
 2.97647  72.5  0.0001 
 3.025  71.5294  0.0001 
 3.02575  71.5  0.0001 
 3.02598  70.5  0.0001 
 3.06548  69.5  0.0001 
 3.075  69.119  0.0001 
 3.10049  68.5  0.0001 
 3.125  68.0763  0.0001 
 3.14524  67.5  0.0001 
 3.175  66.7537  0.0001 
 3.18524  66.5  0.0001 
 3.175  65.9848  0.0001 
 3.16144  65.5  0.0001 
 3.175  65.3806  0.0001 
 3.225  65.0658  0.0001 
 3.24812  64.5  0.0001 
 3.275  63.7537  0.0001 
 3.28633  63.5  0.0001 
 3.275  62.82  0.0001 
 3.27273  62.5  0.0001 
 3.275  62.4322  0.0001 
 3.325  62.4048  0.0001 
 3.3663  61.5  0.0001 
 3.35381  60.5  0.0001 
 3.375  60.1503  0.0001 
 3.425  59.9407  0.0001 
 3.44211  59.5  0.0001 
 3.475  58.8421  0.0001 
 3.48913  58.5  0.0001 
 3.48172  57.5  0.0001 
 3.47619  56.5  0.0001 
 3.525  56.0119  0.0001 
 3.54812  55.5  0.0001 
 3.54524  54.5  0.0001 
 3.575  53.5385  0.0001 
 3.57647  53.5  0.0001 
 3.625  52.5294  0.0001 
 3.62566  52.5  0.0001 
 3.64703  51.5  0.0001 
 3.66518  50.5  0.0001 
 3.625  49.5559  0.0001 
 3.62183  49.5  0.0001 
 3.625  49.3644  0.0001 
 3.641  49.5  0.0001 
 3.675  49.84  0.0001 
 3.6835  49.5  0.0001 

 2.325  36.82  0.0001 
 2.31367  37.5  0.0001 
 2.325  38.0152  0.0001 
 2.33184  38.5  0.0001 
 2.3381  39.5  0.0001 
 2.325  40.4706  0.0001 
 2.32381  40.5  0.0001 
 2.325  40.5385  0.0001 
 2.33244  41.5  0.0001 
 2.3455  42.5  0.0001 
 2.3414  43.5  0.0001 
 2.325  44.32  0.0001 
 2.29853  44.5  0.0001 
 2.325  45.0294  0.0001 
 2.33097  45.5  0.0001 
 2.33676  46.5  0.0001 
 2.325  46.6569  0.0001 
 2.30188  47.5  0.0001 
 2.325  48.3431  0.0001 
 2.32935  48.5  0.0001 
 2.358  49.5  0.0001 
 2.325  50.2857  0.0001 
 2.31964  50.5  0.0001 
 2.325  50.68  0.0001 
 2.36034  51.5  0.0001 
 2.34802  52.5  0.0001 
 2.325  53.2733  0.0001 
 2.31231  53.5  0.0001 
 2.32425  54.5  0.0001 
 2.325  54.5238  0.0001 
 2.33665  55.5  0.0001 
 2.325  55.8761  0.0001 
 2.29619  56.5  0.0001 
 2.2994  57.5  0.0001 
 2.28988  58.5  0.0001 
 2.27896  59.5  0.0001 
 2.275  59.9706  0.0001 
 2.26828  60.5  0.0001 
 2.24794  61.5  0.0001 
 2.27353  62.5  0.0001 
 2.24975  63.5  0.0001 
 2.27308  64.5  0.0001 
 2.2337  65.5  0.0001 
 2.24794  66.5  0.0001 
 2.2556  67.5  0.0001 
 2.23694  68.5  0.0001 
 2.225  69.4412  0.0001 
 2.22415  69.5  0.0001 
 2.225  69.5588  0.0001 
 2.23567  70.5  0.0001 
 2.23567  71.5  0.0001 
 2.2352  72.5  0.0001 
 2.225  73.0467  0.0001 
 2.19619  73.5  0.0001 
 2.18844  74.5  0.0001 
 2.20476  75.5  0.0001 
 2.20678  76.5  0.0001 
 2.21429  77.5  0.0001 
 2.18559  78.5  0.0001 
 2.18647  79.5  0.0001 
 2.17915  80.5  0.0001 
 2.18795  81.5  0.0001 
 2.17883  82.5  0.0001 
 2.175  82.7133  0.0001 
 2.13988  83.5  0.0001 
 2.13452  84.5  0.0001 
 2.175  85.0763  0.0001 
 2.18073  85.5  0.0001 
 2.175  86.2353  0.0001 
 2.169  86.5  0.0001 
 2.17434  87.5  0.0001 
 2.16034  88.5  0.0001 
 2.175  88.84  0.0001 
 2.18482  89.5  0.0001 
 2.175  89.9342  0.0001 
 2.15528  90.5  0.0001 
 2.175  91.0119  0.0001 
 2.1955  91.5  0.0001 
 2.225  92.2867  0.0001 
 2.2303  92.5  0.0001 
 2.24728  93.5  0.0001 
 2.241  94.5  0.0001 
 2.275  94.7931  0.0001 
 2.31034  95.5  0.0001 
 2.325  95.84  0.0001 
 2.358  96.5  0.0001 
 2.375  96.7048  0.0001 
 2.39524  96.5  0.0001 
 2.425  96.3148  0.0001 
 2.46176  96.5  0.0001 
 2.475  96.6525  0.0001 
 2.525  96.5196  0.0001 
 2.52598  96.5  0.0001 
 2.525  96.4615  0.0001 
 2.50855  95.5  0.0001 
 2.525  95.1324  0.0001 
 2.54812  94.5  0.0001 
 2.57235  93.5  0.0001 
 2.575  93.3644  0.0001 

 3.6835  49.5  0.0001 
 3.675  49.2069  0.0001 
 3.65272  48.5  0.0001 
 3.625  47.8289  0.0001 
 3.60381  47.5  0.0001 
 3.575  46.9237  0.0001 
 3.53824  46.5  0.0001 
 3.525  46.3657  0.0001 
 3.475  45.82  0.0001 
 3.459  45.5  0.0001 
 3.425  45.0952  0.0001 
 3.38769  44.5  0.0001 
 3.38571  43.5  0.0001 
 3.425  42.7143  0.0001 
 3.43824  42.5  0.0001 
 3.425  42.38  0.0001 
 3.375  41.9342  0.0001 
 3.325  41.7388  0.0001 
 3.309  41.5  0.0001 
 3.325  40.5588  0.0001 
 3.375  40.84  0.0001 
 3.425  40.5149  0.0001 
 3.42619  40.5  0.0001 
 3.425  40.4804  0.0001 
 3.375  40.0952  0.0001 
 3.34524  39.5  0.0001 
 3.34048  38.5  0.0001 
 3.325  37.9902  0.0001 
 3.30381  37.5  0.0001 
 3.325  36.5385  0.0001 
 3.32794  36.5  0.0001 
 3.35855  35.5  0.0001 
 3.343  34.5  0.0001 
 3.375  33.5588  0.0001 
 3.39924  34.5  0.0001 
 3.425  34.7537  0.0001 
 3.43524  34.5  0.0001 
 3.425  33.9848  0.0001 
 3.37794  33.5  0.0001 
 3.375  33.4762  0.0001 
 3.3545  32.5  0.0001 
 3.32647  31.5  0.0001 
 3.33966  30.5  0.0001 
 3.32598  29.5  0.0001 
 3.325  29.4831  0.0001 
 3.32402  29.5  0.0001 
 3.275  30.4804  0.0001 
 3.26944  30.5  0.0001 
 3.225  30.9706  0.0001 
 3.209  30.5  0.0001 
 3.18263  29.5  0.0001 
 3.175  29.14  0.0001 
 3.143  28.5  0.0001 
 3.125  28.3657  0.0001 
 3.107  28.5  0.0001 
 3.125  28.86  0.0001 
 3.157  29.5  0.0001 
 3.141  30.5  0.0001 
 3.13452  31.5  0.0001 
 3.125  31.7388  0.0001 
 3.11548  31.5  0.0001 
 3.075  30.6905  0.0001 
 3.0663  30.5  0.0001 
 3.043  29.5  0.0001 
 3.059  28.5  0.0001 
 3.025  28.16  0.0001 
 2.98452  28.5  0.0001 
 2.975  28.5792  0.0001 
 2.96974  28.5  0.0001 
 2.925  27.6905  0.0001 
 2.875  27.8731  0.0001 
 2.84812  27.5  0.0001 
 2.825  26.8676  0.0001 
 2.80188  27.5  0.0001 
 2.775  28.4804  0.0001 
 2.74211  27.5  0.0001 
 2.75076  26.5  0.0001 
 2.73036  25.5  0.0001 
 2.725  25.3929  0.0001 
 2.716  25.5  0.0001 
 2.69924  26.5  0.0001 
 2.675  27.4412  0.0001 
 2.625  27.4804  0.0001 
 2.62381  27.5  0.0001 
 2.575  28.1119  0.0001 
 2.54405  28.5  0.0001 
 2.56429  29.5  0.0001 
 2.525  29.7619  0.0001 
 2.475  29.9925  0.0001 
 2.44963  30.5  0.0001 
 2.43178  31.5  0.0001 
 2.425  31.6356  0.0001 
 2.38694  32.5  0.0001 
 2.4056  33.5  0.0001 
 2.38647  34.5  0.0001 
 2.375  34.9237  0.0001 
 2.34619  35.5  0.0001 
 2.36944  36.5  0.0001 
 2.325  36.82  0.0001 


# Contour 4, label:    5e-05
 2.525  23.5  5e-05 

 3.391  38.5  5e-05 
 3.375  38.34  5e-05 
 3.37024  38.5  5e-05 
 3.375  38.7424  5e-05 
 3.391  38.5  5e-05 

 3.475  41.5  5e-05 
 3.425  41.2612  5e-05 
 3.40076  41.5  5e-05 
 3.425  41.7133  5e-05 
 3.475  41.5  5e-05 

 3.53263  39.5  5e-05 
 3.525  39.2353  5e-05 
 3.507  39.5  5e-05 
 3.525  39.86  5e-05 
 3.53263  39.5  5e-05 

 2.925  80.1098  5e-05 
 2.94366  79.5  5e-05 
 2.96903  78.5  5e-05 
 2.96288  77.5  5e-05 
 2.975  77.0294  5e-05 
 2.993  76.5  5e-05 
 2.975  75.5  5e-05 
 3.017  74.5  5e-05 
 3.025  74.2576  5e-05 
 3.06288  73.5  5e-05 
 3.05076  72.5  5e-05 
 3.06306  71.5  5e-05 
 3.075  70.5  5e-05 
 3.125  70.0075  5e-05 
 3.15381  69.5  5e-05 
 3.15549  68.5  5e-05 
 3.175  67.5  5e-05 
 3.225  67.5  5e-05 
 3.21536  66.5  5e-05 
 3.225  66.0152  5e-05 
 3.275  65.9048  5e-05 
 3.28941  65.5  5e-05 
 3.275  64.5  5e-05 
 3.31967  63.5  5e-05 
 3.325  63.34  5e-05 
 3.367  62.5  5e-05 
 3.375  62.3095  5e-05 
 3.409  61.5  5e-05 
 3.425  61.0152  5e-05 
 3.442  60.5  5e-05 
 3.475  59.5  5e-05 
 3.5163  58.5  5e-05 
 3.51903  57.5  5e-05 
 3.525  57.0294  5e-05 
 3.55147  56.5  5e-05 
 3.575  55.5  5e-05 
 3.6  54.5  5e-05 
 3.625  53.9048  5e-05 
 3.659  53.5  5e-05 
 3.65855  52.5  5e-05 
 3.675  51.9048  5e-05 
 3.68941  51.5  5e-05 
 3.692  50.5  5e-05 
 3.7085  49.5  5e-05 
 3.693  48.5  5e-05 
 3.675  47.5  5e-05 
 3.725  46.5  5e-05 

 2.325  52.0294  5e-05 
 2.32817  52.5  5e-05 
 2.325  52.6067  5e-05 
 2.31548  52.5  5e-05 
 2.275  51.6905  5e-05 
 2.24963  52.5  5e-05 
 2.275  53.5  5e-05 
 2.28694  54.5  5e-05 
 2.275  54.9848  5e-05 
 2.241  55.5  5e-05 
 2.275  56.5  5e-05 
 2.26176  57.5  5e-05 
 2.25  58.5  5e-05 
 2.25  59.5  5e-05 
 2.23097  60.5  5e-05 
 2.225  61.5  5e-05 
 2.21059  62.5  5e-05 
 2.225  63.5  5e-05 
 2.20634  64.5  5e-05 
 2.19619  65.5  5e-05 
 2.225  66.5  5e-05 
 2.21737  67.5  5e-05 
 2.19619  68.5  5e-05 
 2.18178  69.5  5e-05 
 2.175  69.82  5e-05 
 2.15476  70.5  5e-05 
 2.16059  71.5  5e-05 
 2.175  71.9048  5e-05 
 2.21176  72.5  5e-05 
 2.175  73  5e-05 
 2.15833  73.5  5e-05 
 2.15  74.5  5e-05 
 2.175  75.5  5e-05 
 2.18559  76.5  5e-05 
 2.175  77.0952  5e-05 
 2.158  77.5  5e-05 
 2.15345  78.5  5e-05 
 2.15345  79.5  5e-05 
 2.13452  80.5  5e-05 
 2.175  81.5  5e-05 
 2.125  82.2857  5e-05 
 2.11737  82.5  5e-05 
 2.10345  83.5  5e-05 
 2.1  84.5  5e-05 
 2.11429  85.5  5e-05 
 2.125  85.86  5e-05 
 2.13567  86.5  5e-05 
 2.14145  87.5  5e-05 
 2.125  88.2353  5e-05 
 2.11737  88.5  5e-05 
 2.125  88.7143  5e-05 
 2.158  89.5  5e-05 
 2.13234  90.5  5e-05 
 2.16737  91.5  5e-05 
 2.16059  92.5  5e-05 
 2.14924  93.5  5e-05 
 2.175  94.18  5e-05 
 2.183  94.5  5e-05 
 2.225  95.5  5e-05 
 2.225  96.5  5e-05 
 2.225  97.5  5e-05 
 2.275  97.5  5e-05 
 2.325  97.5  5e-05 
 2.35634  98.5  5e-05 
 2.375  99.2576  5e-05 
 2.39167  98.5  5e-05 
 2.375  97.8902  5e-05 
 2.325  97.5  5e-05 
 2.375  97.3072  5e-05 
 2.425  97.5  5e-05 
 2.475  97.5  5e-05 
 2.525  97.5  5e-05 
 2.575  96.5  5e-05 
 2.55  95.5  5e-05 
 2.575  94.5  5e-05 
 2.625  95.0152  5e-05 
 2.675  94.6765  5e-05 
 2.68263  94.5  5e-05 
 2.70855  93.5  5e-05 
 2.675  92.7388  5e-05 
 2.667  92.5  5e-05 
 2.675  92.3261  5e-05 
 2.725  91.5  5e-05 
 2.74737  90.5  5e-05 
 2.76012  89.5  5e-05 
 2.77065  88.5  5e-05 
 2.77104  87.5  5e-05 
 2.775  87.4266  5e-05 
 2.825  86.6525  5e-05 
 2.83571  86.5  5e-05 
 2.85381  85.5  5e-05 
 2.86822  84.5  5e-05 
 2.875  83.5  5e-05 
 2.925  82.8731  5e-05 
 2.95  82.5  5e-05 
 2.925  81.7424  5e-05 
 2.917  81.5  5e-05 
 2.90549  80.5  5e-05 
 2.925  80.1098  5e-05 

 3.725  46.5  5e-05 
 3.69524  45.5  5e-05 
 3.675  44.82  5e-05 
 3.625  45.5  5e-05 
 3.575  44.9706  5e-05 
 3.54853  45.5  5e-05 
 3.525  45.6194  5e-05 
 3.51548  45.5  5e-05 
 3.50147  44.5  5e-05 
 3.525  44.0294  5e-05 
 3.55147  43.5  5e-05 
 3.525  42.9706  5e-05 
 3.51288  42.5  5e-05 
 3.525  41.5  5e-05 
 3.493  40.5  5e-05 
 3.475  40.14  5e-05 
 3.425  39.5  5e-05 
 3.45076  38.5  5e-05 
 3.467  37.5  5e-05 
 3.475  37.0294  5e-05 
 3.50147  36.5  5e-05 
 3.475  35.9706  5e-05 
 3.425  35.5  5e-05 
 3.46536  34.5  5e-05 
 3.475  33.86  5e-05 
 3.48571  33.5  5e-05 
 3.50549  32.5  5e-05 
 3.48571  31.5  5e-05 
 3.475  30.9706  5e-05 
 3.425  30.9925  5e-05 
 3.38571  30.5  5e-05 
 3.375  29.5  5e-05 
 3.325  28.6356  5e-05 
 3.30147  28.5  5e-05 
 3.28382  27.5  5e-05 
 3.275  26.9706  5e-05 
 3.26618  27.5  5e-05 
 3.225  28.2119  5e-05 
 3.2  27.5  5e-05 
 3.193  26.5  5e-05 
 3.175  26.14  5e-05 
 3.125  26.5  5e-05 
 3.075  26.2353  5e-05 
 3.057  26.5  5e-05 
 3.075  27.0294  5e-05 
 3.125  26.5  5e-05 
 3.133  27.5  5e-05 
 3.125  27.6194  5e-05 
 3.075  27.6905  5e-05 
 3.025  27.66  5e-05 
 3.00549  27.5  5e-05 
 2.975  26.8902  5e-05 
 2.96306  26.5  5e-05 
 2.925  25.5  5e-05 
 2.88571  24.5  5e-05 
 2.875  24.14  5e-05 
 2.86429  24.5  5e-05 
 2.825  25.069  5e-05 
 2.775  24.5  5e-05 
 2.8  25.5  5e-05 
 2.775  25.9237  5e-05 
 2.76012  25.5  5e-05 
 2.725  24.7976  5e-05 
 2.675  25.2857  5e-05 
 2.625  24.8902  5e-05 
 2.58712  25.5  5e-05 
 2.575  25.7424  5e-05 
 2.55345  26.5  5e-05 
 2.56176  27.5  5e-05 
 2.525  27.9237  5e-05 
 2.475  27.5  5e-05 
 2.457  28.5  5e-05 
 2.425  28.8902  5e-05 
 2.38712  29.5  5e-05 
 2.391  30.5  5e-05 
 2.375  30.82  5e-05 
 2.35476  31.5  5e-05 
 2.34619  32.5  5e-05 
 2.325  33.5  5e-05 
 2.31176  34.5  5e-05 
 2.275  35.5  5e-05 
 2.297  36.5  5e-05 
 2.28033  37.5  5e-05 
 2.291  38.5  5e-05 
 2.275  39.14  5e-05 
 2.26618  39.5  5e-05 
 2.24853  40.5  5e-05 
 2.275  41.5  5e-05 
 2.24145  42.5  5e-05 
 2.23712  43.5  5e-05 
 2.247  44.5  5e-05 
 2.2415  45.5  5e-05 
 2.25634  46.5  5e-05 
 2.275  47.5  5e-05 
 2.297  48.5  5e-05 
 2.275  49.5  5e-05 
 2.28988  50.5  5e-05 
 2.29853  51.5  5e-05 
 2.325  52.0294  5e-05 


# Contour 5, label:    1e-05
 2.32649  98.5  1e-05 
 2.325  98.4524  1e-05 
 2.31912  98.5  1e-05 
 2.325  98.7222  1e-05 
 2.32649  98.5  1e-05 

 2.39559  17.5  1e-05 
 2.375  17.0882  1e-05 
 2.35441  17.5  1e-05 
 2.375  17.9118  1e-05 
 2.39559  17.5  1e-05 

 2.445  98.5  1e-05 
 2.425  98.3  1e-05 
 2.41833  98.5  1e-05 
 2.425  98.7941  1e-05 
 2.445  98.5  1e-05 

 2.44559  15.5  1e-05 
 2.425  15.0882  1e-05 
 2.40441  15.5  1e-05 
 2.425  16.2778  1e-05 
 2.44559  15.5  1e-05 

 2.54559  19.5  1e-05 
 2.525  18.7222  1e-05 
 2.48611  19.5  1e-05 
 2.525  19.9118  1e-05 
 2.54559  19.5  1e-05 

 2.59559  101.5  1e-05 
 2.575  101.088  1e-05 
 2.53611  101.5  1e-05 
 2.575  101.912  1e-05 
 2.59559  101.5  1e-05 

 2.57885  24.5  1e-05 
 2.575  24.3824  1e-05 
 2.56389  24.5  1e-05 
 2.575  24.5588  1e-05 
 2.57885  24.5  1e-05 

 2.64559  19.5  1e-05 
 2.625  19.0882  1e-05 
 2.60441  19.5  1e-05 
 2.625  20.2778  1e-05 
 2.64559  19.5  1e-05 

 2.64559  14.5  1e-05 
 2.625  14.0882  1e-05 
 2.58611  14.5  1e-05 
 2.625  14.9118  1e-05 
 2.64559  14.5  1e-05 

 2.76389  15.5  1e-05 
 2.725  15.0882  1e-05 
 2.70441  15.5  1e-05 
 2.725  15.9118  1e-05 
 2.76389  15.5  1e-05 

 2.845  87.5  1e-05 
 2.825  87.3305  1e-05 
 2.8131  87.5  1e-05 
 2.825  87.7941  1e-05 
 2.845  87.5  1e-05 

 2.82885  23.5  1e-05 
 2.825  23.4231  1e-05 
 2.775  23.2778  1e-05 
 2.77115  23.5  1e-05 
 2.775  23.5476  1e-05 
 2.825  23.7222  1e-05 
 2.82885  23.5  1e-05 

 2.84559  20.5  1e-05 
 2.825  19.7222  1e-05 
 2.78611  20.5  1e-05 
 2.825  21.2778  1e-05 
 2.84559  20.5  1e-05 

 2.84559  12.5  1e-05 
 2.825  12.0882  1e-05 
 2.78611  12.5  1e-05 
 2.825  13.2778  1e-05 
 2.84559  12.5  1e-05 

 2.91912  19.5  1e-05 
 2.875  18.6176  1e-05 
 2.87115  18.5  1e-05 
 2.825  17.7941  1e-05 
 2.805  17.5  1e-05 
 2.775  16.9  1e-05 
 2.73088  17.5  1e-05 
 2.775  18.1  1e-05 
 2.78971  18.5  1e-05 
 2.825  19.4231  1e-05 
 2.83088  19.5  1e-05 
 2.875  20.1  1e-05 
 2.91912  19.5  1e-05 

 3.005  85.5  1e-05 
 2.975  84.6176  1e-05 
 2.945  85.5  1e-05 
 2.975  86.1  1e-05 
 3.005  85.5  1e-05 

 3.02206  21.5  1e-05 
 2.975  20.7381  1e-05 
 2.925  20.6176  1e-05 
 2.88088  21.5  1e-05 
 2.895  22.5  1e-05 
 2.925  23.3824  1e-05 
 2.955  22.5  1e-05 
 2.975  22.2619  1e-05 
 3.02206  21.5  1e-05 

 3.01389  16.5  1e-05 
 2.975  15.7222  1e-05 
 2.96389  15.5  1e-05 
 2.925  14.7222  1e-05 
 2.875  15.0882  1e-05 
 2.85441  15.5  1e-05 
 2.875  16.2778  1e-05 
 2.88088  16.5  1e-05 
 2.925  17.3824  1e-05 
 2.93611  17.5  1e-05 
 2.975  18.2778  1e-05 
 3.01389  17.5  1e-05 
 3.01389  16.5  1e-05 

 3.055  15.5  1e-05 
 3.025  14.9  1e-05 
 2.98088  15.5  1e-05 
 3.025  16.3824  1e-05 
 3.055  15.5  1e-05 

 3.06029  13.5  1e-05 
 3.025  12.7941  1e-05 
 2.975  12.9  1e-05 
 2.945  13.5  1e-05 
 2.975  14.1  1e-05 
 3.025  14.2059  1e-05 
 3.06029  13.5  1e-05 

 3.13971  25.5  1e-05 
 3.125  24.9118  1e-05 
 3.105  25.5  1e-05 
 3.125  25.7  1e-05 
 3.13971  25.5  1e-05 

 3.14559  19.5  1e-05 
 3.125  19.0882  1e-05 
 3.10441  19.5  1e-05 
 3.075  19.9  1e-05 
 3.045  20.5  1e-05 
 3.075  21.1  1e-05 
 3.125  21.1  1e-05 
 3.16912  20.5  1e-05 
 3.14559  19.5  1e-05 

 3.205  77.5  1e-05 
 3.175  76.9  1e-05 
 3.13088  77.5  1e-05 
 3.175  78.1  1e-05 
 3.205  77.5  1e-05 

 3.19559  74.5  1e-05 
 3.175  73.7222  1e-05 
 3.15441  74.5  1e-05 
 3.175  74.9118  1e-05 
 3.19559  74.5  1e-05 

 3.22696  27.5  1e-05 
 3.225  27.4231  1e-05 
 3.22381  27.5  1e-05 
 3.225  27.5339  1e-05 
 3.22696  27.5  1e-05 

 3.24559  17.5  1e-05 
 3.225  17.0882  1e-05 
 3.175  17.0882  1e-05 
 3.15441  17.5  1e-05 
 3.175  18.2778  1e-05 
 3.225  17.9118  1e-05 
 3.24559  17.5  1e-05 

 3.31389  19.5  1e-05 
 3.275  18.7222  1e-05 
 3.23611  19.5  1e-05 
 3.275  19.9118  1e-05 
 3.31389  19.5  1e-05 

 3.29559  14.5  1e-05 
 3.275  13.7222  1e-05 
 3.25441  14.5  1e-05 
 3.275  15.2778  1e-05 
 3.29559  14.5  1e-05 

 3.32885  27.5  1e-05 
 3.325  27.2778  1e-05 
 3.32304  27.5  1e-05 
 3.325  27.5588  1e-05 
 3.32885  27.5  1e-05 

 3.355  23.5  1e-05 
 3.325  22.9  1e-05 
 3.29559  22.5  1e-05 
 3.275  22.0882  1e-05 
 3.24559  21.5  1e-05 
 3.255  20.5  1e-05 
 3.225  19.6176  1e-05 
 3.18088  20.5  1e-05 
 3.20441  21.5  1e-05 
 3.225  21.9118  1e-05 
 3.25441  22.5  1e-05 
 3.275  23.2778  1e-05 
 3.28088  23.5  1e-05 
 3.325  24.3824  1e-05 
 3.355  23.5  1e-05 

 3.43611  27.5  1e-05 
 3.425  27.2778  1e-05 
 3.42115  27.5  1e-05 
 3.425  27.7222  1e-05 
 3.43611  27.5  1e-05 

 3.51029  65.5  1e-05 
 3.475  64.5769  1e-05 
 3.43971  65.5  1e-05 
 3.475  66.2059  1e-05 
 3.51029  65.5  1e-05 

 3.48088  29.5  1e-05 
 3.475  29.4231  1e-05 
 3.47206  29.5  1e-05 
 3.475  29.5588  1e-05 
 3.48088  29.5  1e-05 

 3.49559  22.5  1e-05 
 3.475  22.0882  1e-05 
 3.45441  22.5  1e-05 
 3.475  22.9118  1e-05 
 3.49559  22.5  1e-05 

 3.54559  24.5  1e-05 
 3.525  24.0882  1e-05 
 3.50441  24.5  1e-05 
 3.525  24.9118  1e-05 
 3.54559  24.5  1e-05 

 3.78611  46.5  1e-05 
 3.775  46.3824  1e-05 
 3.77262  46.5  1e-05 
 3.775  46.5769  1e-05 
 3.78611  46.5  1e-05 

 3.79559  35.5  1e-05 
 3.775  34.7222  1e-05 
 3.73611  35.5  1e-05 
 3.775  36.2778  1e-05 
 3.79559  35.5  1e-05 

 3.79559  28.5  1e-05 
 3.775  28.0882  1e-05 
 3.75441  28.5  1e-05 
 3.775  28.9118  1e-05 
 3.79559  28.5  1e-05 

 3.725  51.5769  1e-05 
 3.72331  51.5  1e-05 
 3.725  51.2778  1e-05 
 3.73611  51.5  1e-05 
 3.775  51.9118  1e-05 
 3.79559  51.5  1e-05 
 3.775  50.7222  1e-05 
 3.76389  50.5  1e-05 
 3.76389  49.5  1e-05 
 3.77115  48.5  1e-05 
 3.775  48.4231  1e-05 
 3.78088  48.5  1e-05 
 3.825  49.1  1e-05 
 3.86912  48.5  1e-05 
 3.86389  47.5  1e-05 
 3.875  47.3824  1e-05 
 3.905  46.5  1e-05 

 2.875  91.9118  1e-05 
 2.91389  91.5  1e-05 
 2.875  91.0882  1e-05 
 2.86029  90.5  1e-05 
 2.825  89.7941  1e-05 
 2.805  89.5  1e-05 
 2.825  89.2059  1e-05 
 2.875  88.9118  1e-05 
 2.89559  88.5  1e-05 
 2.91912  87.5  1e-05 
 2.925  87.2778  1e-05 
 2.94559  86.5  1e-05 
 2.925  86.0882  1e-05 
 2.905  85.5  1e-05 
 2.92206  84.5  1e-05 
 2.92262  83.5  1e-05 
 2.925  83.4701  1e-05 
 2.975  83.1  1e-05 
 3.005  82.5  1e-05 
 3.0131  81.5  1e-05 
 3.005  80.5  1e-05 
 2.975  79.6176  1e-05 
 2.97351  79.5  1e-05 
 2.975  79.4412  1e-05 
 2.98611  79.5  1e-05 
 3.025  79.9118  1e-05 
 3.06389  79.5  1e-05 
 3.025  78.7222  1e-05 
 3.02206  78.5  1e-05 
 3.02206  77.5  1e-05 
 3.025  77.4231  1e-05 
 3.07115  76.5  1e-05 
 3.07206  75.5  1e-05 
 3.075  75.3824  1e-05 
 3.105  74.5  1e-05 
 3.12206  73.5  1e-05 
 3.12115  72.5  1e-05 
 3.125  72.4231  1e-05 
 3.175  72.2778  1e-05 
 3.19559  71.5  1e-05 
 3.175  70.7222  1e-05 
 3.16389  70.5  1e-05 
 3.175  70.3824  1e-05 
 3.18088  70.5  1e-05 
 3.225  71.1  1e-05 
 3.25441  71.5  1e-05 
 3.275  71.9118  1e-05 
 3.29559  71.5  1e-05 
 3.275  71.0882  1e-05 
 3.255  70.5  1e-05 
 3.275  69.9118  1e-05 
 3.31389  69.5  1e-05 
 3.325  69.3824  1e-05 
 3.355  68.5  1e-05 
 3.355  67.5  1e-05 
 3.355  66.5  1e-05 
 3.325  65.6176  1e-05 
 3.32331  65.5  1e-05 
 3.325  65.4231  1e-05 
 3.36029  64.5  1e-05 
 3.375  64.1  1e-05 
 3.41912  63.5  1e-05 
 3.425  63.2778  1e-05 
 3.46389  62.5  1e-05 
 3.46029  61.5  1e-05 
 3.475  60.9118  1e-05 
 3.50441  61.5  1e-05 
 3.48611  62.5  1e-05 
 3.525  63.2778  1e-05 
 3.54559  62.5  1e-05 
 3.54559  61.5  1e-05 
 3.525  61.0882  1e-05 
 3.49559  60.5  1e-05 
 3.525  60.1  1e-05 
 3.575  60.1  1e-05 
 3.605  59.5  1e-05 
 3.575  58.9  1e-05 
 3.56029  58.5  1e-05 
 3.575  58.2619  1e-05 
 3.6131  57.5  1e-05 
 3.625  56.9118  1e-05 
 3.65441  57.5  1e-05 
 3.675  57.9118  1e-05 
 3.71389  57.5  1e-05 
 3.675  56.7222  1e-05 
 3.66389  56.5  1e-05 
 3.67206  55.5  1e-05 
 3.655  54.5  1e-05 
 3.675  54.2619  1e-05 
 3.695  54.5  1e-05 
 3.68611  55.5  1e-05 
 3.725  55.9118  1e-05 
 3.74559  55.5  1e-05 
 3.755  54.5  1e-05 
 3.725  53.6176  1e-05 
 3.72206  53.5  1e-05 
 3.725  53.4231  1e-05 
 3.76029  52.5  1e-05 
 3.725  51.5769  1e-05 

 2.175  64.6176  1e-05 
 2.13088  65.5  1e-05 
 2.13088  66.5  1e-05 
 2.175  67.1  1e-05 
 2.18347  67.5  1e-05 
 2.175  67.9  1e-05 
 2.125  67.5769  1e-05 
 2.08971  68.5  1e-05 
 2.07794  69.5  1e-05 
 2.095  70.5  1e-05 
 2.125  71.3824  1e-05 
 2.12669  71.5  1e-05 
 2.145  72.5  1e-05 
 2.13167  73.5  1e-05 
 2.125  73.9  1e-05 
 2.08088  74.5  1e-05 
 2.125  75.3824  1e-05 
 2.12738  75.5  1e-05 
 2.13088  76.5  1e-05 
 2.125  76.7222  1e-05 
 2.10441  77.5  1e-05 
 2.10441  78.5  1e-05 
 2.08611  79.5  1e-05 
 2.07794  80.5  1e-05 
 2.08611  81.5  1e-05 
 2.08347  82.5  1e-05 
 2.075  83.0882  1e-05 
 2.03611  83.5  1e-05 
 2.075  84.2778  1e-05 
 2.07619  84.5  1e-05 
 2.075  84.7222  1e-05 
 2.05441  85.5  1e-05 
 2.075  85.9118  1e-05 
 2.08971  86.5  1e-05 
 2.075  86.9  1e-05 
 2.045  87.5  1e-05 
 2.075  88.1  1e-05 
 2.08347  88.5  1e-05 
 2.08611  89.5  1e-05 
 2.075  89.7222  1e-05 
 2.05441  90.5  1e-05 
 2.075  91.2778  1e-05 
 2.125  91.2059  1e-05 
 2.13347  91.5  1e-05 
 2.12669  92.5  1e-05 
 2.125  92.5769  1e-05 
 2.11389  92.5  1e-05 
 2.075  91.7222  1e-05 
 2.05441  92.5  1e-05 
 2.05441  93.5  1e-05 
 2.075  94.2778  1e-05 
 2.08088  94.5  1e-05 
 2.125  95.3824  1e-05 
 2.13088  95.5  1e-05 
 2.15441  96.5  1e-05 
 2.13971  97.5  1e-05 
 2.175  98.2059  1e-05 
 2.20441  98.5  1e-05 
 2.225  99.2778  1e-05 
 2.23088  99.5  1e-05 
 2.23611  100.5  1e-05 
 2.275  101.278  1e-05 
 2.325  101.423  1e-05 
 2.36029  100.5  1e-05 
 2.375  100.262  1e-05 
 2.3869  100.5  1e-05 
 2.38611  101.5  1e-05 
 2.425  102.278  1e-05 
 2.475  102.1  1e-05 
 2.51912  101.5  1e-05 
 2.52115  100.5  1e-05 
 2.51912  99.5  1e-05 
 2.525  99.3824  1e-05 
 2.575  99.3824  1e-05 
 2.625  99.2778  1e-05 
 2.66389  98.5  1e-05 
 2.66389  97.5  1e-05 
 2.675  97.2778  1e-05 
 2.71389  96.5  1e-05 
 2.675  95.7222  1e-05 
 2.67115  95.5  1e-05 
 2.675  95.4608  1e-05 
 2.71653  94.5  1e-05 
 2.725  94.1  1e-05 
 2.755  93.5  1e-05 
 2.725  92.6176  1e-05 
 2.72115  92.5  1e-05 
 2.725  92.4524  1e-05 
 2.73611  92.5  1e-05 
 2.775  92.9118  1e-05 
 2.81389  92.5  1e-05 
 2.775  91.7222  1e-05 
 2.77262  91.5  1e-05 
 2.77368  90.5  1e-05 
 2.775  90.3824  1e-05 
 2.77885  90.5  1e-05 
 2.78611  91.5  1e-05 
 2.825  92.2778  1e-05 
 2.875  91.9118  1e-05 

 2.5869  21.5  1e-05 
 2.625  22.2619  1e-05 
 2.675  22.2778  1e-05 
 2.68088  22.5  1e-05 
 2.675  22.6176  1e-05 
 2.625  23.0882  1e-05 
 2.59559  22.5  1e-05 
 2.575  22.0882  1e-05 
 2.525  21.7222  1e-05 
 2.51389  21.5  1e-05 
 2.475  20.7222  1e-05 
 2.43611  21.5  1e-05 
 2.475  21.9118  1e-05 
 2.50441  22.5  1e-05 
 2.47738  23.5  1e-05 
 2.475  23.6176  1e-05 
 2.46389  23.5  1e-05 
 2.425  23.0882  1e-05 
 2.38611  23.5  1e-05 
 2.425  24.2778  1e-05 
 2.43088  24.5  1e-05 
 2.475  25.1  1e-05 
 2.50441  25.5  1e-05 
 2.475  26.0882  1e-05 
 2.425  25.5769  1e-05 
 2.41389  25.5  1e-05 
 2.375  25.0882  1e-05 
 2.35441  25.5  1e-05 
 2.33088  26.5  1e-05 
 2.375  27.1  1e-05 
 2.40441  27.5  1e-05 
 2.375  27.9  1e-05 
 2.33088  28.5  1e-05 
 2.32794  29.5  1e-05 
 2.325  29.5769  1e-05 
 2.28971  30.5  1e-05 
 2.28088  31.5  1e-05 
 2.275  31.5769  1e-05 
 2.23971  32.5  1e-05 
 2.225  33.0882  1e-05 
 2.175  32.9  1e-05 
 2.145  33.5  1e-05 
 2.175  34.3824  1e-05 
 2.225  33.9118  1e-05 
 2.245  34.5  1e-05 
 2.235  35.5  1e-05 
 2.25441  36.5  1e-05 
 2.22794  37.5  1e-05 
 2.23971  38.5  1e-05 
 2.22696  39.5  1e-05 
 2.225  39.5588  1e-05 
 2.1869  40.5  1e-05 
 2.225  41.4412  1e-05 
 2.22738  41.5  1e-05 
 2.225  41.6176  1e-05 
 2.195  42.5  1e-05 
 2.1869  43.5  1e-05 
 2.175  44.0882  1e-05 
 2.15441  44.5  1e-05 
 2.175  45.2778  1e-05 
 2.18611  45.5  1e-05 
 2.225  46.2778  1e-05 
 2.22649  46.5  1e-05 
 2.225  46.7222  1e-05 
 2.18611  47.5  1e-05 
 2.18971  48.5  1e-05 
 2.20441  49.5  1e-05 
 2.1869  50.5  1e-05 
 2.18088  51.5  1e-05 
 2.175  51.7222  1e-05 
 2.15441  52.5  1e-05 
 2.175  52.9118  1e-05 
 2.20441  53.5  1e-05 
 2.175  54.0882  1e-05 
 2.15441  54.5  1e-05 
 2.175  54.9118  1e-05 
 2.1869  55.5  1e-05 
 2.225  56.2619  1e-05 
 2.235  56.5  1e-05 
 2.225  56.9  1e-05 
 2.19559  56.5  1e-05 
 2.175  56.0882  1e-05 
 2.15441  56.5  1e-05 
 2.175  56.9118  1e-05 
 2.195  57.5  1e-05 
 2.18088  58.5  1e-05 
 2.225  59.3824  1e-05 
 2.22619  59.5  1e-05 
 2.225  59.5588  1e-05 
 2.175  59.7222  1e-05 
 2.15441  60.5  1e-05 
 2.175  60.9118  1e-05 
 2.185  61.5  1e-05 
 2.17669  62.5  1e-05 
 2.175  62.7222  1e-05 
 2.13611  63.5  1e-05 
 2.175  64.2778  1e-05 
 2.17649  64.5  1e-05 
 2.175  64.6176  1e-05 

 3.905  46.5  1e-05 
 3.875  45.9  1e-05 
 3.825  45.7222  1e-05 
 3.81912  45.5  1e-05 
 3.775  44.6176  1e-05 
 3.77206  44.5  1e-05 
 3.775  44.2778  1e-05 
 3.79559  43.5  1e-05 
 3.775  43.0882  1e-05 
 3.755  42.5  1e-05 
 3.725  41.6176  1e-05 
 3.695  42.5  1e-05 
 3.68611  43.5  1e-05 
 3.675  43.5588  1e-05 
 3.66912  43.5  1e-05 
 3.625  42.6176  1e-05 
 3.62206  42.5  1e-05 
 3.61389  41.5  1e-05 
 3.625  41.2778  1e-05 
 3.66389  40.5  1e-05 
 3.64559  39.5  1e-05 
 3.625  39.0882  1e-05 
 3.60441  39.5  1e-05 
 3.575  39.7381  1e-05 
 3.56653  39.5  1e-05 
 3.56912  38.5  1e-05 
 3.575  38.3824  1e-05 
 3.625  38.2059  1e-05 
 3.675  38.2778  1e-05 
 3.71389  37.5  1e-05 
 3.675  37.0882  1e-05 
 3.625  36.5769  1e-05 
 3.575  36.9  1e-05 
 3.5631  36.5  1e-05 
 3.575  36.1  1e-05 
 3.625  36.3824  1e-05 
 3.655  35.5  1e-05 
 3.675  34.9118  1e-05 
 3.71389  34.5  1e-05 
 3.675  34.0882  1e-05 
 3.66029  33.5  1e-05 
 3.625  32.5769  1e-05 
 3.61389  32.5  1e-05 
 3.61389  31.5  1e-05 
 3.625  31.3824  1e-05 
 3.63611  31.5  1e-05 
 3.63611  32.5  1e-05 
 3.675  32.9118  1e-05 
 3.71389  32.5  1e-05 
 3.69559  31.5  1e-05 
 3.71389  30.5  1e-05 
 3.675  29.7222  1e-05 
 3.625  29.9  1e-05 
 3.575  29.7222  1e-05 
 3.56912  29.5  1e-05 
 3.525  28.6176  1e-05 
 3.52115  28.5  1e-05 
 3.525  28.2778  1e-05 
 3.575  28.2778  1e-05 
 3.58611  28.5  1e-05 
 3.625  28.9118  1e-05 
 3.675  29.2778  1e-05 
 3.69559  28.5  1e-05 
 3.675  28.0882  1e-05 
 3.625  27.7222  1e-05 
 3.61389  27.5  1e-05 
 3.575  26.7222  1e-05 
 3.525  26.7222  1e-05 
 3.52115  26.5  1e-05 
 3.475  25.7941  1e-05 
 3.44559  25.5  1e-05 
 3.425  24.7222  1e-05 
 3.375  24.6176  1e-05 
 3.325  24.6176  1e-05 
 3.275  25.0882  1e-05 
 3.225  24.7222  1e-05 
 3.21389  24.5  1e-05 
 3.205  23.5  1e-05 
 3.19559  22.5  1e-05 
 3.175  22.0882  1e-05 
 3.13611  22.5  1e-05 
 3.13088  23.5  1e-05 
 3.125  23.7222  1e-05 
 3.075  23.6176  1e-05 
 3.025  23.5769  1e-05 
 2.975  23.5769  1e-05 
 2.925  23.7222  1e-05 
 2.92115  23.5  1e-05 
 2.875  22.7941  1e-05 
 2.86029  22.5  1e-05 
 2.825  21.5769  1e-05 
 2.81912  21.5  1e-05 
 2.775  20.6176  1e-05 
 2.745  21.5  1e-05 
 2.725  21.9  1e-05 
 2.69559  21.5  1e-05 
 2.675  20.7222  1e-05 
 2.625  20.5588  1e-05 
 2.5869  21.5  1e-05 


# Contour 6, label:    5e-06
 1.99375  88.5  5e-06 
 1.975  88.125  5e-06 
 1.95625  88.5  5e-06 
 1.975  88.875  5e-06 
 1.99375  88.5  5e-06 

 2.04375  63.5  5e-06 
 2.025  63.125  5e-06 
 2.00625  63.5  5e-06 
 2.025  63.875  5e-06 
 2.04375  63.5  5e-06 

 2.09375  96.5  5e-06 
 2.075  96.125  5e-06 
 2.05625  96.5  5e-06 
 2.075  96.875  5e-06 
 2.09375  96.5  5e-06 

 2.09375  58.5  5e-06 
 2.075  58.125  5e-06 
 2.05625  58.5  5e-06 
 2.075  58.875  5e-06 
 2.09375  58.5  5e-06 

 2.09375  54.5  5e-06 
 2.075  54.125  5e-06 
 2.05625  54.5  5e-06 
 2.075  54.875  5e-06 
 2.09375  54.5  5e-06 

 2.12924  91.5  5e-06 
 2.125  91.3529  5e-06 
 2.09375  91.5  5e-06 
 2.125  92.125  5e-06 
 2.12924  91.5  5e-06 

 2.14375  49.5  5e-06 
 2.125  49.125  5e-06 
 2.10625  49.5  5e-06 
 2.125  49.875  5e-06 
 2.14375  49.5  5e-06 

 2.14375  40.5  5e-06 
 2.125  40.125  5e-06 
 2.10625  40.5  5e-06 
 2.125  40.875  5e-06 
 2.14375  40.5  5e-06 

 2.19375  106.5  5e-06 
 2.175  106.125  5e-06 
 2.15625  106.5  5e-06 
 2.175  106.875  5e-06 
 2.19375  106.5  5e-06 

 2.17924  67.5  5e-06 
 2.175  67.3  5e-06 
 2.14375  67.5  5e-06 
 2.175  67.7  5e-06 
 2.17924  67.5  5e-06 

 2.19375  31.5  5e-06 
 2.175  31.125  5e-06 
 2.15625  31.5  5e-06 
 2.175  31.875  5e-06 
 2.19375  31.5  5e-06 

 2.38095  100.5  5e-06 
 2.375  100.381  5e-06 
 2.36765  100.5  5e-06 
 2.375  101.125  5e-06 
 2.38095  100.5  5e-06 

 2.38971  27.5  5e-06 
 2.375  27.3  5e-06 
 2.34375  27.5  5e-06 
 2.375  27.7  5e-06 
 2.38971  27.5  5e-06 

 2.41029  17.5  5e-06 
 2.375  16.7941  5e-06 
 2.33971  17.5  5e-06 
 2.375  18.2059  5e-06 
 2.41029  17.5  5e-06 

 2.39375  11.5  5e-06 
 2.375  11.125  5e-06 
 2.35625  11.5  5e-06 
 2.375  11.875  5e-06 
 2.39375  11.5  5e-06 

 2.44375  107.5  5e-06 
 2.425  107.125  5e-06 
 2.40625  107.5  5e-06 
 2.425  107.875  5e-06 
 2.44375  107.5  5e-06 

 2.435  98.5  5e-06 
 2.425  98.4  5e-06 
 2.42167  98.5  5e-06 
 2.425  98.6471  5e-06 
 2.435  98.5  5e-06 

 2.49375  104.5  5e-06 
 2.475  104.125  5e-06 
 2.45625  104.5  5e-06 
 2.45625  105.5  5e-06 
 2.45625  106.5  5e-06 
 2.475  106.875  5e-06 
 2.49375  106.5  5e-06 
 2.49375  105.5  5e-06 
 2.49375  104.5  5e-06 

 2.48971  25.5  5e-06 
 2.475  25.3  5e-06 
 2.44375  25.5  5e-06 
 2.475  25.7941  5e-06 
 2.48971  25.5  5e-06 

 2.49375  13.5  5e-06 
 2.475  13.125  5e-06 
 2.45625  13.5  5e-06 
 2.475  13.875  5e-06 
 2.49375  13.5  5e-06 

 2.54375  108.5  5e-06 
 2.525  108.125  5e-06 
 2.50625  108.5  5e-06 
 2.525  108.875  5e-06 
 2.54375  108.5  5e-06 

 2.54375  9.5  5e-06 
 2.525  9.125  5e-06 
 2.50625  9.5  5e-06 
 2.525  9.875  5e-06 
 2.54375  9.5  5e-06 

 2.66029  14.5  5e-06 
 2.625  13.7941  5e-06 
 2.59375  13.5  5e-06 
 2.575  13.125  5e-06 
 2.55625  13.5  5e-06 
 2.55625  14.5  5e-06 
 2.575  14.875  5e-06 
 2.625  15.2059  5e-06 
 2.66029  14.5  5e-06 

 2.69375  12.5  5e-06 
 2.675  12.125  5e-06 
 2.65625  12.5  5e-06 
 2.675  12.875  5e-06 
 2.69375  12.5  5e-06 

 2.69375  9.5  5e-06 
 2.675  9.125  5e-06 
 2.64375  8.5  5e-06 
 2.625  8.125  5e-06 
 2.60625  8.5  5e-06 
 2.625  8.875  5e-06 
 2.65625  9.5  5e-06 
 2.65625  10.5  5e-06 
 2.675  10.875  5e-06 
 2.69375  10.5  5e-06 
 2.69375  9.5  5e-06 

 2.735  21.5  5e-06 
 2.725  20.875  5e-06 
 2.71029  21.5  5e-06 
 2.725  21.7  5e-06 
 2.735  21.5  5e-06 

 2.835  87.5  5e-06 
 2.825  87.4153  5e-06 
 2.81905  87.5  5e-06 
 2.825  87.6471  5e-06 
 2.835  87.5  5e-06 

 2.885  22.5  5e-06 
 2.875  21.875  5e-06 
 2.86765  22.5  5e-06 
 2.875  22.6471  5e-06 
 2.885  22.5  5e-06 

 2.90625  20.5  5e-06 
 2.875  20.3  5e-06 
 2.86029  20.5  5e-06 
 2.875  21.125  5e-06 
 2.90625  20.5  5e-06 

 2.94375  8.5  5e-06 
 2.925  8.125  5e-06 
 2.90625  8.5  5e-06 
 2.925  8.875  5e-06 
 2.94375  8.5  5e-06 

 3.00625  22.5  5e-06 
 2.975  22.381  5e-06 
 2.965  22.5  5e-06 
 2.975  23.125  5e-06 
 3.00625  22.5  5e-06 

 2.99375  11.5  5e-06 
 2.975  11.125  5e-06 
 2.94375  10.5  5e-06 
 2.925  10.125  5e-06 
 2.90625  10.5  5e-06 
 2.925  10.875  5e-06 
 2.95625  11.5  5e-06 
 2.975  11.875  5e-06 
 2.99375  11.5  5e-06 

 3.06765  13.5  5e-06 
 3.025  12.6471  5e-06 
 2.975  12.7  5e-06 
 2.94375  12.5  5e-06 
 2.925  12.125  5e-06 
 2.90625  12.5  5e-06 
 2.925  12.875  5e-06 
 2.935  13.5  5e-06 
 2.975  14.3  5e-06 
 3.025  14.3529  5e-06 
 3.06765  13.5  5e-06 

 3.09375  85.5  5e-06 
 3.075  85.125  5e-06 
 3.05625  85.5  5e-06 
 3.075  85.875  5e-06 
 3.09375  85.5  5e-06 

 3.14375  83.5  5e-06 
 3.125  83.125  5e-06 
 3.075  83.125  5e-06 
 3.05625  83.5  5e-06 
 3.075  83.875  5e-06 
 3.125  83.875  5e-06 
 3.14375  83.5  5e-06 

 3.13235  25.5  5e-06 
 3.125  25.2059  5e-06 
 3.115  25.5  5e-06 
 3.125  25.6  5e-06 
 3.13235  25.5  5e-06 

 3.14375  12.5  5e-06 
 3.125  12.125  5e-06 
 3.10625  12.5  5e-06 
 3.125  12.875  5e-06 
 3.14375  12.5  5e-06 

 3.19375  87.5  5e-06 
 3.175  87.125  5e-06 
 3.15625  87.5  5e-06 
 3.175  87.875  5e-06 
 3.19375  87.5  5e-06 

 3.24375  82.5  5e-06 
 3.225  82.125  5e-06 
 3.20625  82.5  5e-06 
 3.225  82.875  5e-06 
 3.24375  82.5  5e-06 

 3.25625  18.5  5e-06 
 3.225  18.2059  5e-06 
 3.19375  18.5  5e-06 
 3.225  19.125  5e-06 
 3.25625  18.5  5e-06 

 3.34375  83.5  5e-06 
 3.325  83.125  5e-06 
 3.30625  83.5  5e-06 
 3.325  83.875  5e-06 
 3.34375  83.5  5e-06 

 3.34375  78.5  5e-06 
 3.325  78.125  5e-06 
 3.30625  78.5  5e-06 
 3.325  78.875  5e-06 
 3.34375  78.5  5e-06 

 3.39375  22.5  5e-06 
 3.375  22.125  5e-06 
 3.34375  21.5  5e-06 
 3.325  21.125  5e-06 
 3.30625  21.5  5e-06 
 3.325  21.875  5e-06 
 3.35625  22.5  5e-06 
 3.375  22.875  5e-06 
 3.39375  22.5  5e-06 

 3.48971  61.5  5e-06 
 3.475  61.2059  5e-06 
 3.46765  61.5  5e-06 
 3.475  62.125  5e-06 
 3.48971  61.5  5e-06 

 3.51029  22.5  5e-06 
 3.475  21.7941  5e-06 
 3.43971  22.5  5e-06 
 3.475  23.2059  5e-06 
 3.51029  22.5  5e-06 

 3.49375  20.5  5e-06 
 3.475  20.125  5e-06 
 3.425  20.125  5e-06 
 3.40625  20.5  5e-06 
 3.425  20.875  5e-06 
 3.475  20.875  5e-06 
 3.49375  20.5  5e-06 

 3.56029  24.5  5e-06 
 3.525  23.7941  5e-06 
 3.48971  24.5  5e-06 
 3.525  25.2059  5e-06 
 3.56029  24.5  5e-06 

 3.54375  18.5  5e-06 
 3.525  18.125  5e-06 
 3.50625  18.5  5e-06 
 3.50625  19.5  5e-06 
 3.525  19.875  5e-06 
 3.54375  19.5  5e-06 
 3.54375  18.5  5e-06 

 3.59375  70.5  5e-06 
 3.575  70.125  5e-06 
 3.55625  70.5  5e-06 
 3.575  70.875  5e-06 
 3.59375  70.5  5e-06 

 3.59375  65.5  5e-06 
 3.575  65.125  5e-06 
 3.55625  65.5  5e-06 
 3.575  65.875  5e-06 
 3.59375  65.5  5e-06 

 3.58971  39.5  5e-06 
 3.575  38.875  5e-06 
 3.57076  39.5  5e-06 
 3.575  39.619  5e-06 
 3.58971  39.5  5e-06 

 3.60625  36.5  5e-06 
 3.575  36.3  5e-06 
 3.56905  36.5  5e-06 
 3.575  36.7  5e-06 
 3.60625  36.5  5e-06 

 3.59375  22.5  5e-06 
 3.575  22.125  5e-06 
 3.55625  22.5  5e-06 
 3.575  22.875  5e-06 
 3.59375  22.5  5e-06 

 3.59375  16.5  5e-06 
 3.575  16.125  5e-06 
 3.54375  15.5  5e-06 
 3.525  15.125  5e-06 
 3.475  15.125  5e-06 
 3.425  15.125  5e-06 
 3.39375  14.5  5e-06 
 3.375  14.125  5e-06 
 3.35625  14.5  5e-06 
 3.325  15.125  5e-06 
 3.31029  14.5  5e-06 
 3.29375  13.5  5e-06 
 3.29375  12.5  5e-06 
 3.275  12.125  5e-06 
 3.25625  12.5  5e-06 
 3.225  13.125  5e-06 
 3.20625  13.5  5e-06 
 3.225  13.875  5e-06 
 3.23971  14.5  5e-06 
 3.225  15.125  5e-06 
 3.19375  14.5  5e-06 
 3.175  14.125  5e-06 
 3.15625  14.5  5e-06 
 3.15625  15.5  5e-06 
 3.175  15.875  5e-06 
 3.225  15.875  5e-06 
 3.25625  16.5  5e-06 
 3.275  16.875  5e-06 
 3.29375  16.5  5e-06 
 3.325  15.875  5e-06 
 3.35625  16.5  5e-06 
 3.375  16.875  5e-06 
 3.39375  16.5  5e-06 
 3.425  15.875  5e-06 
 3.475  15.875  5e-06 
 3.525  15.875  5e-06 
 3.55625  16.5  5e-06 
 3.575  16.875  5e-06 
 3.59375  16.5  5e-06 

 3.65625  29.5  5e-06 
 3.625  29.2059  5e-06 
 3.59375  29.5  5e-06 
 3.625  29.7  5e-06 
 3.65625  29.5  5e-06 

 3.64375  19.5  5e-06 
 3.625  19.125  5e-06 
 3.60625  19.5  5e-06 
 3.625  19.875  5e-06 
 3.64375  19.5  5e-06 

 3.685  54.5  5e-06 
 3.675  54.381  5e-06 
 3.665  54.5  5e-06 
 3.675  55.125  5e-06 
 3.685  54.5  5e-06 

 3.70625  41.5  5e-06 
 3.675  40.875  5e-06 
 3.64375  41.5  5e-06 
 3.64375  42.5  5e-06 
 3.675  43.125  5e-06 
 3.685  42.5  5e-06 
 3.70625  41.5  5e-06 

 3.69375  22.5  5e-06 
 3.675  22.125  5e-06 
 3.65625  22.5  5e-06 
 3.675  22.875  5e-06 
 3.69375  22.5  5e-06 

 3.75625  33.5  5e-06 
 3.725  32.875  5e-06 
 3.675  33.2059  5e-06 
 3.66765  33.5  5e-06 
 3.675  33.7941  5e-06 
 3.725  34.125  5e-06 
 3.75625  33.5  5e-06 

 3.81029  28.5  5e-06 
 3.775  27.7941  5e-06 
 3.73971  28.5  5e-06 
 3.775  29.2059  5e-06 
 3.81029  28.5  5e-06 

 3.79375  20.5  5e-06 
 3.775  20.125  5e-06 
 3.75625  20.5  5e-06 
 3.775  20.875  5e-06 
 3.79375  20.5  5e-06 

 3.84375  27.5  5e-06 
 3.825  27.125  5e-06 
 3.80625  27.5  5e-06 
 3.825  27.875  5e-06 
 3.84375  27.5  5e-06 

 3.89375  52.5  5e-06 
 3.875  52.125  5e-06 
 3.85625  52.5  5e-06 
 3.875  52.875  5e-06 
 3.89375  52.5  5e-06 

 3.625  57.2059  5e-06 
 3.63971  57.5  5e-06 
 3.675  58.2059  5e-06 
 3.725  57.875  5e-06 
 3.74375  57.5  5e-06 
 3.725  57.125  5e-06 
 3.69375  56.5  5e-06 
 3.725  56.2059  5e-06 
 3.75625  56.5  5e-06 
 3.775  56.875  5e-06 
 3.79375  56.5  5e-06 
 3.775  56.125  5e-06 
 3.76029  55.5  5e-06 
 3.765  54.5  5e-06 
 3.74375  53.5  5e-06 
 3.76765  52.5  5e-06 
 3.775  52.2059  5e-06 
 3.81029  51.5  5e-06 
 3.825  50.875  5e-06 
 3.84375  50.5  5e-06 
 3.825  50.125  5e-06 
 3.79375  49.5  5e-06 
 3.825  49.3  5e-06 
 3.875  48.875  5e-06 
 3.89375  48.5  5e-06 
 3.89375  47.5  5e-06 
 3.915  46.5  5e-06 

 3.05625  80.5  5e-06 
 3.075  80.875  5e-06 
 3.09375  80.5  5e-06 
 3.09375  79.5  5e-06 
 3.09375  78.5  5e-06 
 3.125  77.875  5e-06 
 3.175  78.3  5e-06 
 3.215  77.5  5e-06 
 3.175  76.7  5e-06 
 3.14375  76.5  5e-06 
 3.125  76.125  5e-06 
 3.09375  75.5  5e-06 
 3.115  74.5  5e-06 
 3.125  73.875  5e-06 
 3.13971  74.5  5e-06 
 3.175  75.2059  5e-06 
 3.20625  75.5  5e-06 
 3.225  75.875  5e-06 
 3.25625  76.5  5e-06 
 3.275  76.875  5e-06 
 3.29375  76.5  5e-06 
 3.275  76.125  5e-06 
 3.24375  75.5  5e-06 
 3.225  75.125  5e-06 
 3.21029  74.5  5e-06 
 3.225  73.875  5e-06 
 3.24375  73.5  5e-06 
 3.24375  72.5  5e-06 
 3.225  72.125  5e-06 
 3.21029  71.5  5e-06 
 3.225  71.3  5e-06 
 3.23971  71.5  5e-06 
 3.275  72.2059  5e-06 
 3.30625  72.5  5e-06 
 3.30625  73.5  5e-06 
 3.325  73.875  5e-06 
 3.34375  73.5  5e-06 
 3.375  72.875  5e-06 
 3.40625  73.5  5e-06 
 3.425  73.875  5e-06 
 3.44375  73.5  5e-06 
 3.425  73.125  5e-06 
 3.39375  72.5  5e-06 
 3.375  72.125  5e-06 
 3.325  72.125  5e-06 
 3.31029  71.5  5e-06 
 3.275  70.7941  5e-06 
 3.265  70.5  5e-06 
 3.275  70.2059  5e-06 
 3.325  69.875  5e-06 
 3.35625  70.5  5e-06 
 3.375  70.875  5e-06 
 3.39375  70.5  5e-06 
 3.375  70.125  5e-06 
 3.34375  69.5  5e-06 
 3.365  68.5  5e-06 
 3.365  67.5  5e-06 
 3.365  66.5  5e-06 
 3.375  65.875  5e-06 
 3.40625  66.5  5e-06 
 3.425  66.875  5e-06 
 3.44375  66.5  5e-06 
 3.425  66.125  5e-06 
 3.39375  65.5  5e-06 
 3.375  65.125  5e-06 
 3.36765  64.5  5e-06 
 3.375  64.3  5e-06 
 3.40625  64.5  5e-06 
 3.425  64.875  5e-06 
 3.43235  65.5  5e-06 
 3.475  66.3529  5e-06 
 3.50625  66.5  5e-06 
 3.525  66.875  5e-06 
 3.54375  66.5  5e-06 
 3.525  66.125  5e-06 
 3.51765  65.5  5e-06 
 3.49375  64.5  5e-06 
 3.525  63.875  5e-06 
 3.54375  63.5  5e-06 
 3.56029  62.5  5e-06 
 3.56029  61.5  5e-06 
 3.525  60.7941  5e-06 
 3.51029  60.5  5e-06 
 3.525  60.3  5e-06 
 3.575  60.3  5e-06 
 3.60625  60.5  5e-06 
 3.625  60.875  5e-06 
 3.64375  60.5  5e-06 
 3.625  60.125  5e-06 
 3.615  59.5  5e-06 
 3.575  58.7  5e-06 
 3.56765  58.5  5e-06 
 3.575  58.381  5e-06 
 3.60625  58.5  5e-06 
 3.625  58.875  5e-06 
 3.64375  58.5  5e-06 
 3.625  58.125  5e-06 
 3.61905  57.5  5e-06 
 3.625  57.2059  5e-06 

 2.10625  101.5  5e-06 
 2.125  101.875  5e-06 
 2.14375  101.5  5e-06 
 2.175  100.875  5e-06 
 2.20625  101.5  5e-06 
 2.20625  102.5  5e-06 
 2.225  102.875  5e-06 
 2.25625  103.5  5e-06 
 2.225  104.125  5e-06 
 2.19375  103.5  5e-06 
 2.175  103.125  5e-06 
 2.15625  103.5  5e-06 
 2.175  103.875  5e-06 
 2.20625  104.5  5e-06 
 2.225  104.875  5e-06 
 2.275  104.875  5e-06 
 2.30625  105.5  5e-06 
 2.325  105.875  5e-06 
 2.34375  105.5  5e-06 
 2.34375  104.5  5e-06 
 2.325  104.125  5e-06 
 2.29375  103.5  5e-06 
 2.275  103.125  5e-06 
 2.24375  102.5  5e-06 
 2.275  101.875  5e-06 
 2.30625  102.5  5e-06 
 2.325  102.875  5e-06 
 2.34375  102.5  5e-06 
 2.375  101.875  5e-06 
 2.40625  102.5  5e-06 
 2.425  102.875  5e-06 
 2.44375  102.5  5e-06 
 2.475  102.3  5e-06 
 2.525  101.875  5e-06 
 2.575  102.206  5e-06 
 2.61029  101.5  5e-06 
 2.575  100.794  5e-06 
 2.54375  100.5  5e-06 
 2.575  99.875  5e-06 
 2.625  99.875  5e-06 
 2.65625  100.5  5e-06 
 2.675  100.875  5e-06 
 2.69375  100.5  5e-06 
 2.675  100.125  5e-06 
 2.64375  99.5  5e-06 
 2.675  98.875  5e-06 
 2.69375  98.5  5e-06 
 2.69375  97.5  5e-06 
 2.725  96.875  5e-06 
 2.74375  96.5  5e-06 
 2.74375  95.5  5e-06 
 2.725  95.125  5e-06 
 2.72076  94.5  5e-06 
 2.725  94.3  5e-06 
 2.765  93.5  5e-06 
 2.775  93.2059  5e-06 
 2.80625  93.5  5e-06 
 2.825  93.875  5e-06 
 2.84375  93.5  5e-06 
 2.84375  92.5  5e-06 
 2.875  92.2059  5e-06 
 2.925  91.875  5e-06 
 2.94375  91.5  5e-06 
 2.925  91.125  5e-06 
 2.875  90.7941  5e-06 
 2.86765  90.5  5e-06 
 2.825  89.6471  5e-06 
 2.815  89.5  5e-06 
 2.825  89.3529  5e-06 
 2.875  89.2059  5e-06 
 2.91029  88.5  5e-06 
 2.925  87.875  5e-06 
 2.975  87.875  5e-06 
 3.00625  88.5  5e-06 
 3.025  88.875  5e-06 
 3.04375  88.5  5e-06 
 3.025  88.125  5e-06 
 2.99375  87.5  5e-06 
 2.975  87.125  5e-06 
 2.96029  86.5  5e-06 
 2.925  85.7941  5e-06 
 2.915  85.5  5e-06 
 2.925  84.875  5e-06 
 2.935  85.5  5e-06 
 2.975  86.3  5e-06 
 3.00625  86.5  5e-06 
 3.025  86.875  5e-06 
 3.04375  86.5  5e-06 
 3.025  86.125  5e-06 
 3.015  85.5  5e-06 
 2.99375  84.5  5e-06 
 2.975  84.125  5e-06 
 2.94375  83.5  5e-06 
 2.975  83.3  5e-06 
 3.015  82.5  5e-06 
 3.01905  81.5  5e-06 
 3.015  80.5  5e-06 
 3.025  80.2059  5e-06 
 3.05625  80.5  5e-06 

 2.13971  56.5  5e-06 
 2.175  57.2059  5e-06 
 2.185  57.5  5e-06 
 2.175  58.125  5e-06 
 2.14375  57.5  5e-06 
 2.125  57.125  5e-06 
 2.10625  57.5  5e-06 
 2.125  57.875  5e-06 
 2.15625  58.5  5e-06 
 2.15625  59.5  5e-06 
 2.13971  60.5  5e-06 
 2.175  61.2059  5e-06 
 2.18  61.5  5e-06 
 2.175  62.125  5e-06 
 2.14375  61.5  5e-06 
 2.125  61.125  5e-06 
 2.10625  61.5  5e-06 
 2.10625  62.5  5e-06 
 2.10625  63.5  5e-06 
 2.10625  64.5  5e-06 
 2.075  65.125  5e-06 
 2.05625  65.5  5e-06 
 2.05625  66.5  5e-06 
 2.05625  67.5  5e-06 
 2.075  67.875  5e-06 
 2.08235  68.5  5e-06 
 2.075  69.125  5e-06 
 2.05625  69.5  5e-06 
 2.075  69.875  5e-06 
 2.085  70.5  5e-06 
 2.10625  71.5  5e-06 
 2.125  71.875  5e-06 
 2.135  72.5  5e-06 
 2.12833  73.5  5e-06 
 2.125  73.7  5e-06 
 2.09375  73.5  5e-06 
 2.075  73.125  5e-06 
 2.05625  73.5  5e-06 
 2.025  74.125  5e-06 
 2.00625  74.5  5e-06 
 2.025  74.875  5e-06 
 2.075  74.875  5e-06 
 2.10625  75.5  5e-06 
 2.10625  76.5  5e-06 
 2.08971  77.5  5e-06 
 2.08971  78.5  5e-06 
 2.075  79.125  5e-06 
 2.04375  78.5  5e-06 
 2.025  78.125  5e-06 
 2.00625  78.5  5e-06 
 2.025  78.875  5e-06 
 2.05625  79.5  5e-06 
 2.05625  80.5  5e-06 
 2.05625  81.5  5e-06 
 2.075  81.875  5e-06 
 2.07924  82.5  5e-06 
 2.075  82.7941  5e-06 
 2.025  83.125  5e-06 
 1.975  83.125  5e-06 
 1.95625  83.5  5e-06 
 1.975  83.875  5e-06 
 2.025  83.875  5e-06 
 2.05625  84.5  5e-06 
 2.03971  85.5  5e-06 
 2.075  86.2059  5e-06 
 2.08235  86.5  5e-06 
 2.075  86.7  5e-06 
 2.04375  86.5  5e-06 
 2.025  86.125  5e-06 
 2.00625  86.5  5e-06 
 2.025  86.875  5e-06 
 2.035  87.5  5e-06 
 2.075  88.3  5e-06 
 2.07924  88.5  5e-06 
 2.075  89.125  5e-06 
 2.05625  89.5  5e-06 
 2.03971  90.5  5e-06 
 2.05625  91.5  5e-06 
 2.03971  92.5  5e-06 
 2.03971  93.5  5e-06 
 2.025  94.125  5e-06 
 2.00625  94.5  5e-06 
 2.025  94.875  5e-06 
 2.075  94.875  5e-06 
 2.10625  95.5  5e-06 
 2.125  95.875  5e-06 
 2.13971  96.5  5e-06 
 2.13235  97.5  5e-06 
 2.175  98.3529  5e-06 
 2.18971  98.5  5e-06 
 2.175  99.125  5e-06 
 2.14375  98.5  5e-06 
 2.125  98.125  5e-06 
 2.10625  98.5  5e-06 
 2.075  99.125  5e-06 
 2.05625  99.5  5e-06 
 2.075  99.875  5e-06 
 2.10625  100.5  5e-06 
 2.10625  101.5  5e-06 

 2.45625  18.5  5e-06 
 2.425  19.125  5e-06 
 2.40625  19.5  5e-06 
 2.425  19.875  5e-06 
 2.45625  20.5  5e-06 
 2.425  21.125  5e-06 
 2.375  21.125  5e-06 
 2.35625  21.5  5e-06 
 2.375  21.875  5e-06 
 2.425  21.875  5e-06 
 2.475  22.2059  5e-06 
 2.48971  22.5  5e-06 
 2.475  23.125  5e-06 
 2.425  22.7941  5e-06 
 2.375  23.125  5e-06 
 2.34375  22.5  5e-06 
 2.325  22.125  5e-06 
 2.275  22.125  5e-06 
 2.25625  22.5  5e-06 
 2.275  22.875  5e-06 
 2.325  22.875  5e-06 
 2.35625  23.5  5e-06 
 2.375  23.875  5e-06 
 2.40625  24.5  5e-06 
 2.375  24.7941  5e-06 
 2.34375  24.5  5e-06 
 2.325  24.125  5e-06 
 2.30625  24.5  5e-06 
 2.325  24.875  5e-06 
 2.33971  25.5  5e-06 
 2.325  26.125  5e-06 
 2.30625  26.5  5e-06 
 2.30625  27.5  5e-06 
 2.30625  28.5  5e-06 
 2.275  29.125  5e-06 
 2.24375  28.5  5e-06 
 2.225  28.125  5e-06 
 2.20625  28.5  5e-06 
 2.225  28.875  5e-06 
 2.25625  29.5  5e-06 
 2.275  29.875  5e-06 
 2.28235  30.5  5e-06 
 2.275  31.125  5e-06 
 2.25625  31.5  5e-06 
 2.23235  32.5  5e-06 
 2.225  32.7941  5e-06 
 2.175  32.7  5e-06 
 2.135  33.5  5e-06 
 2.15625  34.5  5e-06 
 2.175  34.875  5e-06 
 2.19375  34.5  5e-06 
 2.225  34.2059  5e-06 
 2.235  34.5  5e-06 
 2.23  35.5  5e-06 
 2.23971  36.5  5e-06 
 2.225  37.125  5e-06 
 2.20625  37.5  5e-06 
 2.225  37.875  5e-06 
 2.23235  38.5  5e-06 
 2.225  39.125  5e-06 
 2.19375  38.5  5e-06 
 2.175  38.125  5e-06 
 2.15625  38.5  5e-06 
 2.175  38.875  5e-06 
 2.20625  39.5  5e-06 
 2.18095  40.5  5e-06 
 2.20625  41.5  5e-06 
 2.185  42.5  5e-06 
 2.18095  43.5  5e-06 
 2.175  43.7941  5e-06 
 2.14375  43.5  5e-06 
 2.125  43.125  5e-06 
 2.10625  43.5  5e-06 
 2.125  43.875  5e-06 
 2.13971  44.5  5e-06 
 2.125  45.125  5e-06 
 2.10625  45.5  5e-06 
 2.125  45.875  5e-06 
 2.15625  46.5  5e-06 
 2.15625  47.5  5e-06 
 2.175  47.875  5e-06 
 2.18235  48.5  5e-06 
 2.18971  49.5  5e-06 
 2.18095  50.5  5e-06 
 2.175  51.125  5e-06 
 2.15625  51.5  5e-06 
 2.13971  52.5  5e-06 
 2.175  53.2059  5e-06 
 2.18971  53.5  5e-06 
 2.175  53.7941  5e-06 
 2.13971  54.5  5e-06 
 2.175  55.2059  5e-06 
 2.18095  55.5  5e-06 
 2.225  56.381  5e-06 
 2.23  56.5  5e-06 
 2.225  56.7  5e-06 
 2.21029  56.5  5e-06 
 2.175  55.7941  5e-06 
 2.13971  56.5  5e-06 

 3.125  22.125  5e-06 
 3.10625  22.5  5e-06 
 3.075  23.125  5e-06 
 3.04375  22.5  5e-06 
 3.04375  21.5  5e-06 
 3.025  21.125  5e-06 
 2.975  20.619  5e-06 
 2.94375  20.5  5e-06 
 2.975  19.875  5e-06 
 2.99375  19.5  5e-06 
 2.99375  18.5  5e-06 
 3.025  17.875  5e-06 
 3.075  17.875  5e-06 
 3.09375  17.5  5e-06 
 3.075  17.125  5e-06 
 3.04375  16.5  5e-06 
 3.065  15.5  5e-06 
 3.025  14.7  5e-06 
 2.975  15.125  5e-06 
 2.94375  14.5  5e-06 
 2.925  14.125  5e-06 
 2.90625  14.5  5e-06 
 2.875  14.7941  5e-06 
 2.84375  14.5  5e-06 
 2.84375  13.5  5e-06 
 2.86029  12.5  5e-06 
 2.825  11.7941  5e-06 
 2.79375  11.5  5e-06 
 2.775  11.125  5e-06 
 2.75625  11.5  5e-06 
 2.75625  12.5  5e-06 
 2.775  12.875  5e-06 
 2.80625  13.5  5e-06 
 2.80625  14.5  5e-06 
 2.825  14.875  5e-06 
 2.83971  15.5  5e-06 
 2.825  16.125  5e-06 
 2.79375  15.5  5e-06 
 2.775  15.125  5e-06 
 2.725  14.7941  5e-06 
 2.68971  15.5  5e-06 
 2.725  16.2059  5e-06 
 2.775  15.875  5e-06 
 2.80625  16.5  5e-06 
 2.825  16.875  5e-06 
 2.875  16.875  5e-06 
 2.90625  17.5  5e-06 
 2.875  18.125  5e-06 
 2.825  17.6471  5e-06 
 2.815  17.5  5e-06 
 2.775  16.7  5e-06 
 2.725  17.125  5e-06 
 2.69375  16.5  5e-06 
 2.675  16.125  5e-06 
 2.65625  16.5  5e-06 
 2.675  16.875  5e-06 
 2.70625  17.5  5e-06 
 2.70625  18.5  5e-06 
 2.725  18.875  5e-06 
 2.74375  18.5  5e-06 
 2.775  18.3  5e-06 
 2.78235  18.5  5e-06 
 2.80625  19.5  5e-06 
 2.775  20.125  5e-06 
 2.725  20.125  5e-06 
 2.675  20.125  5e-06 
 2.66029  19.5  5e-06 
 2.625  18.7941  5e-06 
 2.58971  19.5  5e-06 
 2.60625  20.5  5e-06 
 2.58095  21.5  5e-06 
 2.625  22.381  5e-06 
 2.65625  22.5  5e-06 
 2.625  22.7941  5e-06 
 2.61029  22.5  5e-06 
 2.575  21.7941  5e-06 
 2.54375  21.5  5e-06 
 2.525  21.125  5e-06 
 2.49375  20.5  5e-06 
 2.525  20.2059  5e-06 
 2.56029  19.5  5e-06 
 2.54375  18.5  5e-06 
 2.575  17.875  5e-06 
 2.625  17.875  5e-06 
 2.64375  17.5  5e-06 
 2.625  17.125  5e-06 
 2.59375  16.5  5e-06 
 2.575  16.125  5e-06 
 2.55625  16.5  5e-06 
 2.525  17.125  5e-06 
 2.475  17.125  5e-06 
 2.44375  16.5  5e-06 
 2.46029  15.5  5e-06 
 2.425  14.7941  5e-06 
 2.38971  15.5  5e-06 
 2.40625  16.5  5e-06 
 2.425  16.875  5e-06 
 2.45625  17.5  5e-06 
 2.45625  18.5  5e-06 

 3.915  46.5  5e-06 
 3.875  45.7  5e-06 
 3.84375  45.5  5e-06 
 3.825  45.125  5e-06 
 3.79375  44.5  5e-06 
 3.81029  43.5  5e-06 
 3.775  42.7941  5e-06 
 3.765  42.5  5e-06 
 3.74375  41.5  5e-06 
 3.74375  40.5  5e-06 
 3.725  40.125  5e-06 
 3.675  40.125  5e-06 
 3.66029  39.5  5e-06 
 3.625  38.7941  5e-06 
 3.59375  38.5  5e-06 
 3.625  38.3529  5e-06 
 3.65625  38.5  5e-06 
 3.675  38.875  5e-06 
 3.725  38.875  5e-06 
 3.74375  38.5  5e-06 
 3.74375  37.5  5e-06 
 3.725  37.125  5e-06 
 3.675  36.7941  5e-06 
 3.64375  36.5  5e-06 
 3.665  35.5  5e-06 
 3.675  35.2059  5e-06 
 3.70625  35.5  5e-06 
 3.725  35.875  5e-06 
 3.75625  36.5  5e-06 
 3.775  36.875  5e-06 
 3.79375  36.5  5e-06 
 3.81029  35.5  5e-06 
 3.825  34.875  5e-06 
 3.84375  34.5  5e-06 
 3.825  34.125  5e-06 
 3.79375  33.5  5e-06 
 3.775  33.125  5e-06 
 3.74375  32.5  5e-06 
 3.725  32.125  5e-06 
 3.71029  31.5  5e-06 
 3.725  30.875  5e-06 
 3.74375  30.5  5e-06 
 3.74375  29.5  5e-06 
 3.725  29.125  5e-06 
 3.71029  28.5  5e-06 
 3.675  27.7941  5e-06 
 3.64375  27.5  5e-06 
 3.625  27.125  5e-06 
 3.59375  26.5  5e-06 
 3.575  26.125  5e-06 
 3.525  26.125  5e-06 
 3.475  25.6471  5e-06 
 3.46029  25.5  5e-06 
 3.44375  24.5  5e-06 
 3.425  24.125  5e-06 
 3.375  24.125  5e-06 
 3.365  23.5  5e-06 
 3.325  22.7  5e-06 
 3.31029  22.5  5e-06 
 3.275  21.7941  5e-06 
 3.26029  21.5  5e-06 
 3.265  20.5  5e-06 
 3.275  20.2059  5e-06 
 3.325  19.875  5e-06 
 3.34375  19.5  5e-06 
 3.375  18.875  5e-06 
 3.39375  18.5  5e-06 
 3.375  18.125  5e-06 
 3.325  18.125  5e-06 
 3.275  18.125  5e-06 
 3.26029  17.5  5e-06 
 3.225  16.7941  5e-06 
 3.175  16.7941  5e-06 
 3.13971  17.5  5e-06 
 3.15625  18.5  5e-06 
 3.175  18.875  5e-06 
 3.20625  19.5  5e-06 
 3.175  20.125  5e-06 
 3.16029  19.5  5e-06 
 3.125  18.7941  5e-06 
 3.08971  19.5  5e-06 
 3.075  19.7  5e-06 
 3.035  20.5  5e-06 
 3.075  21.3  5e-06 
 3.125  21.3  5e-06 
 3.175  20.875  5e-06 
 3.18971  21.5  5e-06 
 3.225  22.2059  5e-06 
 3.23971  22.5  5e-06 
 3.25625  23.5  5e-06 
 3.275  23.875  5e-06 
 3.30625  24.5  5e-06 
 3.275  24.7941  5e-06 
 3.24375  24.5  5e-06 
 3.225  24.125  5e-06 
 3.215  23.5  5e-06 
 3.21029  22.5  5e-06 
 3.175  21.7941  5e-06 
 3.125  22.125  5e-06 

 3.89375  33.5  5e-06 
 3.875  33.125  5e-06 
 3.85625  33.5  5e-06 
 3.875  33.875  5e-06 
 3.89375  33.5  5e-06 

 3.94375  37.5  5e-06 
 3.925  37.125  5e-06 
 3.875  37.125  5e-06 
 3.85625  37.5  5e-06 
 3.875  37.875  5e-06 
 3.925  37.875  5e-06 
 3.94375  37.5  5e-06 

 3.99375  39.5  5e-06 
 3.975  39.125  5e-06 
 3.95625  39.5  5e-06 
 3.975  39.875  5e-06 
 3.99375  39.5  5e-06 


# Contour 7, label:    1e-06
 2.01875  88.5  1e-06 
 1.975  87.625  1e-06 
 1.93125  88.5  1e-06 
 1.975  89.375  1e-06 
 2.01875  88.5  1e-06 

 2.06875  63.5  1e-06 
 2.025  62.625  1e-06 
 1.98125  63.5  1e-06 
 2.025  64.375  1e-06 
 2.06875  63.5  1e-06 

 2.11875  96.5  1e-06 
 2.075  95.625  1e-06 
 2.03125  96.5  1e-06 
 2.075  97.375  1e-06 
 2.11875  96.5  1e-06 

 2.11875  58.5  1e-06 
 2.075  57.625  1e-06 
 2.03125  58.5  1e-06 
 2.075  59.375  1e-06 
 2.11875  58.5  1e-06 

 2.11875  54.5  1e-06 
 2.075  53.625  1e-06 
 2.03125  54.5  1e-06 
 2.075  55.375  1e-06 
 2.11875  54.5  1e-06 

 2.12585  91.5  1e-06 
 2.125  91.4706  1e-06 
 2.11875  91.5  1e-06 
 2.125  91.625  1e-06 
 2.12585  91.5  1e-06 

 2.16875  49.5  1e-06 
 2.125  48.625  1e-06 
 2.08125  49.5  1e-06 
 2.125  50.375  1e-06 
 2.16875  49.5  1e-06 

 2.16875  40.5  1e-06 
 2.125  39.625  1e-06 
 2.08125  40.5  1e-06 
 2.125  41.375  1e-06 
 2.16875  40.5  1e-06 

 2.21875  106.5  1e-06 
 2.175  105.625  1e-06 
 2.13125  106.5  1e-06 
 2.175  107.375  1e-06 
 2.21875  106.5  1e-06 

 2.17585  67.5  1e-06 
 2.175  67.46  1e-06 
 2.16875  67.5  1e-06 
 2.175  67.54  1e-06 
 2.17585  67.5  1e-06 

 2.21875  31.5  1e-06 
 2.175  30.625  1e-06 
 2.13125  31.5  1e-06 
 2.175  32.375  1e-06 
 2.21875  31.5  1e-06 

 2.37619  100.5  1e-06 
 2.375  100.476  1e-06 
 2.37353  100.5  1e-06 
 2.375  100.625  1e-06 
 2.37619  100.5  1e-06 

 2.37794  27.5  1e-06 
 2.375  27.46  1e-06 
 2.36875  27.5  1e-06 
 2.375  27.54  1e-06 
 2.37794  27.5  1e-06 

 2.42206  17.5  1e-06 
 2.375  16.5588  1e-06 
 2.32794  17.5  1e-06 
 2.375  18.4412  1e-06 
 2.42206  17.5  1e-06 

 2.41875  11.5  1e-06 
 2.375  10.625  1e-06 
 2.33125  11.5  1e-06 
 2.375  12.375  1e-06 
 2.41875  11.5  1e-06 

 2.46875  107.5  1e-06 
 2.425  106.625  1e-06 
 2.38125  107.5  1e-06 
 2.425  108.375  1e-06 
 2.46875  107.5  1e-06 

 2.427  98.5  1e-06 
 2.425  98.48  1e-06 
 2.42433  98.5  1e-06 
 2.425  98.5294  1e-06 
 2.427  98.5  1e-06 

 2.51875  104.5  1e-06 
 2.475  103.625  1e-06 
 2.43125  104.5  1e-06 
 2.43125  105.5  1e-06 
 2.43125  106.5  1e-06 
 2.475  107.375  1e-06 
 2.51875  106.5  1e-06 
 2.51875  105.5  1e-06 
 2.51875  104.5  1e-06 

 2.47794  25.5  1e-06 
 2.475  25.46  1e-06 
 2.46875  25.5  1e-06 
 2.475  25.5588  1e-06 
 2.47794  25.5  1e-06 

 2.51875  13.5  1e-06 
 2.475  12.625  1e-06 
 2.43125  13.5  1e-06 
 2.475  14.375  1e-06 
 2.51875  13.5  1e-06 

 2.56875  108.5  1e-06 
 2.525  107.625  1e-06 
 2.48125  108.5  1e-06 
 2.525  109.375  1e-06 
 2.56875  108.5  1e-06 

 2.56875  9.5  1e-06 
 2.525  8.625  1e-06 
 2.48125  9.5  1e-06 
 2.525  10.375  1e-06 
 2.56875  9.5  1e-06 

 2.67206  14.5  1e-06 
 2.625  13.5588  1e-06 
 2.61875  13.5  1e-06 
 2.575  12.625  1e-06 
 2.53125  13.5  1e-06 
 2.53125  14.5  1e-06 
 2.575  15.375  1e-06 
 2.625  15.4412  1e-06 
 2.67206  14.5  1e-06 

 2.71875  12.5  1e-06 
 2.675  11.625  1e-06 
 2.63125  12.5  1e-06 
 2.675  13.375  1e-06 
 2.71875  12.5  1e-06 

 2.71875  9.5  1e-06 
 2.675  8.625  1e-06 
 2.66875  8.5  1e-06 
 2.625  7.625  1e-06 
 2.58125  8.5  1e-06 
 2.625  9.375  1e-06 
 2.63125  9.5  1e-06 
 2.63125  10.5  1e-06 
 2.675  11.375  1e-06 
 2.71875  10.5  1e-06 
 2.71875  9.5  1e-06 

 2.727  21.5  1e-06 
 2.725  21.375  1e-06 
 2.72206  21.5  1e-06 
 2.725  21.54  1e-06 
 2.727  21.5  1e-06 

 2.827  87.5  1e-06 
 2.825  87.4831  1e-06 
 2.82381  87.5  1e-06 
 2.825  87.5294  1e-06 
 2.827  87.5  1e-06 

 2.877  22.5  1e-06 
 2.875  22.375  1e-06 
 2.87353  22.5  1e-06 
 2.875  22.5294  1e-06 
 2.877  22.5  1e-06 

 2.88125  20.5  1e-06 
 2.875  20.46  1e-06 
 2.87206  20.5  1e-06 
 2.875  20.625  1e-06 
 2.88125  20.5  1e-06 

 2.96875  8.5  1e-06 
 2.925  7.625  1e-06 
 2.88125  8.5  1e-06 
 2.925  9.375  1e-06 
 2.96875  8.5  1e-06 

 2.98125  22.5  1e-06 
 2.975  22.4762  1e-06 
 2.973  22.5  1e-06 
 2.975  22.625  1e-06 
 2.98125  22.5  1e-06 

 3.01875  11.5  1e-06 
 2.975  10.625  1e-06 
 2.96875  10.5  1e-06 
 2.925  9.625  1e-06 
 2.88125  10.5  1e-06 
 2.925  11.375  1e-06 
 2.93125  11.5  1e-06 
 2.975  12.375  1e-06 
 3.01875  11.5  1e-06 

 3.07353  13.5  1e-06 
 3.025  12.5294  1e-06 
 2.975  12.54  1e-06 
 2.96875  12.5  1e-06 
 2.925  11.625  1e-06 
 2.88125  12.5  1e-06 
 2.925  13.375  1e-06 
 2.927  13.5  1e-06 
 2.975  14.46  1e-06 
 3.025  14.4706  1e-06 
 3.07353  13.5  1e-06 

 3.11875  85.5  1e-06 
 3.075  84.625  1e-06 
 3.03125  85.5  1e-06 
 3.075  86.375  1e-06 
 3.11875  85.5  1e-06 

 3.16875  83.5  1e-06 
 3.125  82.625  1e-06 
 3.075  82.625  1e-06 
 3.03125  83.5  1e-06 
 3.075  84.375  1e-06 
 3.125  84.375  1e-06 
 3.16875  83.5  1e-06 

 3.12647  25.5  1e-06 
 3.125  25.4412  1e-06 
 3.123  25.5  1e-06 
 3.125  25.52  1e-06 
 3.12647  25.5  1e-06 

 3.16875  12.5  1e-06 
 3.125  11.625  1e-06 
 3.08125  12.5  1e-06 
 3.125  13.375  1e-06 
 3.16875  12.5  1e-06 

 3.21875  87.5  1e-06 
 3.175  86.625  1e-06 
 3.13125  87.5  1e-06 
 3.175  88.375  1e-06 
 3.21875  87.5  1e-06 

 3.26875  82.5  1e-06 
 3.225  81.625  1e-06 
 3.18125  82.5  1e-06 
 3.225  83.375  1e-06 
 3.26875  82.5  1e-06 

 3.23125  18.5  1e-06 
 3.225  18.4412  1e-06 
 3.21875  18.5  1e-06 
 3.225  18.625  1e-06 
 3.23125  18.5  1e-06 

 3.36875  83.5  1e-06 
 3.325  82.625  1e-06 
 3.28125  83.5  1e-06 
 3.325  84.375  1e-06 
 3.36875  83.5  1e-06 

 3.36875  78.5  1e-06 
 3.325  77.625  1e-06 
 3.28125  78.5  1e-06 
 3.325  79.375  1e-06 
 3.36875  78.5  1e-06 

 3.41875  22.5  1e-06 
 3.375  21.625  1e-06 
 3.36875  21.5  1e-06 
 3.325  20.625  1e-06 
 3.28125  21.5  1e-06 
 3.325  22.375  1e-06 
 3.33125  22.5  1e-06 
 3.375  23.375  1e-06 
 3.41875  22.5  1e-06 

 3.47794  61.5  1e-06 
 3.475  61.4412  1e-06 
 3.47353  61.5  1e-06 
 3.475  61.625  1e-06 
 3.47794  61.5  1e-06 

 3.52206  22.5  1e-06 
 3.475  21.5588  1e-06 
 3.42794  22.5  1e-06 
 3.475  23.4412  1e-06 
 3.52206  22.5  1e-06 

 3.51875  20.5  1e-06 
 3.475  19.625  1e-06 
 3.425  19.625  1e-06 
 3.38125  20.5  1e-06 
 3.425  21.375  1e-06 
 3.475  21.375  1e-06 
 3.51875  20.5  1e-06 

 3.57206  24.5  1e-06 
 3.525  23.5588  1e-06 
 3.47794  24.5  1e-06 
 3.525  25.4412  1e-06 
 3.57206  24.5  1e-06 

 3.56875  18.5  1e-06 
 3.525  17.625  1e-06 
 3.48125  18.5  1e-06 
 3.48125  19.5  1e-06 
 3.525  20.375  1e-06 
 3.56875  19.5  1e-06 
 3.56875  18.5  1e-06 

 3.61875  70.5  1e-06 
 3.575  69.625  1e-06 
 3.53125  70.5  1e-06 
 3.575  71.375  1e-06 
 3.61875  70.5  1e-06 

 3.61875  65.5  1e-06 
 3.575  64.625  1e-06 
 3.53125  65.5  1e-06 
 3.575  66.375  1e-06 
 3.61875  65.5  1e-06 

 3.57794  39.5  1e-06 
 3.575  39.375  1e-06 
 3.57415  39.5  1e-06 
 3.575  39.5238  1e-06 
 3.57794  39.5  1e-06 

 3.58125  36.5  1e-06 
 3.575  36.46  1e-06 
 3.57381  36.5  1e-06 
 3.575  36.54  1e-06 
 3.58125  36.5  1e-06 

 3.61875  22.5  1e-06 
 3.575  21.625  1e-06 
 3.53125  22.5  1e-06 
 3.575  23.375  1e-06 
 3.61875  22.5  1e-06 

 3.61875  16.5  1e-06 
 3.575  15.625  1e-06 
 3.56875  15.5  1e-06 
 3.525  14.625  1e-06 
 3.475  14.625  1e-06 
 3.425  14.625  1e-06 
 3.41875  14.5  1e-06 
 3.375  13.625  1e-06 
 3.33125  14.5  1e-06 
 3.325  14.625  1e-06 
 3.32206  14.5  1e-06 
 3.31875  13.5  1e-06 
 3.31875  12.5  1e-06 
 3.275  11.625  1e-06 
 3.23125  12.5  1e-06 
 3.225  12.625  1e-06 
 3.18125  13.5  1e-06 
 3.225  14.375  1e-06 
 3.22794  14.5  1e-06 
 3.225  14.625  1e-06 
 3.21875  14.5  1e-06 
 3.175  13.625  1e-06 
 3.13125  14.5  1e-06 
 3.13125  15.5  1e-06 
 3.175  16.375  1e-06 
 3.225  16.375  1e-06 
 3.23125  16.5  1e-06 
 3.275  17.375  1e-06 
 3.31875  16.5  1e-06 
 3.325  16.375  1e-06 
 3.33125  16.5  1e-06 
 3.375  17.375  1e-06 
 3.41875  16.5  1e-06 
 3.425  16.375  1e-06 
 3.475  16.375  1e-06 
 3.525  16.375  1e-06 
 3.53125  16.5  1e-06 
 3.575  17.375  1e-06 
 3.61875  16.5  1e-06 

 3.63125  29.5  1e-06 
 3.625  29.4412  1e-06 
 3.61875  29.5  1e-06 
 3.625  29.54  1e-06 
 3.63125  29.5  1e-06 

 3.66875  19.5  1e-06 
 3.625  18.625  1e-06 
 3.58125  19.5  1e-06 
 3.625  20.375  1e-06 
 3.66875  19.5  1e-06 

 3.677  54.5  1e-06 
 3.675  54.4762  1e-06 
 3.673  54.5  1e-06 
 3.675  54.625  1e-06 
 3.677  54.5  1e-06 

 3.68125  41.5  1e-06 
 3.675  41.375  1e-06 
 3.66875  41.5  1e-06 
 3.66875  42.5  1e-06 
 3.675  42.625  1e-06 
 3.677  42.5  1e-06 
 3.68125  41.5  1e-06 

 3.71875  22.5  1e-06 
 3.675  21.625  1e-06 
 3.63125  22.5  1e-06 
 3.675  23.375  1e-06 
 3.71875  22.5  1e-06 

 3.73125  33.5  1e-06 
 3.725  33.375  1e-06 
 3.675  33.4412  1e-06 
 3.67353  33.5  1e-06 
 3.675  33.5588  1e-06 
 3.725  33.625  1e-06 
 3.73125  33.5  1e-06 

 3.82206  28.5  1e-06 
 3.775  27.5588  1e-06 
 3.72794  28.5  1e-06 
 3.775  29.4412  1e-06 
 3.82206  28.5  1e-06 

 3.81875  20.5  1e-06 
 3.775  19.625  1e-06 
 3.73125  20.5  1e-06 
 3.775  21.375  1e-06 
 3.81875  20.5  1e-06 

 3.86875  27.5  1e-06 
 3.825  26.625  1e-06 
 3.78125  27.5  1e-06 
 3.825  28.375  1e-06 
 3.86875  27.5  1e-06 

 3.91875  52.5  1e-06 
 3.875  51.625  1e-06 
 3.83125  52.5  1e-06 
 3.875  53.375  1e-06 
 3.91875  52.5  1e-06 

 3.625  57.4412  1e-06 
 3.62794  57.5  1e-06 
 3.675  58.4412  1e-06 
 3.725  58.375  1e-06 
 3.76875  57.5  1e-06 
 3.725  56.625  1e-06 
 3.71875  56.5  1e-06 
 3.725  56.4412  1e-06 
 3.73125  56.5  1e-06 
 3.775  57.375  1e-06 
 3.81875  56.5  1e-06 
 3.775  55.625  1e-06 
 3.77206  55.5  1e-06 
 3.773  54.5  1e-06 
 3.76875  53.5  1e-06 
 3.77353  52.5  1e-06 
 3.775  52.4412  1e-06 
 3.82206  51.5  1e-06 
 3.825  51.375  1e-06 
 3.86875  50.5  1e-06 
 3.825  49.625  1e-06 
 3.81875  49.5  1e-06 
 3.825  49.46  1e-06 
 3.875  49.375  1e-06 
 3.91875  48.5  1e-06 
 3.91875  47.5  1e-06 
 3.923  46.5  1e-06 

 3.03125  80.5  1e-06 
 3.075  81.375  1e-06 
 3.11875  80.5  1e-06 
 3.11875  79.5  1e-06 
 3.11875  78.5  1e-06 
 3.125  78.375  1e-06 
 3.175  78.46  1e-06 
 3.223  77.5  1e-06 
 3.175  76.54  1e-06 
 3.16875  76.5  1e-06 
 3.125  75.625  1e-06 
 3.11875  75.5  1e-06 
 3.123  74.5  1e-06 
 3.125  74.375  1e-06 
 3.12794  74.5  1e-06 
 3.175  75.4412  1e-06 
 3.18125  75.5  1e-06 
 3.225  76.375  1e-06 
 3.23125  76.5  1e-06 
 3.275  77.375  1e-06 
 3.31875  76.5  1e-06 
 3.275  75.625  1e-06 
 3.26875  75.5  1e-06 
 3.225  74.625  1e-06 
 3.22206  74.5  1e-06 
 3.225  74.375  1e-06 
 3.26875  73.5  1e-06 
 3.26875  72.5  1e-06 
 3.225  71.625  1e-06 
 3.22206  71.5  1e-06 
 3.225  71.46  1e-06 
 3.22794  71.5  1e-06 
 3.275  72.4412  1e-06 
 3.28125  72.5  1e-06 
 3.28125  73.5  1e-06 
 3.325  74.375  1e-06 
 3.36875  73.5  1e-06 
 3.375  73.375  1e-06 
 3.38125  73.5  1e-06 
 3.425  74.375  1e-06 
 3.46875  73.5  1e-06 
 3.425  72.625  1e-06 
 3.41875  72.5  1e-06 
 3.375  71.625  1e-06 
 3.325  71.625  1e-06 
 3.32206  71.5  1e-06 
 3.275  70.5588  1e-06 
 3.273  70.5  1e-06 
 3.275  70.4412  1e-06 
 3.325  70.375  1e-06 
 3.33125  70.5  1e-06 
 3.375  71.375  1e-06 
 3.41875  70.5  1e-06 
 3.375  69.625  1e-06 
 3.36875  69.5  1e-06 
 3.373  68.5  1e-06 
 3.373  67.5  1e-06 
 3.373  66.5  1e-06 
 3.375  66.375  1e-06 
 3.38125  66.5  1e-06 
 3.425  67.375  1e-06 
 3.46875  66.5  1e-06 
 3.425  65.625  1e-06 
 3.41875  65.5  1e-06 
 3.375  64.625  1e-06 
 3.37353  64.5  1e-06 
 3.375  64.46  1e-06 
 3.38125  64.5  1e-06 
 3.425  65.375  1e-06 
 3.42647  65.5  1e-06 
 3.475  66.4706  1e-06 
 3.48125  66.5  1e-06 
 3.525  67.375  1e-06 
 3.56875  66.5  1e-06 
 3.525  65.625  1e-06 
 3.52353  65.5  1e-06 
 3.51875  64.5  1e-06 
 3.525  64.375  1e-06 
 3.56875  63.5  1e-06 
 3.57206  62.5  1e-06 
 3.57206  61.5  1e-06 
 3.525  60.5588  1e-06 
 3.52206  60.5  1e-06 
 3.525  60.46  1e-06 
 3.575  60.46  1e-06 
 3.58125  60.5  1e-06 
 3.625  61.375  1e-06 
 3.66875  60.5  1e-06 
 3.625  59.625  1e-06 
 3.623  59.5  1e-06 
 3.575  58.54  1e-06 
 3.57353  58.5  1e-06 
 3.575  58.4762  1e-06 
 3.58125  58.5  1e-06 
 3.625  59.375  1e-06 
 3.66875  58.5  1e-06 
 3.625  57.625  1e-06 
 3.62381  57.5  1e-06 
 3.625  57.4412  1e-06 

 2.08125  101.5  1e-06 
 2.125  102.375  1e-06 
 2.16875  101.5  1e-06 
 2.175  101.375  1e-06 
 2.18125  101.5  1e-06 
 2.18125  102.5  1e-06 
 2.225  103.375  1e-06 
 2.23125  103.5  1e-06 
 2.225  103.625  1e-06 
 2.21875  103.5  1e-06 
 2.175  102.625  1e-06 
 2.13125  103.5  1e-06 
 2.175  104.375  1e-06 
 2.18125  104.5  1e-06 
 2.225  105.375  1e-06 
 2.275  105.375  1e-06 
 2.28125  105.5  1e-06 
 2.325  106.375  1e-06 
 2.36875  105.5  1e-06 
 2.36875  104.5  1e-06 
 2.325  103.625  1e-06 
 2.31875  103.5  1e-06 
 2.275  102.625  1e-06 
 2.26875  102.5  1e-06 
 2.275  102.375  1e-06 
 2.28125  102.5  1e-06 
 2.325  103.375  1e-06 
 2.36875  102.5  1e-06 
 2.375  102.375  1e-06 
 2.38125  102.5  1e-06 
 2.425  103.375  1e-06 
 2.46875  102.5  1e-06 
 2.475  102.46  1e-06 
 2.525  102.375  1e-06 
 2.575  102.441  1e-06 
 2.62206  101.5  1e-06 
 2.575  100.559  1e-06 
 2.56875  100.5  1e-06 
 2.575  100.375  1e-06 
 2.625  100.375  1e-06 
 2.63125  100.5  1e-06 
 2.675  101.375  1e-06 
 2.71875  100.5  1e-06 
 2.675  99.625  1e-06 
 2.66875  99.5  1e-06 
 2.675  99.375  1e-06 
 2.71875  98.5  1e-06 
 2.71875  97.5  1e-06 
 2.725  97.375  1e-06 
 2.76875  96.5  1e-06 
 2.76875  95.5  1e-06 
 2.725  94.625  1e-06 
 2.72415  94.5  1e-06 
 2.725  94.46  1e-06 
 2.773  93.5  1e-06 
 2.775  93.4412  1e-06 
 2.78125  93.5  1e-06 
 2.825  94.375  1e-06 
 2.86875  93.5  1e-06 
 2.86875  92.5  1e-06 
 2.875  92.4412  1e-06 
 2.925  92.375  1e-06 
 2.96875  91.5  1e-06 
 2.925  90.625  1e-06 
 2.875  90.5588  1e-06 
 2.87353  90.5  1e-06 
 2.825  89.5294  1e-06 
 2.823  89.5  1e-06 
 2.825  89.4706  1e-06 
 2.875  89.4412  1e-06 
 2.92206  88.5  1e-06 
 2.925  88.375  1e-06 
 2.975  88.375  1e-06 
 2.98125  88.5  1e-06 
 3.025  89.375  1e-06 
 3.06875  88.5  1e-06 
 3.025  87.625  1e-06 
 3.01875  87.5  1e-06 
 2.975  86.625  1e-06 
 2.97206  86.5  1e-06 
 2.925  85.5588  1e-06 
 2.923  85.5  1e-06 
 2.925  85.375  1e-06 
 2.927  85.5  1e-06 
 2.975  86.46  1e-06 
 2.98125  86.5  1e-06 
 3.025  87.375  1e-06 
 3.06875  86.5  1e-06 
 3.025  85.625  1e-06 
 3.023  85.5  1e-06 
 3.01875  84.5  1e-06 
 2.975  83.625  1e-06 
 2.96875  83.5  1e-06 
 2.975  83.46  1e-06 
 3.023  82.5  1e-06 
 3.02381  81.5  1e-06 
 3.023  80.5  1e-06 
 3.025  80.4412  1e-06 
 3.03125  80.5  1e-06 

 2.12794  56.5  1e-06 
 2.175  57.4412  1e-06 
 2.177  57.5  1e-06 
 2.175  57.625  1e-06 
 2.16875  57.5  1e-06 
 2.125  56.625  1e-06 
 2.08125  57.5  1e-06 
 2.125  58.375  1e-06 
 2.13125  58.5  1e-06 
 2.13125  59.5  1e-06 
 2.12794  60.5  1e-06 
 2.175  61.4412  1e-06 
 2.176  61.5  1e-06 
 2.175  61.625  1e-06 
 2.16875  61.5  1e-06 
 2.125  60.625  1e-06 
 2.08125  61.5  1e-06 
 2.08125  62.5  1e-06 
 2.08125  63.5  1e-06 
 2.08125  64.5  1e-06 
 2.075  64.625  1e-06 
 2.03125  65.5  1e-06 
 2.03125  66.5  1e-06 
 2.03125  67.5  1e-06 
 2.075  68.375  1e-06 
 2.07647  68.5  1e-06 
 2.075  68.625  1e-06 
 2.03125  69.5  1e-06 
 2.075  70.375  1e-06 
 2.077  70.5  1e-06 
 2.08125  71.5  1e-06 
 2.125  72.375  1e-06 
 2.127  72.5  1e-06 
 2.12567  73.5  1e-06 
 2.125  73.54  1e-06 
 2.11875  73.5  1e-06 
 2.075  72.625  1e-06 
 2.03125  73.5  1e-06 
 2.025  73.625  1e-06 
 1.98125  74.5  1e-06 
 2.025  75.375  1e-06 
 2.075  75.375  1e-06 
 2.08125  75.5  1e-06 
 2.08125  76.5  1e-06 
 2.07794  77.5  1e-06 
 2.07794  78.5  1e-06 
 2.075  78.625  1e-06 
 2.06875  78.5  1e-06 
 2.025  77.625  1e-06 
 1.98125  78.5  1e-06 
 2.025  79.375  1e-06 
 2.03125  79.5  1e-06 
 2.03125  80.5  1e-06 
 2.03125  81.5  1e-06 
 2.075  82.375  1e-06 
 2.07585  82.5  1e-06 
 2.075  82.5588  1e-06 
 2.025  82.625  1e-06 
 1.975  82.625  1e-06 
 1.93125  83.5  1e-06 
 1.975  84.375  1e-06 
 2.025  84.375  1e-06 
 2.03125  84.5  1e-06 
 2.02794  85.5  1e-06 
 2.075  86.4412  1e-06 
 2.07647  86.5  1e-06 
 2.075  86.54  1e-06 
 2.06875  86.5  1e-06 
 2.025  85.625  1e-06 
 1.98125  86.5  1e-06 
 2.025  87.375  1e-06 
 2.027  87.5  1e-06 
 2.075  88.46  1e-06 
 2.07585  88.5  1e-06 
 2.075  88.625  1e-06 
 2.03125  89.5  1e-06 
 2.02794  90.5  1e-06 
 2.03125  91.5  1e-06 
 2.02794  92.5  1e-06 
 2.02794  93.5  1e-06 
 2.025  93.625  1e-06 
 1.98125  94.5  1e-06 
 2.025  95.375  1e-06 
 2.075  95.375  1e-06 
 2.08125  95.5  1e-06 
 2.125  96.375  1e-06 
 2.12794  96.5  1e-06 
 2.12647  97.5  1e-06 
 2.175  98.4706  1e-06 
 2.17794  98.5  1e-06 
 2.175  98.625  1e-06 
 2.16875  98.5  1e-06 
 2.125  97.625  1e-06 
 2.08125  98.5  1e-06 
 2.075  98.625  1e-06 
 2.03125  99.5  1e-06 
 2.075  100.375  1e-06 
 2.08125  100.5  1e-06 
 2.08125  101.5  1e-06 

 2.43125  18.5  1e-06 
 2.425  18.625  1e-06 
 2.38125  19.5  1e-06 
 2.425  20.375  1e-06 
 2.43125  20.5  1e-06 
 2.425  20.625  1e-06 
 2.375  20.625  1e-06 
 2.33125  21.5  1e-06 
 2.375  22.375  1e-06 
 2.425  22.375  1e-06 
 2.475  22.4412  1e-06 
 2.47794  22.5  1e-06 
 2.475  22.625  1e-06 
 2.425  22.5588  1e-06 
 2.375  22.625  1e-06 
 2.36875  22.5  1e-06 
 2.325  21.625  1e-06 
 2.275  21.625  1e-06 
 2.23125  22.5  1e-06 
 2.275  23.375  1e-06 
 2.325  23.375  1e-06 
 2.33125  23.5  1e-06 
 2.375  24.375  1e-06 
 2.38125  24.5  1e-06 
 2.375  24.5588  1e-06 
 2.36875  24.5  1e-06 
 2.325  23.625  1e-06 
 2.28125  24.5  1e-06 
 2.325  25.375  1e-06 
 2.32794  25.5  1e-06 
 2.325  25.625  1e-06 
 2.28125  26.5  1e-06 
 2.28125  27.5  1e-06 
 2.28125  28.5  1e-06 
 2.275  28.625  1e-06 
 2.26875  28.5  1e-06 
 2.225  27.625  1e-06 
 2.18125  28.5  1e-06 
 2.225  29.375  1e-06 
 2.23125  29.5  1e-06 
 2.275  30.375  1e-06 
 2.27647  30.5  1e-06 
 2.275  30.625  1e-06 
 2.23125  31.5  1e-06 
 2.22647  32.5  1e-06 
 2.225  32.5588  1e-06 
 2.175  32.54  1e-06 
 2.127  33.5  1e-06 
 2.13125  34.5  1e-06 
 2.175  35.375  1e-06 
 2.21875  34.5  1e-06 
 2.225  34.4412  1e-06 
 2.227  34.5  1e-06 
 2.226  35.5  1e-06 
 2.22794  36.5  1e-06 
 2.225  36.625  1e-06 
 2.18125  37.5  1e-06 
 2.225  38.375  1e-06 
 2.22647  38.5  1e-06 
 2.225  38.625  1e-06 
 2.21875  38.5  1e-06 
 2.175  37.625  1e-06 
 2.13125  38.5  1e-06 
 2.175  39.375  1e-06 
 2.18125  39.5  1e-06 
 2.17619  40.5  1e-06 
 2.18125  41.5  1e-06 
 2.177  42.5  1e-06 
 2.17619  43.5  1e-06 
 2.175  43.5588  1e-06 
 2.16875  43.5  1e-06 
 2.125  42.625  1e-06 
 2.08125  43.5  1e-06 
 2.125  44.375  1e-06 
 2.12794  44.5  1e-06 
 2.125  44.625  1e-06 
 2.08125  45.5  1e-06 
 2.125  46.375  1e-06 
 2.13125  46.5  1e-06 
 2.13125  47.5  1e-06 
 2.175  48.375  1e-06 
 2.17647  48.5  1e-06 
 2.17794  49.5  1e-06 
 2.17619  50.5  1e-06 
 2.175  50.625  1e-06 
 2.13125  51.5  1e-06 
 2.12794  52.5  1e-06 
 2.175  53.4412  1e-06 
 2.17794  53.5  1e-06 
 2.175  53.5588  1e-06 
 2.12794  54.5  1e-06 
 2.175  55.4412  1e-06 
 2.17619  55.5  1e-06 
 2.225  56.4762  1e-06 
 2.226  56.5  1e-06 
 2.225  56.54  1e-06 
 2.22206  56.5  1e-06 
 2.175  55.5588  1e-06 
 2.12794  56.5  1e-06 

 3.125  21.625  1e-06 
 3.08125  22.5  1e-06 
 3.075  22.625  1e-06 
 3.06875  22.5  1e-06 
 3.06875  21.5  1e-06 
 3.025  20.625  1e-06 
 2.975  20.5238  1e-06 
 2.96875  20.5  1e-06 
 2.975  20.375  1e-06 
 3.01875  19.5  1e-06 
 3.01875  18.5  1e-06 
 3.025  18.375  1e-06 
 3.075  18.375  1e-06 
 3.11875  17.5  1e-06 
 3.075  16.625  1e-06 
 3.06875  16.5  1e-06 
 3.073  15.5  1e-06 
 3.025  14.54  1e-06 
 2.975  14.625  1e-06 
 2.96875  14.5  1e-06 
 2.925  13.625  1e-06 
 2.88125  14.5  1e-06 
 2.875  14.5588  1e-06 
 2.86875  14.5  1e-06 
 2.86875  13.5  1e-06 
 2.87206  12.5  1e-06 
 2.825  11.5588  1e-06 
 2.81875  11.5  1e-06 
 2.775  10.625  1e-06 
 2.73125  11.5  1e-06 
 2.73125  12.5  1e-06 
 2.775  13.375  1e-06 
 2.78125  13.5  1e-06 
 2.78125  14.5  1e-06 
 2.825  15.375  1e-06 
 2.82794  15.5  1e-06 
 2.825  15.625  1e-06 
 2.81875  15.5  1e-06 
 2.775  14.625  1e-06 
 2.725  14.5588  1e-06 
 2.67794  15.5  1e-06 
 2.725  16.4412  1e-06 
 2.775  16.375  1e-06 
 2.78125  16.5  1e-06 
 2.825  17.375  1e-06 
 2.875  17.375  1e-06 
 2.88125  17.5  1e-06 
 2.875  17.625  1e-06 
 2.825  17.5294  1e-06 
 2.823  17.5  1e-06 
 2.775  16.54  1e-06 
 2.725  16.625  1e-06 
 2.71875  16.5  1e-06 
 2.675  15.625  1e-06 
 2.63125  16.5  1e-06 
 2.675  17.375  1e-06 
 2.68125  17.5  1e-06 
 2.68125  18.5  1e-06 
 2.725  19.375  1e-06 
 2.76875  18.5  1e-06 
 2.775  18.46  1e-06 
 2.77647  18.5  1e-06 
 2.78125  19.5  1e-06 
 2.775  19.625  1e-06 
 2.725  19.625  1e-06 
 2.675  19.625  1e-06 
 2.67206  19.5  1e-06 
 2.625  18.5588  1e-06 
 2.57794  19.5  1e-06 
 2.58125  20.5  1e-06 
 2.57619  21.5  1e-06 
 2.625  22.4762  1e-06 
 2.63125  22.5  1e-06 
 2.625  22.5588  1e-06 
 2.62206  22.5  1e-06 
 2.575  21.5588  1e-06 
 2.56875  21.5  1e-06 
 2.525  20.625  1e-06 
 2.51875  20.5  1e-06 
 2.525  20.4412  1e-06 
 2.57206  19.5  1e-06 
 2.56875  18.5  1e-06 
 2.575  18.375  1e-06 
 2.625  18.375  1e-06 
 2.66875  17.5  1e-06 
 2.625  16.625  1e-06 
 2.61875  16.5  1e-06 
 2.575  15.625  1e-06 
 2.53125  16.5  1e-06 
 2.525  16.625  1e-06 
 2.475  16.625  1e-06 
 2.46875  16.5  1e-06 
 2.47206  15.5  1e-06 
 2.425  14.5588  1e-06 
 2.37794  15.5  1e-06 
 2.38125  16.5  1e-06 
 2.425  17.375  1e-06 
 2.43125  17.5  1e-06 
 2.43125  18.5  1e-06 

 3.923  46.5  1e-06 
 3.875  45.54  1e-06 
 3.86875  45.5  1e-06 
 3.825  44.625  1e-06 
 3.81875  44.5  1e-06 
 3.82206  43.5  1e-06 
 3.775  42.5588  1e-06 
 3.773  42.5  1e-06 
 3.76875  41.5  1e-06 
 3.76875  40.5  1e-06 
 3.725  39.625  1e-06 
 3.675  39.625  1e-06 
 3.67206  39.5  1e-06 
 3.625  38.5588  1e-06 
 3.61875  38.5  1e-06 
 3.625  38.4706  1e-06 
 3.63125  38.5  1e-06 
 3.675  39.375  1e-06 
 3.725  39.375  1e-06 
 3.76875  38.5  1e-06 
 3.76875  37.5  1e-06 
 3.725  36.625  1e-06 
 3.675  36.5588  1e-06 
 3.66875  36.5  1e-06 
 3.673  35.5  1e-06 
 3.675  35.4412  1e-06 
 3.68125  35.5  1e-06 
 3.725  36.375  1e-06 
 3.73125  36.5  1e-06 
 3.775  37.375  1e-06 
 3.81875  36.5  1e-06 
 3.82206  35.5  1e-06 
 3.825  35.375  1e-06 
 3.86875  34.5  1e-06 
 3.825  33.625  1e-06 
 3.81875  33.5  1e-06 
 3.775  32.625  1e-06 
 3.76875  32.5  1e-06 
 3.725  31.625  1e-06 
 3.72206  31.5  1e-06 
 3.725  31.375  1e-06 
 3.76875  30.5  1e-06 
 3.76875  29.5  1e-06 
 3.725  28.625  1e-06 
 3.72206  28.5  1e-06 
 3.675  27.5588  1e-06 
 3.66875  27.5  1e-06 
 3.625  26.625  1e-06 
 3.61875  26.5  1e-06 
 3.575  25.625  1e-06 
 3.525  25.625  1e-06 
 3.475  25.5294  1e-06 
 3.47206  25.5  1e-06 
 3.46875  24.5  1e-06 
 3.425  23.625  1e-06 
 3.375  23.625  1e-06 
 3.373  23.5  1e-06 
 3.325  22.54  1e-06 
 3.32206  22.5  1e-06 
 3.275  21.5588  1e-06 
 3.27206  21.5  1e-06 
 3.273  20.5  1e-06 
 3.275  20.4412  1e-06 
 3.325  20.375  1e-06 
 3.36875  19.5  1e-06 
 3.375  19.375  1e-06 
 3.41875  18.5  1e-06 
 3.375  17.625  1e-06 
 3.325  17.625  1e-06 
 3.275  17.625  1e-06 
 3.27206  17.5  1e-06 
 3.225  16.5588  1e-06 
 3.175  16.5588  1e-06 
 3.12794  17.5  1e-06 
 3.13125  18.5  1e-06 
 3.175  19.375  1e-06 
 3.18125  19.5  1e-06 
 3.175  19.625  1e-06 
 3.17206  19.5  1e-06 
 3.125  18.5588  1e-06 
 3.07794  19.5  1e-06 
 3.075  19.54  1e-06 
 3.027  20.5  1e-06 
 3.075  21.46  1e-06 
 3.125  21.46  1e-06 
 3.175  21.375  1e-06 
 3.17794  21.5  1e-06 
 3.225  22.4412  1e-06 
 3.22794  22.5  1e-06 
 3.23125  23.5  1e-06 
 3.275  24.375  1e-06 
 3.28125  24.5  1e-06 
 3.275  24.5588  1e-06 
 3.26875  24.5  1e-06 
 3.225  23.625  1e-06 
 3.223  23.5  1e-06 
 3.22206  22.5  1e-06 
 3.175  21.5588  1e-06 
 3.125  21.625  1e-06 

 3.91875  33.5  1e-06 
 3.875  32.625  1e-06 
 3.83125  33.5  1e-06 
 3.875  34.375  1e-06 
 3.91875  33.5  1e-06 

 3.96875  37.5  1e-06 
 3.925  36.625  1e-06 
 3.875  36.625  1e-06 
 3.83125  37.5  1e-06 
 3.875  38.375  1e-06 
 3.925  38.375  1e-06 
 3.96875  37.5  1e-06 

 4.01875  39.5  1e-06 
 3.975  38.625  1e-06 
 3.93125  39.5  1e-06 
 3.975  40.375  1e-06 
 4.01875  39.5  1e-06 

