
# Surface 0 of 1 surfaces

# Curve title: ""../GalNAc/GNC_2D_NOSum-ONO.txt" using 1:2:5"
# Contour 0, label:    0.004
 6.45785  59.5  0.004 
 6.425  59.1572  0.004 
 6.37985  59.5  0.004 
 6.375  59.5372  0.004 
 6.331  59.5  0.004 
 6.325  59.49  0.004 
 6.275  58.9605  0.004 
 6.225  59.3987  0.004 
 6.20948  59.5  0.004 
 6.175  59.7638  0.004 
 6.125  60.0429  0.004 
 6.075  60.3131  0.004 
 6.04826  60.5  0.004 
 6.025  60.6911  0.004 
 5.975  61.1874  0.004 
 5.96058  61.5  0.004 
 5.92691  62.5  0.004 
 5.925  62.6393  0.004 
 5.875  63.2271  0.004 
 5.86855  63.5  0.004 
 5.875  63.832  0.004 
 5.8964  64.5  0.004 
 5.925  65.0471  0.004 
 5.975  65.4564  0.004 
 6.025  65.4544  0.004 
 6.075  65.2096  0.004 
 6.125  64.7582  0.004 
 6.175  64.6347  0.004 
 6.18592  64.5  0.004 
 6.225  63.8272  0.004 
 6.26152  63.5  0.004 
 6.275  63.3734  0.004 
 6.325  62.8942  0.004 
 6.34658  62.5  0.004 
 6.375  61.6692  0.004 
 6.38847  61.5  0.004 
 6.425  61.0302  0.004 
 6.46355  60.5  0.004 
 6.45785  59.5  0.004 


# Contour 1, label:    0.002
 6.8125  56.5  0.002 
 6.775  55.9611  0.002 
 6.7543  55.5  0.002 
 6.725  55.2928  0.002 
 6.675  55.2725  0.002 
 6.625  55.2121  0.002 
 6.575  55.321  0.002 
 6.525  55.4426  0.002 
 6.50607  55.5  0.002 
 6.475  55.5921  0.002 
 6.425  55.8873  0.002 
 6.375  56.0181  0.002 
 6.325  56.3771  0.002 
 6.30657  56.5  0.002 
 6.275  56.6441  0.002 
 6.225  56.8846  0.002 
 6.175  57.2524  0.002 
 6.13077  57.5  0.002 
 6.125  57.5262  0.002 
 6.075  57.9216  0.002 
 6.025  58.3761  0.002 
 6.01166  58.5  0.002 
 5.975  58.8069  0.002 
 5.925  59.2666  0.002 
 5.90225  59.5  0.002 
 5.875  59.8718  0.002 
 5.84844  60.5  0.002 
 5.825  61.1215  0.002 
 5.8119  61.5  0.002 
 5.775  62.4246  0.002 
 5.77246  62.5  0.002 
 5.75972  63.5  0.002 
 5.75678  64.5  0.002 
 5.75866  65.5  0.002 
 5.775  66.3039  0.002 
 5.78088  66.5  0.002 
 5.825  67.3466  0.002 
 5.84072  67.5  0.002 
 5.875  67.8422  0.002 
 5.925  68.182  0.002 
 5.975  68.2006  0.002 
 6.025  68.063  0.002 
 6.075  67.9228  0.002 
 6.125  67.5489  0.002 
 6.13136  67.5  0.002 
 6.175  67.2201  0.002 
 6.225  66.6722  0.002 
 6.2436  66.5  0.002 
 6.275  66.2329  0.002 
 6.325  65.9932  0.002 
 6.36745  65.5  0.002 
 6.375  65.4127  0.002 
 6.425  64.6657  0.002 
 6.44198  64.5  0.002 
 6.475  64.0915  0.002 
 6.51529  63.5  0.002 
 6.525  63.3702  0.002 
 6.575  62.8306  0.002 
 6.59637  62.5  0.002 
 6.625  61.9819  0.002 
 6.65966  61.5  0.002 
 6.675  60.9372  0.002 
 6.6897  60.5  0.002 
 6.725  60.0356  0.002 
 6.75614  59.5  0.002 
 6.775  59.1198  0.002 
 6.7952  58.5  0.002 
 6.82378  57.5  0.002 
 6.8125  56.5  0.002 


# Contour 2, label:    0.001
 7.02961  53.5  0.001 
 7.025  53.4237  0.001 
 7.0128  53.5  0.001 
 6.975  53.7263  0.001 
 6.95768  53.5  0.001 
 6.925  53.0465  0.001 
 6.875  53.0133  0.001 
 6.825  53.1823  0.001 
 6.775  52.9934  0.001 
 6.725  52.999  0.001 
 6.675  53.2373  0.001 
 6.625  53.2407  0.001 
 6.59192  53.5  0.001 
 6.575  53.6326  0.001 
 6.525  53.6946  0.001 
 6.475  54.006  0.001 
 6.425  54.1081  0.001 
 6.375  54.3859  0.001 
 6.36231  54.5  0.001 
 6.325  54.7591  0.001 
 6.275  54.9731  0.001 
 6.225  55.4536  0.001 
 6.21825  55.5  0.001 
 6.175  55.6982  0.001 
 6.125  56.1122  0.001 
 6.075  56.301  0.001 
 6.05507  56.5  0.001 
 6.025  56.794  0.001 
 5.975  57.3473  0.001 
 5.95527  57.5  0.001 
 5.925  57.7048  0.001 
 5.875  58.1777  0.001 
 5.85127  58.5  0.001 
 5.825  59.1795  0.001 
 5.80884  59.5  0.001 
 5.775  60.0292  0.001 
 5.75388  60.5  0.001 
 5.72779  61.5  0.001 
 5.725  61.625  0.001 
 5.70504  62.5  0.001 
 5.68094  63.5  0.001 
 5.67899  64.5  0.001 
 5.675  65.1588  0.001 
 5.67246  65.5  0.001 
 5.675  65.6213  0.001 
 5.69274  66.5  0.001 
 5.70536  67.5  0.001 
 5.725  68.1202  0.001 
 5.73913  68.5  0.001 
 5.775  69.2019  0.001 
 5.81952  69.5  0.001 
 5.825  69.5461  0.001 
 5.875  69.9471  0.001 
 5.925  70.003  0.001 
 5.975  70.1279  0.001 
 6.025  69.9294  0.001 
 6.075  69.9188  0.001 
 6.10273  69.5  0.001 
 6.125  69.2389  0.001 
 6.175  68.8284  0.001 
 6.225  68.6267  0.001 
 6.23692  68.5  0.001 
 6.275  68.1069  0.001 
 6.325  67.5115  0.001 
 6.32575  67.5  0.001 
 6.375  67.0102  0.001 
 6.4158  66.5  0.001 
 6.425  66.3791  0.001 
 6.475  65.9734  0.001 
 6.51513  65.5  0.001 
 6.525  65.3451  0.001 
 6.56793  64.5  0.001 
 6.575  64.4174  0.001 
 6.625  64.0321  0.001 
 6.66375  63.5  0.001 
 6.675  63.3346  0.001 
 6.71481  62.5  0.001 
 6.725  62.3363  0.001 
 6.775  62.0138  0.001 
 6.80412  61.5  0.001 
 6.825  61.0463  0.001 
 6.84945  60.5  0.001 
 6.875  59.9847  0.001 
 6.9071  59.5  0.001 
 6.925  59.1891  0.001 
 6.95979  58.5  0.001 
 6.975  58.1179  0.001 
 6.99697  57.5  0.001 
 7.01948  56.5  0.001 
 7.025  56.0122  0.001 
 7.04295  55.5  0.001 
 7.04223  54.5  0.001 
 7.02961  53.5  0.001 


# Contour 3, label:   0.0005
 7.13581  57.5  0.0005 
 7.175  56.5794  0.0005 
 7.17838  56.5  0.0005 
 7.21996  55.5  0.0005 
 7.225  55.02  0.0005 
 7.23144  54.5  0.0005 
 7.23315  53.5  0.0005 

 7.23315  53.5  0.0005 
 7.225  53.1667  0.0005 
 7.19008  52.5  0.0005 
 7.175  52.2979  0.0005 
 7.13787  51.5  0.0005 
 7.125  51.3506  0.0005 
 7.075  51.0592  0.0005 
 7.025  50.9953  0.0005 
 6.975  50.9177  0.0005 
 6.925  51.0388  0.0005 
 6.875  51.0146  0.0005 
 6.825  51.5  0.0005 
 6.775  51.3053  0.0005 
 6.753  51.5  0.0005 
 6.725  51.6783  0.0005 
 6.675  51.9098  0.0005 
 6.625  52.0714  0.0005 
 6.575  52.2134  0.0005 
 6.53077  52.5  0.0005 
 6.525  52.5282  0.0005 
 6.475  52.8643  0.0005 
 6.425  53.1045  0.0005 
 6.375  53.1848  0.0005 
 6.34749  53.5  0.0005 
 6.325  53.6954  0.0005 
 6.275  53.7783  0.0005 
 6.225  54.0897  0.0005 
 6.19068  54.5  0.0005 
 6.175  54.65  0.0005 
 6.125  54.9704  0.0005 
 6.075  55.352  0.0005 
 6.05387  55.5  0.0005 
 6.025  55.6458  0.0005 
 5.975  56.1455  0.0005 
 5.94291  56.5  0.0005 
 5.925  56.6202  0.0005 
 5.875  57.3585  0.0005 
 5.8652  57.5  0.0005 
 5.825  57.8208  0.0005 
 5.78858  58.5  0.0005 
 5.775  58.7693  0.0005 
 5.73565  59.5  0.0005 
 5.725  59.7546  0.0005 
 5.69189  60.5  0.0005 
 5.675  61.0754  0.0005 
 5.66316  61.5  0.0005 
 5.65012  62.5  0.0005 
 5.62833  63.5  0.0005 
 5.63121  64.5  0.0005 
 5.6286  65.5  0.0005 
 5.63494  66.5  0.0005 
 5.6451  67.5  0.0005 
 5.67038  68.5  0.0005 
 5.675  68.7025  0.0005 
 5.6928  69.5  0.0005 
 5.725  70.0403  0.0005 
 5.775  70.3916  0.0005 
 5.78646  70.5  0.0005 
 5.825  71.1192  0.0005 
 5.875  71.3179  0.0005 
 5.925  71.3227  0.0005 
 5.975  71.3436  0.0005 
 6.025  71.2537  0.0005 
 6.075  71.1357  0.0005 
 6.125  70.822  0.0005 
 6.175  70.5696  0.0005 
 6.1794  70.5  0.0005 
 6.225  69.8919  0.0005 
 6.275  69.5198  0.0005 
 6.28071  69.5  0.0005 
 6.325  69.3333  0.0005 
 6.3698  68.5  0.0005 
 6.375  68.4291  0.0005 
 6.425  68.293  0.0005 
 6.47418  67.5  0.0005 
 6.475  67.4873  0.0005 
 6.525  66.7169  0.0005 
 6.5422  66.5  0.0005 
 6.575  66.1907  0.0005 
 6.625  65.5365  0.0005 
 6.62702  65.5  0.0005 
 6.675  64.6741  0.0005 
 6.7057  64.5  0.0005 
 6.725  64.3972  0.0005 
 6.775  63.7327  0.0005 
 6.78605  63.5  0.0005 
 6.825  62.929  0.0005 
 6.86581  62.5  0.0005 
 6.875  62.2236  0.0005 
 6.91659  61.5  0.0005 
 6.925  61.4384  0.0005 
 6.9729  60.5  0.0005 
 6.975  60.4341  0.0005 
 7.025  59.8712  0.0005 
 7.04874  59.5  0.0005 
 7.06687  58.5  0.0005 
 7.075  58.3313  0.0005 
 7.125  57.672  0.0005 
 7.13581  57.5  0.0005 

 8.016  44.5  0.0005 
 7.975  44.1639  0.0005 
 7.925  44.0435  0.0005 
 7.87753  43.5  0.0005 
 7.875  43.4429  0.0005 
 7.86591  43.5  0.0005 
 7.825  44.1429  0.0005 
 7.81436  44.5  0.0005 
 7.775  45.4024  0.0005 
 7.75962  45.5  0.0005 
 7.725  46.5  0.0005 
 7.775  46.8902  0.0005 
 7.825  47.3947  0.0005 
 7.875  46.7581  0.0005 
 7.89949  46.5  0.0005 
 7.925  45.8902  0.0005 
 7.96136  45.5  0.0005 
 7.975  45.2736  0.0005 
 8.016  44.5  0.0005 

 9.42837  33.5  0.0005 
 9.425  33.3889  0.0005 
 9.41646  33.5  0.0005 
 9.425  33.5737  0.0005 
 9.42837  33.5  0.0005 

 9.58144  30.5  0.0005 
 9.575  30.4172  0.0005 
 9.5636  30.5  0.0005 
 9.575  30.7955  0.0005 
 9.58144  30.5  0.0005 


# Contour 4, label:   0.0001
 5.73534  73.5  0.0001 
 5.775  73.951  0.0001 
 5.825  74.3026  0.0001 
 5.875  74.4623  0.0001 
 5.925  74.146  0.0001 
 5.975  74.3407  0.0001 
 6.01591  74.5  0.0001 
 6.025  74.5606  0.0001 
 6.03214  74.5  0.0001 
 6.075  73.9545  0.0001 
 6.10948  73.5  0.0001 
 6.125  73.4053  0.0001 
 6.175  73.2308  0.0001 
 6.225  72.6806  0.0001 
 6.23977  72.5  0.0001 
 6.275  72.0507  0.0001 
 6.325  71.9565  0.0001 
 6.36  71.5  0.0001 
 6.375  71.1604  0.0001 
 6.425  70.6667  0.0001 
 6.44821  70.5  0.0001 
 6.475  69.7105  0.0001 
 6.525  69.5185  0.0001 
 6.52656  69.5  0.0001 
 6.575  69.0303  0.0001 
 6.625  68.5167  0.0001 
 6.62583  68.5  0.0001 
 6.65911  67.5  0.0001 
 6.675  67.2964  0.0001 
 6.71974  67.5  0.0001 
 6.725  67.5455  0.0001 
 6.72803  67.5  0.0001 
 6.76184  66.5  0.0001 
 6.775  66.3558  0.0001 
 6.825  65.8175  0.0001 
 6.85948  65.5  0.0001 
 6.875  65.2188  0.0001 
 6.90526  64.5  0.0001 
 6.925  64.3469  0.0001 
 6.975  63.8765  0.0001 
 6.99451  63.5  0.0001 
 7.0114  62.5  0.0001 
 7.025  62.254  0.0001 
 7.075  62.3714  0.0001 
 7.125  61.5606  0.0001 
 7.12833  61.5  0.0001 
 7.175  60.5667  0.0001 
 7.1787  60.5  0.0001 
 7.225  59.9318  0.0001 
 7.25033  59.5  0.0001 
 7.275  58.7128  0.0001 
 7.325  58.5143  0.0001 
 7.32563  58.5  0.0001 
 7.35114  57.5  0.0001 
 7.35461  56.5  0.0001 
 7.375  56.0921  0.0001 
 7.425  55.5769  0.0001 
 7.42672  55.5  0.0001 
 7.475  55.0556  0.0001 
 7.50802  54.5  0.0001 
 7.525  53.78  0.0001 
 7.575  53.78  0.0001 
 7.58421  53.5  0.0001 
 7.625  53.0303  0.0001 
 7.65278  52.5  0.0001 
 7.675  52.0333  0.0001 
 7.70357  51.5  0.0001 
 7.725  51.2037  0.0001 
 7.775  50.6489  0.0001 
 7.825  50.8171  0.0001 
 7.84667  50.5  0.0001 
 7.875  50.2424  0.0001 
 7.925  49.6806  0.0001 
 7.951  49.5  0.0001 
 7.975  49.3737  0.0001 
 8.025  48.58  0.0001 
 8.03071  48.5  0.0001 
 8.075  47.6842  0.0001 
 8.09688  47.5  0.0001 
 8.125  47.3085  0.0001 
 8.175  46.8571  0.0001 
 8.1872  46.5  0.0001 
 8.225  46.0507  0.0001 
 8.26543  45.5  0.0001 
 8.26643  44.5  0.0001 
 8.26818  43.5  0.0001 
 8.275  43.14  0.0001 
 8.30081  42.5  0.0001 
 8.325  42.1341  0.0001 
 8.34781  41.5  0.0001 
 8.34773  40.5  0.0001 

 8.34773  40.5  0.0001 
 8.325  40.0455  0.0001 
 8.275  39.7571  0.0001 
 8.225  39.5317  0.0001 
 8.22206  39.5  0.0001 
 8.175  38.9667  0.0001 
 8.125  39.0797  0.0001 
 8.075  38.9444  0.0001 
 8.025  39.24  0.0001 
 7.975  39.3511  0.0001 
 7.95658  39.5  0.0001 
 7.925  39.6463  0.0001 
 7.875  39.8333  0.0001 
 7.825  40.049  0.0001 
 7.79886  40.5  0.0001 
 7.775  40.78  0.0001 
 7.73  41.5  0.0001 
 7.725  41.5706  0.0001 
 7.675  41.9286  0.0001 
 7.625  42.1235  0.0001 
 7.58864  42.5  0.0001 
 7.575  42.98  0.0001 
 7.55179  43.5  0.0001 
 7.525  43.7083  0.0001 
 7.475  44.4259  0.0001 
 7.425  44.1364  0.0001 
 7.40278  44.5  0.0001 
 7.38523  45.5  0.0001 
 7.375  45.8  0.0001 
 7.325  45.92  0.0001 
 7.275  46.2561  0.0001 
 7.225  46.4804  0.0001 
 7.223  46.5  0.0001 
 7.175  46.9286  0.0001 
 7.125  47.2059  0.0001 
 7.075  47.0797  0.0001 
 7.025  47.4841  0.0001 
 6.975  47.4474  0.0001 
 6.96974  47.5  0.0001 
 6.925  47.9146  0.0001 
 6.875  48.3772  0.0001 
 6.84808  48.5  0.0001 
 6.825  48.5561  0.0001 
 6.775  48.7174  0.0001 
 6.74038  49.5  0.0001 
 6.725  49.6702  0.0001 
 6.70236  49.5  0.0001 
 6.675  49.1329  0.0001 
 6.64205  49.5  0.0001 
 6.625  49.6442  0.0001 
 6.575  49.8333  0.0001 
 6.525  50.1154  0.0001 
 6.475  50.442  0.0001 
 6.467  50.5  0.0001 
 6.425  50.7308  0.0001 
 6.38232  51.5  0.0001 
 6.375  51.5645  0.0001 
 6.325  51.5164  0.0001 
 6.275  52.0397  0.0001 
 6.225  52.1484  0.0001 
 6.18598  52.5  0.0001 
 6.175  52.5865  0.0001 
 6.125  52.8846  0.0001 
 6.075  53.1545  0.0001 
 6.0428  53.5  0.0001 
 6.025  53.9468  0.0001 
 5.975  54.2294  0.0001 
 5.925  54.4882  0.0001 
 5.92421  54.5  0.0001 
 5.875  55.1813  0.0001 
 5.85399  55.5  0.0001 
 5.825  55.8636  0.0001 
 5.775  56.2212  0.0001 
 5.75486  56.5  0.0001 
 5.725  56.9886  0.0001 
 5.70027  57.5  0.0001 
 5.675  58.1389  0.0001 
 5.66132  58.5  0.0001 
 5.625  59.25  0.0001 
 5.6125  59.5  0.0001 
 5.5899  60.5  0.0001 
 5.57686  61.5  0.0001 
 5.575  61.7727  0.0001 
 5.56389  62.5  0.0001 
 5.537  63.5  0.0001 
 5.53638  64.5  0.0001 
 5.53077  65.5  0.0001 
 5.54534  66.5  0.0001 
 5.53825  67.5  0.0001 
 5.55217  68.5  0.0001 
 5.56742  69.5  0.0001 
 5.575  69.7941  0.0001 
 5.59764  70.5  0.0001 
 5.60567  71.5  0.0001 
 5.625  72.1591  0.0001 
 5.65179  72.5  0.0001 
 5.675  72.7453  0.0001 
 5.725  73.3947  0.0001 
 5.73534  73.5  0.0001 

 9.965  28.5  0.0001 
 9.975  28.6887  0.0001 
 9.98443  28.5  0.0001 
 9.975  27.9737  0.0001 
 9.95948  27.5  0.0001 
 9.975  26.8077  0.0001 
 9.979  26.5  0.0001 

 9.979  26.5  0.0001 
 9.975  26.3571  0.0001 
 9.93629  25.5  0.0001 
 9.95132  24.5  0.0001 
 9.925  23.6667  0.0001 
 9.875  23.6875  0.0001 
 9.86643  23.5  0.0001 
 9.86364  22.5  0.0001 
 9.84342  21.5  0.0001 
 9.825  20.7222  0.0001 
 9.80909  21.5  0.0001 
 9.77689  22.5  0.0001 
 9.775  22.5455  0.0001 
 9.77273  22.5  0.0001 
 9.725  21.7222  0.0001 
 9.675  21.6333  0.0001 
 9.64545  22.5  0.0001 
 9.625  22.6579  0.0001 
 9.575  22.8409  0.0001 
 9.53684  23.5  0.0001 
 9.525  23.6429  0.0001 
 9.475  24.3182  0.0001 
 9.46875  24.5  0.0001 
 9.425  25.0185  0.0001 
 9.399  25.5  0.0001 
 9.375  25.98  0.0001 
 9.34734  26.5  0.0001 
 9.34329  27.5  0.0001 
 9.325  27.6829  0.0001 
 9.28092  28.5  0.0001 
 9.275  28.6429  0.0001 
 9.24207  29.5  0.0001 
 9.225  30.1364  0.0001 
 9.19643  30.5  0.0001 
 9.175  30.7553  0.0001 
 9.15167  31.5  0.0001 
 9.125  32.0128  0.0001 
 9.10479  32.5  0.0001 
 9.075  33.2089  0.0001 
 9.05758  33.5  0.0001 
 9.027  34.5  0.0001 
 9.025  34.6333  0.0001 
 9.00588  35.5  0.0001 
 9.00714  36.5  0.0001 
 8.975  37.0806  0.0001 
 8.962  37.5  0.0001 
 8.925  38.1981  0.0001 
 8.90682  38.5  0.0001 
 8.89886  39.5  0.0001 
 8.87794  40.5  0.0001 
 8.875  40.6333  0.0001 
 8.85915  41.5  0.0001 
 8.87237  42.5  0.0001 
 8.875  42.5263  0.0001 
 8.91705  43.5  0.0001 
 8.925  43.6489  0.0001 
 8.93629  43.5  0.0001 
 8.975  42.7258  0.0001 
 9.023  43.5  0.0001 
 9.025  43.5167  0.0001 
 9.02632  43.5  0.0001 
 9.025  43.4  0.0001 
 8.99687  42.5  0.0001 
 9.025  42.2429  0.0001 
 9.075  42.2083  0.0001 
 9.125  41.9815  0.0001 
 9.15455  41.5  0.0001 
 9.175  41.2273  0.0001 
 9.20714  41.5  0.0001 
 9.225  41.6389  0.0001 
 9.23564  41.5  0.0001 
 9.275  40.7128  0.0001 
 9.325  40.7857  0.0001 
 9.34352  40.5  0.0001 
 9.375  39.6707  0.0001 
 9.39342  39.5  0.0001 
 9.425  39.125  0.0001 
 9.475  38.9259  0.0001 
 9.50526  38.5  0.0001 
 9.525  38.1809  0.0001 
 9.575  37.58  0.0001 
 9.58125  37.5  0.0001 
 9.625  36.9167  0.0001 
 9.64583  36.5  0.0001 
 9.67  35.5  0.0001 
 9.675  35.4326  0.0001 
 9.725  35.1264  0.0001 
 9.763  34.5  0.0001 
 9.775  34.117  0.0001 
 9.825  33.5159  0.0001 
 9.82583  33.5  0.0001 
 9.84597  32.5  0.0001 
 9.86818  31.5  0.0001 
 9.86136  30.5  0.0001 
 9.875  30.3095  0.0001 
 9.91042  29.5  0.0001 
 9.9095  28.5  0.0001 
 9.925  27.8333  0.0001 
 9.965  28.5  0.0001 

 9.97579  22.5  0.0001 
 9.975  22.4231  0.0001 
 9.973  22.5  0.0001 
 9.94167  23.5  0.0001 
 9.975  23.8077  0.0001 
 9.97833  23.5  0.0001 
 9.97579  22.5  0.0001 


# Contour 5, label:    5e-05
 5.575  71.625  5e-05 
 5.59722  72.5  5e-05 
 5.625  73.1481  5e-05 
 5.65776  73.5  5e-05 
 5.675  73.7128  5e-05 
 5.70991  74.5  5e-05 
 5.725  75.14  5e-05 
 5.775  75.1471  5e-05 
 5.825  75.5  5e-05 
 5.875  75.7439  5e-05 
 5.925  75.8167  5e-05 
 5.95294  75.5  5e-05 
 5.975  75.1809  5e-05 
 6.025  75.3182  5e-05 
 6.075  75.1341  5e-05 
 6.125  74.7766  5e-05 
 6.151  74.5  5e-05 
 6.175  74.1471  5e-05 
 6.21048  73.5  5e-05 
 6.225  73.375  5e-05 
 6.275  73.1129  5e-05 
 6.325  72.5  5e-05 
 6.375  72.2273  5e-05 
 6.40904  71.5  5e-05 
 6.425  71.3077  5e-05 
 6.475  71.1481  5e-05 
 6.52105  70.5  5e-05 
 6.525  70.4444  5e-05 
 6.575  70.1786  5e-05 
 6.60893  69.5  5e-05 
 6.625  69.35  5e-05 
 6.6675  68.5  5e-05 
 6.675  68.14  5e-05 
 6.725  68.1136  5e-05 
 6.76591  67.5  5e-05 
 6.775  67.2447  5e-05 
 6.825  66.7  5e-05 
 6.83594  66.5  5e-05 
 6.875  66.1212  5e-05 
 6.91368  65.5  5e-05 
 6.925  65.2447  5e-05 
 6.97105  64.5  5e-05 
 6.975  64.4647  5e-05 
 7.025  63.5  5e-05 
 7.075  63.2736  5e-05 
 7.11368  62.5  5e-05 
 7.125  62.3182  5e-05 
 7.17  61.5  5e-05 
 7.175  61.4  5e-05 
 7.225  60.5  5e-05 
 7.275  59.9062  5e-05 
 7.29531  59.5  5e-05 
 7.325  59.2286  5e-05 
 7.35728  58.5  5e-05 
 7.375  58.0088  5e-05 
 7.425  57.8448  5e-05 
 7.44062  57.5  5e-05 
 7.475  56.9211  5e-05 
 7.49786  56.5  5e-05 
 7.525  55.6739  5e-05 
 7.55357  55.5  5e-05 
 7.575  55.4143  5e-05 
 7.61711  54.5  5e-05 
 7.625  54.26  5e-05 
 7.66818  53.5  5e-05 
 7.675  53.38  5e-05 
 7.71048  52.5  5e-05 
 7.725  52.2429  5e-05 
 7.775  51.9  5e-05 
 7.80625  51.5  5e-05 
 7.825  51.4268  5e-05 
 7.875  50.8636  5e-05 
 7.907  50.5  5e-05 
 7.925  50.375  5e-05 
 7.975  50.1667  5e-05 
 8.025  49.625  5e-05 
 8.05357  49.5  5e-05 
 8.075  49.3636  5e-05 
 8.1  48.5  5e-05 
 8.125  48.1833  5e-05 
 8.175  48.1809  5e-05 
 8.20904  47.5  5e-05 
 8.225  47.0588  5e-05 
 8.263  46.5  5e-05 
 8.275  46.3723  5e-05 
 8.31862  45.5  5e-05 
 8.325  45.1842  5e-05 
 8.34531  44.5  5e-05 
 8.375  43.8448  5e-05 
 8.41346  43.5  5e-05 
 8.40294  42.5  5e-05 
 8.40893  41.5  5e-05 
 8.425  41.14  5e-05 
 8.475  40.9  5e-05 
 8.525  41.5  5e-05 

 8.525  41.5  5e-05 
 8.49038  40.5  5e-05 
 8.475  40.2895  5e-05 
 8.425  39.7727  5e-05 
 8.375  39.6034  5e-05 
 8.36983  39.5  5e-05 
 8.375  39.0714  5e-05 
 8.3837  38.5  5e-05 
 8.375  38.3462  5e-05 
 8.325  38.0429  5e-05 
 8.275  38.0366  5e-05 
 8.225  37.7903  5e-05 
 8.175  37.5  5e-05 
 8.125  37.7308  5e-05 
 8.075  38.06  5e-05 
 8.025  37.98  5e-05 
 7.975  38.1  5e-05 
 7.955  38.5  5e-05 
 7.925  38.783  5e-05 
 7.875  38.5  5e-05 
 7.825  39.0849  5e-05 
 7.78571  39.5  5e-05 
 7.775  39.6714  5e-05 
 7.725  40  5e-05 
 7.675  40.12  5e-05 
 7.65341  40.5  5e-05 
 7.62866  41.5  5e-05 
 7.625  41.5353  5e-05 
 7.575  41.74  5e-05 
 7.525  42.1  5e-05 
 7.51071  42.5  5e-05 
 7.475  43.5  5e-05 
 7.425  43.5682  5e-05 
 7.375  44.2368  5e-05 
 7.34868  44.5  5e-05 
 7.325  44.7368  5e-05 
 7.275  45.12  5e-05 
 7.225  45.5  5e-05 
 7.175  45.9583  5e-05 
 7.125  45.9583  5e-05 
 7.075  46.2368  5e-05 
 7.05227  46.5  5e-05 
 7.025  46.6905  5e-05 
 6.975  46.7895  5e-05 
 6.925  47.1364  5e-05 
 6.875  47.5  5e-05 
 6.825  47.5  5e-05 
 6.775  47.9697  5e-05 
 6.725  48.0606  5e-05 
 6.675  48.5  5e-05 
 6.625  48.9444  5e-05 
 6.575  48.7571  5e-05 
 6.54792  49.5  5e-05 
 6.525  49.688  5e-05 
 6.475  49.7174  5e-05 
 6.425  49.8409  5e-05 
 6.375  50.3947  5e-05 
 6.36447  50.5  5e-05 
 6.325  50.7381  5e-05 
 6.275  51.0789  5e-05 
 6.243  51.5  5e-05 
 6.225  51.5989  5e-05 
 6.175  51.9306  5e-05 
 6.125  52.1552  5e-05 
 6.10938  52.5  5e-05 
 6.075  52.7  5e-05 
 6.025  52.8409  5e-05 
 5.98963  53.5  5e-05 
 5.975  53.6412  5e-05 
 5.925  53.9  5e-05 
 5.88452  54.5  5e-05 
 5.875  54.6319  5e-05 
 5.825  55.2561  5e-05 
 5.81071  55.5  5e-05 
 5.775  55.7404  5e-05 
 5.725  56.3293  5e-05 
 5.71406  56.5  5e-05 
 5.675  57.3621  5e-05 
 5.66447  57.5  5e-05 
 5.635  58.5  5e-05 
 5.625  58.7065  5e-05 
 5.58533  59.5  5e-05 
 5.575  60  5e-05 
 5.55917  60.5  5e-05 
 5.525  61.3039  5e-05 
 5.51667  61.5  5e-05 
 5.525  62.125  5e-05 
 5.52917  62.5  5e-05 
 5.525  62.6875  5e-05 
 5.50643  63.5  5e-05 
 5.50636  64.5  5e-05 
 5.49967  65.5  5e-05 
 5.50093  66.5  5e-05 
 5.50183  67.5  5e-05 
 5.525  68.5  5e-05 
 5.52955  69.5  5e-05 
 5.54329  70.5  5e-05 
 5.5681  71.5  5e-05 
 5.575  71.625  5e-05 

 8.5319  39.5  5e-05 
 8.525  39.1  5e-05 
 8.51447  39.5  5e-05 
 8.525  39.8077  5e-05 
 8.5319  39.5  5e-05 

 8.58594  48.5  5e-05 
 8.575  47.8  5e-05 
 8.565  48.5  5e-05 
 8.575  48.6458  5e-05 
 8.58594  48.5  5e-05 

 9.94605  18.5  5e-05 
 9.925  18.1596  5e-05 
 9.89643  18.5  5e-05 
 9.925  19.2273  5e-05 
 9.94605  18.5  5e-05 

 10.025  19.5  5e-05 

 9.65183  37.5  5e-05 
 9.675  37.0366  5e-05 
 9.725  36.5  5e-05 
 9.74318  35.5  5e-05 
 9.775  35.0333  5e-05 
 9.81136  34.5  5e-05 
 9.825  34.3095  5e-05 
 9.8675  33.5  5e-05 
 9.875  33.2805  5e-05 
 9.91402  32.5  5e-05 
 9.925  32.2955  5e-05 
 9.975  32.5  5e-05 
 9.96223  31.5  5e-05 
 9.975  31.2073  5e-05 
 10.0019  30.5  5e-05 
 10.01  29.5  5e-05 
 10.025  29.2  5e-05 
 10.0371  28.5  5e-05 
 10.0421  27.5  5e-05 
 10.0327  26.5  5e-05 
 10.0452  25.5  5e-05 
 10.075  24.625  5e-05 
 10.0799  24.5  5e-05 

 10.0799  24.5  5e-05 
 10.075  24.3857  5e-05 
 10.025  23.74  5e-05 
 10.02  23.5  5e-05 
 10.0155  22.5  5e-05 
 10.025  21.5  5e-05 
 9.975  20.783  5e-05 
 9.945  20.5  5e-05 
 9.925  19.875  5e-05 
 9.91136  19.5  5e-05 
 9.875  18.9286  5e-05 
 9.825  18.9737  5e-05 
 9.775  18.5  5e-05 
 9.725  18.86  5e-05 
 9.68864  19.5  5e-05 
 9.675  19.6277  5e-05 
 9.625  19.8409  5e-05 
 9.58357  20.5  5e-05 
 9.575  20.6875  5e-05 
 9.53017  21.5  5e-05 
 9.525  21.5682  5e-05 
 9.51711  21.5  5e-05 
 9.475  21.0789  5e-05 
 9.45798  21.5  5e-05 
 9.475  22.14  5e-05 
 9.484  22.5  5e-05 
 9.475  22.7195  5e-05 
 9.425  23.1818  5e-05 
 9.415  23.5  5e-05 
 9.375  24.375  5e-05 
 9.3625  24.5  5e-05 
 9.325  25.0455  5e-05 
 9.30776  25.5  5e-05 
 9.28357  26.5  5e-05 
 9.275  26.875  5e-05 
 9.255  27.5  5e-05 
 9.23632  28.5  5e-05 
 9.225  28.8529  5e-05 
 9.18952  29.5  5e-05 
 9.175  29.6915  5e-05 
 9.125  29.9314  5e-05 
 9.08963  30.5  5e-05 
 9.09868  31.5  5e-05 
 9.07819  32.5  5e-05 
 9.075  32.5759  5e-05 
 9.025  32.5  5e-05 
 9.00909  33.5  5e-05 
 8.97794  34.5  5e-05 
 8.975  34.5938  5e-05 
 8.93963  35.5  5e-05 
 8.925  35.8529  5e-05 
 8.881  36.5  5e-05 
 8.875  36.62  5e-05 
 8.831  37.5  5e-05 
 8.825  37.5588  5e-05 
 8.7869  38.5  5e-05 
 8.78523  39.5  5e-05 
 8.775  39.7045  5e-05 
 8.725  40.2368  5e-05 
 8.68654  40.5  5e-05 
 8.675  41.5  5e-05 
 8.649  42.5  5e-05 
 8.625  43.1316  5e-05 
 8.60909  43.5  5e-05 
 8.59375  44.5  5e-05 
 8.625  45.2692  5e-05 
 8.64062  44.5  5e-05 
 8.675  43.5  5e-05 
 8.7  44.5  5e-05 
 8.7125  45.5  5e-05 
 8.725  45.6379  5e-05 
 8.74038  45.5  5e-05 
 8.76429  44.5  5e-05 
 8.775  44.2857  5e-05 
 8.79375  44.5  5e-05 
 8.825  44.8125  5e-05 
 8.875  45.5  5e-05 
 8.925  45.125  5e-05 
 8.975  45.2692  5e-05 
 9.00132  44.5  5e-05 
 9.025  44.35  5e-05 
 9.075  44.0909  5e-05 
 9.125  43.6053  5e-05 
 9.1375  43.5  5e-05 
 9.175  43.0714  5e-05 
 9.20357  42.5  5e-05 
 9.225  42.3333  5e-05 
 9.275  42.1842  5e-05 
 9.325  41.5  5e-05 
 9.375  41.14  5e-05 
 9.41711  40.5  5e-05 
 9.425  40.4268  5e-05 
 9.475  40  5e-05 
 9.5  39.5  5e-05 
 9.525  39.1481  5e-05 
 9.575  38.625  5e-05 
 9.58026  38.5  5e-05 
 9.625  37.8929  5e-05 
 9.65183  37.5  5e-05 


# Contour 6, label:    1e-05
 5.56786  73.5  1e-05 
 5.525  73.0385  1e-05 
 5.50192  73.5  1e-05 
 5.525  74.1  1e-05 
 5.56786  73.5  1e-05 

 5.7625  77.5  1e-05 
 5.725  76.75  1e-05 
 5.70357  77.5  1e-05 
 5.725  77.9286  1e-05 
 5.7625  77.5  1e-05 

 8.1125  55.5  1e-05 
 8.075  54.75  1e-05 
 8.05357  55.5  1e-05 
 8.075  55.7308  1e-05 
 8.1125  55.5  1e-05 

 8.10357  50.5  1e-05 
 8.075  50.4024  1e-05 
 8.0625  50.5  1e-05 
 8.075  50.9  1e-05 
 8.10357  50.5  1e-05 

 8.3125  53.5  1e-05 
 8.275  52.75  1e-05 
 8.225  52.75  1e-05 
 8.20357  53.5  1e-05 
 8.225  53.9286  1e-05 
 8.275  53.8  1e-05 
 8.3125  53.5  1e-05 

 8.435  46.5  1e-05 
 8.425  46.3409  1e-05 
 8.4125  46.5  1e-05 
 8.425  47.2  1e-05 
 8.435  46.5  1e-05 

 8.4625  34.5  1e-05 
 8.425  34.2692  1e-05 
 8.40357  34.5  1e-05 
 8.425  35.25  1e-05 
 8.4625  34.5  1e-05 

 8.48  49.5  1e-05 
 8.475  49.4474  1e-05 
 8.46786  49.5  1e-05 
 8.475  49.6429  1e-05 
 8.48  49.5  1e-05 

 8.54375  53.5  1e-05 
 8.525  52.9  1e-05 
 8.49643  52.5  1e-05 
 8.475  52.0714  1e-05 
 8.4375  52.5  1e-05 
 8.475  52.8  1e-05 
 8.50192  53.5  1e-05 
 8.525  53.875  1e-05 
 8.54375  53.5  1e-05 

 8.63654  52.5  1e-05 
 8.625  51.75  1e-05 
 8.61346  52.5  1e-05 
 8.625  52.8  1e-05 
 8.63654  52.5  1e-05 

 8.63  36.5  1e-05 
 8.625  36.3571  1e-05 
 8.62187  36.5  1e-05 
 8.625  36.6429  1e-05 
 8.63  36.5  1e-05 

 8.75357  35.5  1e-05 
 8.725  34.9286  1e-05 
 8.7125  35.5  1e-05 
 8.72  36.5  1e-05 
 8.725  36.5526  1e-05 
 8.7375  36.5  1e-05 
 8.75357  35.5  1e-05 

 8.78654  31.5  1e-05 
 8.775  31.0714  1e-05 
 8.7375  31.5  1e-05 
 8.775  31.8  1e-05 
 8.78654  31.5  1e-05 

 8.8625  49.5  1e-05 
 8.825  48.75  1e-05 
 8.80357  49.5  1e-05 
 8.825  49.7308  1e-05 
 8.8625  49.5  1e-05 

 8.89375  48.5  1e-05 
 8.875  47.9  1e-05 
 8.83214  48.5  1e-05 
 8.875  49.3571  1e-05 
 8.89375  48.5  1e-05 

 9.005  27.5  1e-05 
 8.975  27.125  1e-05 
 8.95192  27.5  1e-05 
 8.975  27.875  1e-05 
 9.005  27.5  1e-05 

 9.29643  20.5  1e-05 
 9.275  20.2692  1e-05 
 9.26  20.5  1e-05 
 9.275  20.9286  1e-05 
 9.29643  20.5  1e-05 

 9.32885  23.5  1e-05 
 9.325  23.3571  1e-05 
 9.31786  23.5  1e-05 
 9.325  23.5345  1e-05 
 9.32885  23.5  1e-05 

 9.67885  16.5  1e-05 
 9.675  16.25  1e-05 
 9.66786  16.5  1e-05 
 9.675  16.5455  1e-05 
 9.67885  16.5  1e-05 

 9.87885  15.5  1e-05 
 9.875  15.25  1e-05 
 9.87187  15.5  1e-05 
 9.875  15.5625  1e-05 
 9.87885  15.5  1e-05 

 9.89375  12.5  1e-05 
 9.875  12.0385  1e-05 
 9.85192  12.5  1e-05 
 9.875  12.9615  1e-05 
 9.89375  12.5  1e-05 

 10.0125  13.5  1e-05 
 9.975  13.2692  1e-05 
 9.9375  13.5  1e-05 
 9.975  13.9286  1e-05 
 10.0125  13.5  1e-05 

 10.0875  17.5  1e-05 
 10.075  17.3571  1e-05 
 10.0679  17.5  1e-05 
 10.075  17.5263  1e-05 
 10.0875  17.5  1e-05 

 10.14  13.5  1e-05 
 10.125  13.0714  1e-05 
 10.1036  13.5  1e-05 
 10.125  13.9286  1e-05 
 10.14  13.5  1e-05 

 9.89  35.5  1e-05 
 9.925  35.1818  1e-05 
 9.95909  34.5  1e-05 
 9.95962  33.5  1e-05 
 9.975  33.4091  1e-05 
 10.0176  32.5  1e-05 
 10.025  32.25  1e-05 
 10.06  32.5  1e-05 
 10.075  32.7308  1e-05 
 10.09  32.5  1e-05 
 10.09  31.5  1e-05 
 10.1031  30.5  1e-05 
 10.125  30.0625  1e-05 
 10.17  29.5  1e-05 
 10.175  29.25  1e-05 
 10.19  28.5  1e-05 
 10.175  28.0714  1e-05 
 10.155  27.5  1e-05 
 10.175  27.3182  1e-05 
 10.2036  27.5  1e-05 
 10.225  27.8  1e-05 
 10.2365  27.5  1e-05 
 10.225  27.0714  1e-05 
 10.2159  26.5  1e-05 
 10.1987  25.5  1e-05 
 10.225  24.7308  1e-05 
 10.2464  24.5  1e-05 
 10.275  23.9286  1e-05 
 10.3125  23.5  1e-05 

 7.467  58.5  1e-05 
 7.475  58.3182  1e-05 
 7.525  58.4  1e-05 
 7.575  57.9615  1e-05 
 7.59808  57.5  1e-05 
 7.625  56.8  1e-05 
 7.63654  56.5  1e-05 
 7.675  55.7308  1e-05 
 7.7125  55.5  1e-05 
 7.71591  54.5  1e-05 
 7.725  54.2895  1e-05 
 7.775  54.4545  1e-05 
 7.80887  53.5  1e-05 
 7.825  53.2368  1e-05 
 7.875  53.3621  1e-05 
 7.92308  52.5  1e-05 
 7.925  52.25  1e-05 
 7.9625  51.5  1e-05 
 7.975  51.4545  1e-05 
 8.025  51.4231  1e-05 
 8.03214  51.5  1e-05 
 8.045  52.5  1e-05 
 8.075  53.1  1e-05 
 8.125  53.25  1e-05 
 8.1625  52.5  1e-05 
 8.175  52.4  1e-05 
 8.225  52.3571  1e-05 
 8.275  52.3571  1e-05 
 8.28214  52.5  1e-05 
 8.325  53.3571  1e-05 
 8.355  52.5  1e-05 
 8.375  51.9286  1e-05 
 8.4125  51.5  1e-05 
 8.375  50.75  1e-05 
 8.325  51.0714  1e-05 
 8.275  50.9  1e-05 
 8.225  50.6429  1e-05 
 8.175  50.9375  1e-05 
 8.14  50.5  1e-05 
 8.175  49.9615  1e-05 
 8.225  50.3571  1e-05 
 8.275  49.9286  1e-05 
 8.29643  49.5  1e-05 
 8.317  48.5  1e-05 
 8.325  48.2895  1e-05 
 8.345  48.5  1e-05 
 8.345  49.5  1e-05 
 8.375  50.3571  1e-05 
 8.38214  50.5  1e-05 
 8.425  51.3571  1e-05 
 8.475  51.1  1e-05 
 8.525  50.7308  1e-05 
 8.5625  50.5  1e-05 
 8.57  49.5  1e-05 
 8.575  49.4792  1e-05 
 8.5875  49.5  1e-05 
 8.625  49.9286  1e-05 
 8.6625  49.5  1e-05 
 8.66447  48.5  1e-05 
 8.675  48.375  1e-05 
 8.725  48.4688  1e-05 
 8.775  48.4  1e-05 
 8.80962  47.5  1e-05 
 8.825  47.4024  1e-05 
 8.875  47.3621  1e-05 
 8.925  47.1923  1e-05 
 8.975  47.2812  1e-05 
 9.025  47.4  1e-05 
 9.04868  46.5  1e-05 
 9.05312  45.5  1e-05 
 9.075  45.3158  1e-05 
 9.125  45.1  1e-05 
 9.15357  45.5  1e-05 
 9.175  45.7308  1e-05 
 9.2125  45.5  1e-05 
 9.225  45.25  1e-05 
 9.2625  44.5  1e-05 
 9.275  44.4474  1e-05 
 9.31591  43.5  1e-05 
 9.325  43.1  1e-05 
 9.375  43.1  1e-05 
 9.425  43.25  1e-05 
 9.475  42.7308  1e-05 
 9.48654  42.5  1e-05 
 9.525  41.7308  1e-05 
 9.5625  41.5  1e-05 
 9.575  41.25  1e-05 
 9.59643  40.5  1e-05 
 9.625  40.1  1e-05 
 9.64808  39.5  1e-05 
 9.675  39.25  1e-05 
 9.725  39.0625  1e-05 
 9.75313  38.5  1e-05 
 9.77115  37.5  1e-05 
 9.775  37.4231  1e-05 
 9.825  36.9286  1e-05 
 9.8625  36.5  1e-05 
 9.875  36.25  1e-05 
 9.89  35.5  1e-05 

 5.725  55.0385  1e-05 
 5.695  55.5  1e-05 
 5.675  55.7105  1e-05 
 5.62812  56.5  1e-05 
 5.625  56.5385  1e-05 
 5.575  57.0385  1e-05 
 5.55625  57.5  1e-05 
 5.56346  58.5  1e-05 
 5.533  59.5  1e-05 
 5.52583  60.5  1e-05 
 5.525  60.5196  1e-05 
 5.48333  61.5  1e-05 
 5.475  62.125  1e-05 
 5.45625  62.5  1e-05 
 5.475  63.1  1e-05 
 5.47786  63.5  1e-05 
 5.475  64.0714  1e-05 
 5.46346  64.5  1e-05 
 5.46  65.5  1e-05 
 5.44342  66.5  1e-05 
 5.439  67.5  1e-05 
 5.475  68.4474  1e-05 
 5.47622  68.5  1e-05 
 5.475  68.75  1e-05 
 5.46  69.5  1e-05 
 5.46  70.5  1e-05 
 5.475  71.25  1e-05 
 5.47812  71.5  1e-05 
 5.525  72.1818  1e-05 
 5.54342  72.5  1e-05 
 5.575  73.4231  1e-05 
 5.57727  73.5  1e-05 
 5.59773  74.5  1e-05 
 5.625  75.4231  1e-05 
 5.6375  75.5  1e-05 
 5.675  75.9286  1e-05 
 5.725  76.4688  1e-05 
 5.72885  76.5  1e-05 
 5.775  77.4231  1e-05 
 5.825  77.25  1e-05 
 5.84687  77.5  1e-05 
 5.875  77.9737  1e-05 
 5.925  77.8  1e-05 
 5.94643  77.5  1e-05 
 5.925  76.75  1e-05 
 5.92  76.5  1e-05 
 5.925  76.4833  1e-05 
 5.975  76.4615  1e-05 
 5.98  76.5  1e-05 
 6.025  77.1923  1e-05 
 6.05962  76.5  1e-05 
 6.075  76.3621  1e-05 
 6.125  76.3571  1e-05 
 6.13  76.5  1e-05 
 6.175  77.0625  1e-05 
 6.19868  76.5  1e-05 
 6.225  76.1  1e-05 
 6.25909  75.5  1e-05 
 6.275  75.3158  1e-05 
 6.325  74.8  1e-05 
 6.34643  74.5  1e-05 
 6.375  74.1923  1e-05 
 6.425  73.9286  1e-05 
 6.44  73.5  1e-05 
 6.45887  72.5  1e-05 
 6.475  72.1774  1e-05 
 6.525  71.875  1e-05 
 6.54808  71.5  1e-05 
 6.575  71.3158  1e-05 
 6.625  71.4375  1e-05 
 6.65909  70.5  1e-05 
 6.675  70.0625  1e-05 
 6.725  69.8  1e-05 
 6.74643  69.5  1e-05 
 6.775  69.1  1e-05 
 6.805  68.5  1e-05 
 6.825  68.25  1e-05 
 6.875  67.9286  1e-05 
 6.88654  67.5  1e-05 
 6.925  66.7308  1e-05 
 6.94643  66.5  1e-05 
 6.975  66.3182  1e-05 
 7.025  65.7308  1e-05 
 7.04643  65.5  1e-05 
 7.075  65.3182  1e-05 
 7.111  64.5  1e-05 
 7.125  64.1316  1e-05 
 7.17115  63.5  1e-05 
 7.175  63.4474  1e-05 
 7.22237  62.5  1e-05 
 7.225  62.4615  1e-05 
 7.275  62.4  1e-05 
 7.325  61.8  1e-05 
 7.3625  61.5  1e-05 
 7.3625  60.5  1e-05 
 7.375  60.4  1e-05 
 7.42  59.5  1e-05 
 7.425  59.4545  1e-05 
 7.467  58.5  1e-05 

 8.4875  34.5  1e-05 
 8.525  34.9286  1e-05 
 8.54038  35.5  1e-05 
 8.525  35.9  1e-05 
 8.475  35.5385  1e-05 
 8.42692  36.5  1e-05 
 8.425  36.5345  1e-05 
 8.42188  36.5  1e-05 
 8.375  35.5625  1e-05 
 8.3625  35.5  1e-05 
 8.325  34.75  1e-05 
 8.32  34.5  1e-05 
 8.275  33.8077  1e-05 
 8.23  34.5  1e-05 
 8.275  35.4  1e-05 
 8.2875  35.5  1e-05 
 8.275  35.6429  1e-05 
 8.225  35.7105  1e-05 
 8.19643  35.5  1e-05 
 8.175  35.2  1e-05 
 8.15357  35.5  1e-05 
 8.125  35.8077  1e-05 
 8.075  36.2  1e-05 
 8.025  35.75  1e-05 
 8.01786  35.5  1e-05 
 7.975  35.125  1e-05 
 7.925  35.0714  1e-05 
 7.91  35.5  1e-05 
 7.895  36.5  1e-05 
 7.875  37.0714  1e-05 
 7.825  37.2  1e-05 
 7.81346  37.5  1e-05 
 7.775  37.9  1e-05 
 7.74091  38.5  1e-05 
 7.725  38.75  1e-05 
 7.675  38.6  1e-05 
 7.625  39.0714  1e-05 
 7.61  39.5  1e-05 
 7.575  39.8182  1e-05 
 7.53553  40.5  1e-05 
 7.525  40.6379  1e-05 
 7.475  41.2  1e-05 
 7.45357  41.5  1e-05 
 7.425  41.6818  1e-05 
 7.375  41.75  1e-05 
 7.32885  42.5  1e-05 
 7.325  42.5385  1e-05 
 7.31786  42.5  1e-05 
 7.275  42.125  1e-05 
 7.225  41.9375  1e-05 
 7.20132  42.5  1e-05 
 7.175  43.125  1e-05 
 7.15625  43.5  1e-05 
 7.12812  44.5  1e-05 
 7.125  44.5526  1e-05 
 7.075  44.5769  1e-05 
 7.025  44.5455  1e-05 
 7.0125  44.5  1e-05 
 6.975  44.2  1e-05 
 6.95357  44.5  1e-05 
 6.925  44.9  1e-05 
 6.88214  45.5  1e-05 
 6.875  45.6  1e-05 
 6.8625  45.5  1e-05 
 6.825  45.2692  1e-05 
 6.81346  45.5  1e-05 
 6.78214  46.5  1e-05 
 6.775  46.6  1e-05 
 6.725  46.75  1e-05 
 6.675  46.9375  1e-05 
 6.65132  47.5  1e-05 
 6.625  47.9545  1e-05 
 6.575  47.5312  1e-05 
 6.5625  47.5  1e-05 
 6.525  47.2692  1e-05 
 6.51346  47.5  1e-05 
 6.475  48.2692  1e-05 
 6.45357  48.5  1e-05 
 6.425  48.6379  1e-05 
 6.375  48.9  1e-05 
 6.35625  49.5  1e-05 
 6.325  49.7857  1e-05 
 6.275  49.78  1e-05 
 6.225  50.2692  1e-05 
 6.21  50.5  1e-05 
 6.175  50.9375  1e-05 
 6.125  50.66  1e-05 
 6.0875  51.5  1e-05 
 6.075  51.78  1e-05 
 6.025  51.7188  1e-05 
 5.975  52.2692  1e-05 
 5.925  52.0385  1e-05 
 5.90192  52.5  1e-05 
 5.895  53.5  1e-05 
 5.875  53.625  1e-05 
 5.825  53.9375  1e-05 
 5.80132  54.5  1e-05 
 5.775  54.9  1e-05 
 5.725  55.0385  1e-05 

 10.3125  23.5  1e-05 
 10.275  23.0714  1e-05 
 10.225  23.0714  1e-05 
 10.175  22.9  1e-05 
 10.1659  22.5  1e-05 
 10.175  22.1  1e-05 
 10.205  21.5  1e-05 
 10.175  20.6429  1e-05 
 10.1719  20.5  1e-05 
 10.175  20.4231  1e-05 
 10.225  20.25  1e-05 
 10.2365  19.5  1e-05 
 10.2481  18.5  1e-05 
 10.2365  17.5  1e-05 
 10.225  17.2  1e-05 
 10.19  16.5  1e-05 
 10.175  15.75  1e-05 
 10.16  16.5  1e-05 
 10.175  16.9286  1e-05 
 10.2036  17.5  1e-05 
 10.1821  18.5  1e-05 
 10.175  18.5769  1e-05 
 10.17  18.5  1e-05 
 10.1464  17.5  1e-05 
 10.125  17.2  1e-05 
 10.0981  16.5  1e-05 
 10.1125  15.5  1e-05 
 10.075  14.9545  1e-05 
 10.0434  15.5  1e-05 
 10.025  15.9375  1e-05 
 10.0013  16.5  1e-05 
 9.975  17.2692  1e-05 
 9.94868  16.5  1e-05 
 9.97115  15.5  1e-05 
 9.925  14.5769  1e-05 
 9.9125  14.5  1e-05 
 9.875  14.2  1e-05 
 9.825  13.75  1e-05 
 9.805  13.5  1e-05 
 9.775  13.0385  1e-05 
 9.745  13.5  1e-05 
 9.775  14.1  1e-05 
 9.7875  14.5  1e-05 
 9.775  14.75  1e-05 
 9.74643  14.5  1e-05 
 9.725  14.0714  1e-05 
 9.71  14.5  1e-05 
 9.675  15.2  1e-05 
 9.625  14.75  1e-05 
 9.61346  15.5  1e-05 
 9.58214  16.5  1e-05 
 9.59038  17.5  1e-05 
 9.575  17.6818  1e-05 
 9.525  17.6  1e-05 
 9.48  18.5  1e-05 
 9.475  18.6429  1e-05 
 9.425  18.75  1e-05 
 9.3875  19.5  1e-05 
 9.39688  20.5  1e-05 
 9.375  21.0385  1e-05 
 9.345  21.5  1e-05 
 9.325  21.9  1e-05 
 9.275  21.7105  1e-05 
 9.23553  22.5  1e-05 
 9.23214  23.5  1e-05 
 9.225  23.6429  1e-05 
 9.2125  23.5  1e-05 
 9.175  23.2692  1e-05 
 9.16346  23.5  1e-05 
 9.175  24.25  1e-05 
 9.18214  24.5  1e-05 
 9.175  24.5625  1e-05 
 9.14091  25.5  1e-05 
 9.125  25.8684  1e-05 
 9.09773  26.5  1e-05 
 9.11  27.5  1e-05 
 9.075  27.9375  1e-05 
 9.03  28.5  1e-05 
 9.0375  29.5  1e-05 
 9.025  29.8077  1e-05 
 8.99687  30.5  1e-05 
 8.975  30.8182  1e-05 
 8.945  31.5  1e-05 
 8.925  32.125  1e-05 
 8.90192  32.5  1e-05 
 8.88  33.5  1e-05 
 8.875  33.5625  1e-05 
 8.825  33.75  1e-05 
 8.775  33.8077  1e-05 
 8.75962  33.5  1e-05 
 8.725  33.0263  1e-05 
 8.69688  33.5  1e-05 
 8.675  34.2  1e-05 
 8.66  34.5  1e-05 
 8.625  35.0385  1e-05 
 8.59808  34.5  1e-05 
 8.575  33.9  1e-05 
 8.525  34.0714  1e-05 
 8.4875  34.5  1e-05 

