
# Surface 0 of 1 surfaces

# Curve title: ""../GalNAc/GNC_2D_NOSum-ONO.txt" using 1:2:4"
# Contour 0, label:    0.004
 6.58074  59.5  0.004 
 6.575  59.0682  0.004 
 6.56256  58.5  0.004 
 6.525  58.25  0.004 
 6.4964  58.5  0.004 
 6.475  58.7247  0.004 
 6.425  58.5058  0.004 
 6.375  59.0212  0.004 
 6.325  59.3139  0.004 
 6.275  59.4908  0.004 
 6.27453  59.5  0.004 
 6.23042  60.5  0.004 
 6.225  60.5776  0.004 
 6.175  61.2509  0.004 
 6.16417  61.5  0.004 
 6.13284  62.5  0.004 
 6.125  62.9675  0.004 
 6.11687  63.5  0.004 
 6.125  63.9409  0.004 
 6.15074  64.5  0.004 
 6.175  64.6526  0.004 
 6.1979  64.5  0.004 
 6.225  64.2245  0.004 
 6.275  63.8412  0.004 
 6.325  63.7184  0.004 
 6.34403  63.5  0.004 
 6.375  63.1638  0.004 
 6.41025  62.5  0.004 
 6.425  62.1131  0.004 
 6.475  62.0305  0.004 
 6.50082  61.5  0.004 
 6.525  61  0.004 
 6.575  60.5635  0.004 
 6.57859  60.5  0.004 
 6.58074  59.5  0.004 


# Contour 1, label:    0.002
 6.93429  55.5  0.002 
 6.925  55.3397  0.002 
 6.875  55.2029  0.002 
 6.825  54.575  0.002 
 6.775  54.5536  0.002 
 6.725  54.5805  0.002 
 6.675  54.6596  0.002 
 6.625  54.7669  0.002 
 6.575  55.0239  0.002 
 6.525  55.1367  0.002 
 6.47593  55.5  0.002 
 6.475  55.5083  0.002 
 6.425  55.8291  0.002 
 6.375  56.0532  0.002 
 6.325  56.4969  0.002 
 6.32462  56.5  0.002 
 6.275  56.9443  0.002 
 6.225  57.4825  0.002 
 6.22284  57.5  0.002 
 6.175  57.9122  0.002 
 6.125  58.4147  0.002 
 6.11921  58.5  0.002 
 6.075  59.1604  0.002 
 6.04038  59.5  0.002 
 6.025  59.6472  0.002 
 5.975  60.4518  0.002 
 5.97231  60.5  0.002 
 5.94442  61.5  0.002 
 5.925  62.0726  0.002 
 5.90453  62.5  0.002 
 5.88294  63.5  0.002 
 5.87572  64.5  0.002 
 5.88068  65.5  0.002 
 5.89572  66.5  0.002 
 5.925  67.4811  0.002 
 5.92688  67.5  0.002 
 5.975  67.8902  0.002 
 6.025  68.2245  0.002 
 6.075  68.1054  0.002 
 6.125  68.04  0.002 
 6.175  67.7418  0.002 
 6.225  67.5225  0.002 
 6.22818  67.5  0.002 
 6.275  67.24  0.002 
 6.325  66.5291  0.002 
 6.33085  66.5  0.002 
 6.375  66.3474  0.002 
 6.425  65.5741  0.002 
 6.4333  65.5  0.002 
 6.475  65.1809  0.002 
 6.51761  64.5  0.002 
 6.525  64.3999  0.002 
 6.575  63.8491  0.002 
 6.60336  63.5  0.002 
 6.625  63.0459  0.002 
 6.675  62.6107  0.002 
 6.6811  62.5  0.002 
 6.725  61.7113  0.002 
 6.73851  61.5  0.002 
 6.775  60.8059  0.002 
 6.79335  60.5  0.002 
 6.825  59.8224  0.002 
 6.84451  59.5  0.002 
 6.875  58.6525  0.002 
 6.88056  58.5  0.002 
 6.90731  57.5  0.002 
 6.925  56.5488  0.002 
 6.92638  56.5  0.002 
 6.93429  55.5  0.002 


# Contour 2, label:    0.001
 7.15155  53.5  0.001 
 7.125  52.8939  0.001 
 7.075  52.569  0.001 
 7.06543  52.5  0.001 
 7.025  52.1329  0.001 
 6.975  52.0037  0.001 
 6.925  51.9933  0.001 
 6.875  52.1501  0.001 
 6.825  52.4333  0.001 
 6.775  52.4176  0.001 
 6.725  52.436  0.001 
 6.71282  52.5  0.001 
 6.675  52.68  0.001 
 6.625  52.9139  0.001 
 6.575  53.2241  0.001 
 6.53866  53.5  0.001 
 6.525  53.5849  0.001 
 6.475  53.8198  0.001 
 6.425  54.1675  0.001 
 6.375  54.4633  0.001 
 6.3713  54.5  0.001 
 6.325  54.8763  0.001 
 6.275  55.1923  0.001 
 6.24873  55.5  0.001 
 6.225  55.7267  0.001 
 6.175  56.2323  0.001 
 6.15117  56.5  0.001 
 6.125  56.7146  0.001 
 6.075  57.1341  0.001 
 6.05132  57.5  0.001 
 6.025  57.9945  0.001 
 5.97554  58.5  0.001 
 5.975  58.5049  0.001 
 5.925  59.1353  0.001 
 5.91084  59.5  0.001 
 5.875  60.382  0.001 
 5.86761  60.5  0.001 
 5.83004  61.5  0.001 
 5.825  61.7718  0.001 
 5.79529  62.5  0.001 
 5.77943  63.5  0.001 
 5.775  64.0667  0.001 
 5.77124  64.5  0.001 
 5.7642  65.5  0.001 
 5.7732  66.5  0.001 
 5.775  66.6429  0.001 
 5.7856  67.5  0.001 
 5.79898  68.5  0.001 
 5.825  68.8517  0.001 
 5.85787  69.5  0.001 
 5.875  69.7685  0.001 
 5.925  70.1853  0.001 
 5.975  70.2169  0.001 
 6.025  70.1867  0.001 
 6.075  70.1246  0.001 
 6.125  69.9051  0.001 
 6.175  69.69  0.001 
 6.225  69.7555  0.001 
 6.24212  69.5  0.001 
 6.275  68.8904  0.001 
 6.325  68.5607  0.001 
 6.33415  68.5  0.001 
 6.375  68.1495  0.001 
 6.425  67.5754  0.001 
 6.43134  67.5  0.001 
 6.475  66.7775  0.001 
 6.51104  66.5  0.001 
 6.525  66.4023  0.001 
 6.575  65.9176  0.001 
 6.5979  65.5  0.001 
 6.625  65.0896  0.001 
 6.66658  64.5  0.001 
 6.675  64.3798  0.001 
 6.725  63.8259  0.001 
 6.74437  63.5  0.001 
 6.775  63.0477  0.001 
 6.80655  62.5  0.001 
 6.825  62.2809  0.001 
 6.875  61.5718  0.001 
 6.87992  61.5  0.001 
 6.925  60.5985  0.001 
 6.93037  60.5  0.001 
 6.975  59.8647  0.001 
 7.00397  59.5  0.001 
 7.025  59.0455  0.001 
 7.06303  58.5  0.001 
 7.075  57.7273  0.001 
 7.07737  57.5  0.001 
 7.11562  56.5  0.001 
 7.125  56.0342  0.001 
 7.14598  55.5  0.001 
 7.16765  54.5  0.001 
 7.15155  53.5  0.001 


# Contour 3, label:   0.0005
 7.075  60.1197  0.0005 
 7.11121  59.5  0.0005 
 7.125  59.1418  0.0005 
 7.16688  58.5  0.0005 
 7.175  58.3677  0.0005 
 7.21112  57.5  0.0005 
 7.225  56.8942  0.0005 
 7.23954  56.5  0.0005 
 7.275  55.615  0.0005 
 7.28323  55.5  0.0005 
 7.31102  54.5  0.0005 
 7.325  54.0252  0.0005 
 7.35702  53.5  0.0005 
 7.36702  52.5  0.0005 
 7.325  51.6023  0.0005 
 7.32231  51.5  0.0005 
 7.325  51.3085  0.0005 
 7.35962  51.5  0.0005 
 7.375  51.7105  0.0005 
 7.38125  51.5  0.0005 

 7.38125  51.5  0.0005 
 7.375  51.4298  0.0005 
 7.34588  50.5  0.0005 
 7.36919  49.5  0.0005 
 7.325  48.7645  0.0005 
 7.275  49.2864  0.0005 
 7.25  49.5  0.0005 
 7.225  49.6028  0.0005 
 7.175  49.5161  0.0005 
 7.125  49.5725  0.0005 
 7.075  49.8027  0.0005 
 7.025  50.0137  0.0005 
 6.975  50.0947  0.0005 
 6.925  50.264  0.0005 
 6.89038  50.5  0.0005 
 6.875  50.5918  0.0005 
 6.825  50.6438  0.0005 
 6.775  50.9554  0.0005 
 6.725  51.1696  0.0005 
 6.675  51.3441  0.0005 
 6.66616  51.5  0.0005 
 6.625  51.7647  0.0005 
 6.575  51.7944  0.0005 
 6.525  52.3118  0.0005 
 6.475  52.4414  0.0005 
 6.46917  52.5  0.0005 
 6.425  52.882  0.0005 
 6.375  53.2985  0.0005 
 6.35992  53.5  0.0005 
 6.325  53.8034  0.0005 
 6.275  53.9688  0.0005 
 6.225  54.4496  0.0005 
 6.22042  54.5  0.0005 
 6.175  54.8686  0.0005 
 6.12758  55.5  0.0005 
 6.125  55.53  0.0005 
 6.075  55.8895  0.0005 
 6.025  56.47  0.0005 
 6.02248  56.5  0.0005 
 5.975  57.0238  0.0005 
 5.94148  57.5  0.0005 
 5.925  57.672  0.0005 
 5.875  58.3229  0.0005 
 5.865  58.5  0.0005 
 5.825  59.2164  0.0005 
 5.81171  59.5  0.0005 
 5.775  60.5  0.0005 
 5.74957  61.5  0.0005 
 5.72645  62.5  0.0005 
 5.725  62.6237  0.0005 
 5.70786  63.5  0.0005 
 5.69972  64.5  0.0005 
 5.68978  65.5  0.0005 
 5.69914  66.5  0.0005 
 5.69478  67.5  0.0005 
 5.7091  68.5  0.0005 
 5.725  69.1032  0.0005 
 5.73345  69.5  0.0005 
 5.775  70.281  0.0005 
 5.78944  70.5  0.0005 
 5.825  71.2727  0.0005 
 5.85441  71.5  0.0005 
 5.875  71.7846  0.0005 
 5.925  72.0212  0.0005 
 5.975  72.0977  0.0005 
 6.025  72.2207  0.0005 
 6.075  71.8712  0.0005 
 6.125  71.5894  0.0005 
 6.13513  71.5  0.0005 
 6.175  71.2921  0.0005 
 6.225  70.9634  0.0005 
 6.275  70.7195  0.0005 
 6.2878  70.5  0.0005 
 6.325  69.8843  0.0005 
 6.37079  69.5  0.0005 
 6.375  69.4771  0.0005 
 6.42312  68.5  0.0005 
 6.425  68.4731  0.0005 
 6.475  68.2903  0.0005 
 6.525  67.9083  0.0005 
 6.56659  67.5  0.0005 
 6.575  67.4326  0.0005 
 6.625  66.7205  0.0005 
 6.64495  66.5  0.0005 
 6.675  65.8413  0.0005 
 6.69957  65.5  0.0005 
 6.725  65.3139  0.0005 
 6.77225  64.5  0.0005 
 6.775  64.4545  0.0005 
 6.825  63.8868  0.0005 
 6.85884  63.5  0.0005 
 6.875  63.2558  0.0005 
 6.91442  62.5  0.0005 
 6.925  62.3562  0.0005 
 6.975  61.6343  0.0005 
 6.99045  61.5  0.0005 
 7.025  60.6584  0.0005 
 7.03106  60.5  0.0005 
 7.075  60.1197  0.0005 

 7.39817  48.5  0.0005 
 7.375  48.258  0.0005 
 7.35095  48.5  0.0005 
 7.375  49.217  0.0005 
 7.39817  48.5  0.0005 

 7.71538  45.5  0.0005 
 7.675  45.2014  0.0005 
 7.65567  45.5  0.0005 
 7.675  46.1702  0.0005 
 7.71538  45.5  0.0005 

 7.83  45.5  0.0005 
 7.825  45.3704  0.0005 
 7.775  44.7727  0.0005 
 7.74919  45.5  0.0005 
 7.775  46.3421  0.0005 
 7.825  45.6591  0.0005 
 7.83  45.5  0.0005 


# Contour 4, label:   0.0001
 8.275  44.2805  0.0001 
 8.30167  43.5  0.0001 
 8.32052  42.5  0.0001 
 8.325  42.3421  0.0001 
 8.36136  41.5  0.0001 
 8.35833  40.5  0.0001 
 8.375  40.4412  0.0001 
 8.407  39.5  0.0001 
 8.413  38.5  0.0001 

 5.59279  69.5  0.0001 
 5.625  70.1837  0.0001 
 5.64261  70.5  0.0001 
 5.625  71.0741  0.0001 
 5.61193  71.5  0.0001 
 5.625  71.7805  0.0001 
 5.66098  72.5  0.0001 
 5.675  72.9894  0.0001 
 5.70743  73.5  0.0001 
 5.725  73.7955  0.0001 
 5.775  74.3085  0.0001 
 5.81591  74.5  0.0001 
 5.825  74.9  0.0001 
 5.875  75.3889  0.0001 
 5.91786  75.5  0.0001 
 5.925  75.5175  0.0001 
 5.92727  75.5  0.0001 
 5.975  75.2766  0.0001 
 6.025  75.2805  0.0001 
 6.075  74.9615  0.0001 
 6.123  74.5  0.0001 
 6.125  74.4733  0.0001 
 6.175  74.0079  0.0001 
 6.225  74.0714  0.0001 
 6.25167  73.5  0.0001 
 6.275  73.1316  0.0001 
 6.325  72.9904  0.0001 
 6.3561  72.5  0.0001 
 6.375  72.2019  0.0001 
 6.41794  71.5  0.0001 
 6.425  71.4091  0.0001 
 6.475  71.0275  0.0001 
 6.525  70.7857  0.0001 
 6.55132  70.5  0.0001 
 6.575  70.0909  0.0001 
 6.59907  69.5  0.0001 
 6.625  69.2724  0.0001 
 6.67203  68.5  0.0001 
 6.675  68.4603  0.0001 
 6.725  68.0106  0.0001 
 6.75053  67.5  0.0001 
 6.775  67.1134  0.0001 
 6.825  66.5213  0.0001 
 6.827  66.5  0.0001 
 6.875  65.9  0.0001 
 6.89318  65.5  0.0001 
 6.925  65.1316  0.0001 
 6.975  64.6321  0.0001 
 6.9816  64.5  0.0001 
 7.025  63.7581  0.0001 
 7.03929  63.5  0.0001 
 7.075  63.104  0.0001 
 7.10815  62.5  0.0001 
 7.125  62.2417  0.0001 
 7.175  61.5185  0.0001 
 7.17593  61.5  0.0001 
 7.225  60.8026  0.0001 
 7.24242  60.5  0.0001 
 7.275  60.1091  0.0001 
 7.32089  59.5  0.0001 
 7.325  59.3537  0.0001 
 7.35625  58.5  0.0001 
 7.375  58.2692  0.0001 
 7.41618  57.5  0.0001 
 7.425  57.2368  0.0001 
 7.475  56.7911  0.0001 
 7.49417  56.5  0.0001 
 7.51413  55.5  0.0001 
 7.525  55.217  0.0001 
 7.575  54.5244  0.0001 
 7.57812  54.5  0.0001 
 7.575  54.4  0.0001 
 7.56989  53.5  0.0001 
 7.575  53.3816  0.0001 
 7.58457  53.5  0.0001 
 7.625  54.217  0.0001 
 7.66543  53.5  0.0001 
 7.675  53.14  0.0001 
 7.691  52.5  0.0001 
 7.725  51.9848  0.0001 
 7.775  51.6228  0.0001 
 7.78629  51.5  0.0001 
 7.825  51.02  0.0001 
 7.875  50.5152  0.0001 
 7.87614  50.5  0.0001 
 7.925  49.7712  0.0001 
 7.95081  49.5  0.0001 
 7.975  49.1341  0.0001 
 8.025  48.8412  0.0001 
 8.05585  48.5  0.0001 
 8.075  47.9706  0.0001 
 8.11136  47.5  0.0001 
 8.125  47.3636  0.0001 
 8.15893  46.5  0.0001 
 8.175  46.2722  0.0001 
 8.225  45.5455  0.0001 
 8.22606  45.5  0.0001 
 8.26094  44.5  0.0001 
 8.275  44.2805  0.0001 

 8.413  38.5  0.0001 
 8.375  37.55  0.0001 
 8.325  38.197  0.0001 
 8.279  37.5  0.0001 
 8.275  37.4149  0.0001 
 8.24167  37.5  0.0001 
 8.275  37.7105  0.0001 
 8.29643  38.5  0.0001 
 8.275  38.7381  0.0001 
 8.25526  38.5  0.0001 
 8.225  37.58  0.0001 
 8.21833  37.5  0.0001 
 8.175  37.303  0.0001 
 8.15179  37.5  0.0001 
 8.125  37.9286  0.0001 
 8.075  38.2234  0.0001 
 8.025  38.4474  0.0001 
 8.02237  38.5  0.0001 
 7.975  38.75  0.0001 
 7.925  38.8469  0.0001 
 7.875  39.0055  0.0001 
 7.82713  39.5  0.0001 
 7.825  39.5377  0.0001 
 7.775  40.1829  0.0001 
 7.725  40.3333  0.0001 
 7.70714  40.5  0.0001 
 7.675  40.7857  0.0001 
 7.625  40.9528  0.0001 
 7.575  41.3485  0.0001 
 7.56364  41.5  0.0001 
 7.53484  42.5  0.0001 
 7.525  42.6778  0.0001 
 7.475  42.6818  0.0001 
 7.439  43.5  0.0001 
 7.425  43.6667  0.0001 
 7.375  43.6596  0.0001 
 7.32623  44.5  0.0001 
 7.325  44.5142  0.0001 
 7.275  44.6915  0.0001 
 7.225  45.1349  0.0001 
 7.19474  45.5  0.0001 
 7.175  45.6974  0.0001 
 7.125  45.8684  0.0001 
 7.08289  46.5  0.0001 
 7.075  46.5698  0.0001 
 7.025  47.2143  0.0001 
 6.975  47.4474  0.0001 
 6.96875  47.5  0.0001 
 6.925  47.7617  0.0001 
 6.875  47.9921  0.0001 
 6.825  48.0897  0.0001 
 6.775  48.4079  0.0001 
 6.75909  48.5  0.0001 
 6.725  48.75  0.0001 
 6.675  48.9396  0.0001 
 6.63452  49.5  0.0001 
 6.625  49.5764  0.0001 
 6.575  49.7553  0.0001 
 6.525  49.9574  0.0001 
 6.48958  50.5  0.0001 
 6.475  50.681  0.0001 
 6.425  50.7722  0.0001 
 6.375  51.1813  0.0001 
 6.33684  51.5  0.0001 
 6.325  51.5918  0.0001 
 6.275  51.9386  0.0001 
 6.225  52.0408  0.0001 
 6.19418  52.5  0.0001 
 6.175  52.8415  0.0001 
 6.125  53.3118  0.0001 
 6.105  53.5  0.0001 
 6.075  53.6667  0.0001 
 6.025  54.0606  0.0001 
 5.99956  54.5  0.0001 
 5.975  54.7857  0.0001 
 5.925  55.4841  0.0001 
 5.92237  55.5  0.0001 
 5.875  55.7278  0.0001 
 5.83639  56.5  0.0001 
 5.825  56.6192  0.0001 
 5.78096  57.5  0.0001 
 5.775  57.7118  0.0001 
 5.72645  58.5  0.0001 
 5.725  58.529  0.0001 
 5.69776  59.5  0.0001 
 5.675  59.9956  0.0001 
 5.6465  60.5  0.0001 
 5.63298  61.5  0.0001 
 5.625  61.9286  0.0001 
 5.61184  62.5  0.0001 
 5.5939  63.5  0.0001 
 5.57974  64.5  0.0001 
 5.58279  65.5  0.0001 
 5.58028  66.5  0.0001 
 5.575  67.4375  0.0001 
 5.57421  67.5  0.0001 
 5.56468  68.5  0.0001 
 5.575  68.76  0.0001 
 5.59279  69.5  0.0001 

 8.82606  42.5  0.0001 
 8.825  42.4815  0.0001 
 8.82328  42.5  0.0001 
 8.825  42.5244  0.0001 
 8.82606  42.5  0.0001 

 9.879  29.5  0.0001 
 9.875  29.34  0.0001 
 9.84412  28.5  0.0001 
 9.84254  27.5  0.0001 
 9.825  26.9286  0.0001 
 9.79091  26.5  0.0001 
 9.775  26.1316  0.0001 
 9.725  25.7105  0.0001 
 9.675  26.0625  0.0001 
 9.625  25.6915  0.0001 
 9.575  26.1596  0.0001 
 9.525  26.2742  0.0001 
 9.51755  26.5  0.0001 
 9.475  27.3  0.0001 
 9.46436  27.5  0.0001 
 9.425  28.4024  0.0001 
 9.41591  28.5  0.0001 
 9.375  28.9737  0.0001 
 9.35227  29.5  0.0001 
 9.325  29.9286  0.0001 
 9.27794  30.5  0.0001 
 9.275  30.6333  0.0001 
 9.24079  31.5  0.0001 
 9.225  31.9615  0.0001 
 9.175  32.4841  0.0001 
 9.17386  32.5  0.0001 
 9.13508  33.5  0.0001 
 9.125  34.2742  0.0001 
 9.10909  34.5  0.0001 
 9.075  34.8947  0.0001 
 9.05053  35.5  0.0001 
 9.05682  36.5  0.0001 
 9.025  37.1829  0.0001 
 8.98125  36.5  0.0001 
 8.975  36.4512  0.0001 
 8.97183  36.5  0.0001 
 8.95198  37.5  0.0001 
 8.975  38.0472  0.0001 
 8.98864  38.5  0.0001 
 8.975  38.9068  0.0001 
 8.94198  39.5  0.0001 
 8.94079  40.5  0.0001 
 8.925  41.1316  0.0001 
 8.9184  41.5  0.0001 
 8.925  41.6842  0.0001 
 8.95219  42.5  0.0001 
 8.975  42.9127  0.0001 
 9.01562  42.5  0.0001 
 9.025  42.2692  0.0001 
 9.05357  41.5  0.0001 
 9.025  40.875  0.0001 
 9.00921  40.5  0.0001 
 9.025  40.3261  0.0001 
 9.03322  40.5  0.0001 
 9.075  41.3026  0.0001 
 9.105  41.5  0.0001 
 9.125  41.8571  0.0001 
 9.175  41.6887  0.0001 
 9.225  41.8333  0.0001 
 9.25625  41.5  0.0001 
 9.275  41.3  0.0001 
 9.323  40.5  0.0001 
 9.325  40.4806  0.0001 
 9.375  39.9561  0.0001 
 9.425  39.75  0.0001 
 9.43629  39.5  0.0001 
 9.475  39.0932  0.0001 
 9.525  38.6667  0.0001 
 9.53636  38.5  0.0001 
 9.575  37.82  0.0001 
 9.58441  37.5  0.0001 
 9.625  36.6585  0.0001 
 9.65921  36.5  0.0001 
 9.675  36.2931  0.0001 
 9.69167  35.5  0.0001 
 9.725  34.9321  0.0001 
 9.74489  34.5  0.0001 
 9.775  33.697  0.0001 
 9.79597  33.5  0.0001 
 9.79318  32.5  0.0001 
 9.81548  31.5  0.0001 
 9.82287  30.5  0.0001 
 9.825  30.42  0.0001 
 9.84167  30.5  0.0001 
 9.875  31.1667  0.0001 
 9.87774  30.5  0.0001 
 9.879  29.5  0.0001 


# Contour 5, label:    5e-05
 8.575  41.2273  5e-05 
 8.59605  40.5  5e-05 
 8.575  39.5  5e-05 
 8.57031  38.5  5e-05 
 8.55455  37.5  5e-05 
 8.575  36.8077  5e-05 
 8.595  36.5  5e-05 

 5.69435  74.5  5e-05 
 5.725  74.9318  5e-05 
 5.7681  75.5  5e-05 
 5.775  75.6379  5e-05 
 5.825  76.2458  5e-05 
 5.86447  76.5  5e-05 
 5.875  76.6053  5e-05 
 5.895  76.5  5e-05 
 5.925  76.3947  5e-05 
 5.975  76.4062  5e-05 
 6.025  76.1212  5e-05 
 6.06862  75.5  5e-05 
 6.075  75.4423  5e-05 
 6.125  75.2619  5e-05 
 6.175  75.1786  5e-05 
 6.225  75.0417  5e-05 
 6.26214  74.5  5e-05 
 6.275  74.2097  5e-05 
 6.319  73.5  5e-05 
 6.325  73.4712  5e-05 
 6.375  72.9043  5e-05 
 6.40294  72.5  5e-05 
 6.425  72.217  5e-05 
 6.475  71.6458  5e-05 
 6.525  71.5  5e-05 
 6.575  71.2805  5e-05 
 6.60637  70.5  5e-05 
 6.625  70.0366  5e-05 
 6.675  70.0161  5e-05 
 6.70357  69.5  5e-05 
 6.725  68.75  5e-05 
 6.73553  68.5  5e-05 
 6.775  67.7105  5e-05 
 6.825  67.8077  5e-05 
 6.83553  67.5  5e-05 
 6.875  67.1341  5e-05 
 6.91563  66.5  5e-05 
 6.925  66.2857  5e-05 
 6.975  65.625  5e-05 
 6.98071  65.5  5e-05 
 7.025  64.6143  5e-05 
 7.03071  64.5  5e-05 
 7.075  63.7439  5e-05 
 7.10625  63.5  5e-05 
 7.125  63.26  5e-05 
 7.16818  62.5  5e-05 
 7.175  62.4444  5e-05 
 7.22222  61.5  5e-05 
 7.225  61.4605  5e-05 
 7.275  60.8684  5e-05 
 7.28846  60.5  5e-05 
 7.325  60.1984  5e-05 
 7.375  60.1471  5e-05 
 7.39575  59.5  5e-05 
 7.425  58.7439  5e-05 
 7.445  58.5  5e-05 
 7.46768  57.5  5e-05 
 7.475  57.4241  5e-05 
 7.525  57.02  5e-05 
 7.551  56.5  5e-05 
 7.575  55.9545  5e-05 
 7.59773  55.5  5e-05 
 7.625  55.2447  5e-05 
 7.675  54.5  5e-05 
 7.725  53.7105  5e-05 
 7.73071  53.5  5e-05 
 7.775  52.5  5e-05 
 7.825  52.0778  5e-05 
 7.85671  51.5  5e-05 
 7.875  51.2727  5e-05 
 7.925  50.7414  5e-05 
 7.975  50.8902  5e-05 
 7.99786  50.5  5e-05 
 8.01768  49.5  5e-05 
 8.025  49.4294  5e-05 
 8.04079  49.5  5e-05 
 8.075  50.0909  5e-05 
 8.08977  49.5  5e-05 
 8.125  48.6842  5e-05 
 8.15192  48.5  5e-05 
 8.16651  47.5  5e-05 
 8.175  47.2805  5e-05 
 8.225  47.4062  5e-05 
 8.26316  46.5  5e-05 
 8.275  45.8077  5e-05 
 8.30357  45.5  5e-05 
 8.325  45.3125  5e-05 
 8.34085  44.5  5e-05 
 8.36429  43.5  5e-05 
 8.375  43.0385  5e-05 
 8.425  43.14  5e-05 
 8.44202  42.5  5e-05 
 8.445  41.5  5e-05 
 8.475  41.0946  5e-05 
 8.525  41.5  5e-05 
 8.519  40.5  5e-05 
 8.525  40.3125  5e-05 
 8.53289  40.5  5e-05 
 8.575  41.2273  5e-05 

 8.595  36.5  5e-05 
 8.575  36.3261  5e-05 
 8.525  36.0357  5e-05 
 8.475  36.0366  5e-05 
 8.425  35.9286  5e-05 
 8.375  36.2368  5e-05 
 8.325  35.6875  5e-05 
 8.275  36.1316  5e-05 
 8.225  36.3462  5e-05 
 8.19643  36.5  5e-05 
 8.175  36.5455  5e-05 
 8.125  36.7553  5e-05 
 8.075  36.9286  5e-05 
 8.025  36.8191  5e-05 
 7.975  37.1  5e-05 
 7.95962  37.5  5e-05 
 7.925  37.86  5e-05 
 7.875  38.25  5e-05 
 7.8663  38.5  5e-05 
 7.825  38.7836  5e-05 
 7.775  38.62  5e-05 
 7.725  39.5  5e-05 
 7.675  39.8191  5e-05 
 7.625  39.6875  5e-05 
 7.58438  40.5  5e-05 
 7.575  40.5909  5e-05 
 7.525  41.18  5e-05 
 7.49643  41.5  5e-05 
 7.475  41.74  5e-05 
 7.425  42.1364  5e-05 
 7.393  42.5  5e-05 
 7.375  42.7045  5e-05 
 7.325  42.9412  5e-05 
 7.275  43.5  5e-05 
 7.225  44.2561  5e-05 
 7.175  44.5  5e-05 
 7.125  45  5e-05 
 7.075  45.5  5e-05 
 7.025  46.1552  5e-05 
 7.00938  46.5  5e-05 
 6.975  46.7895  5e-05 
 6.925  46.7903  5e-05 
 6.875  47.0366  5e-05 
 6.825  47.25  5e-05 
 6.8163  47.5  5e-05 
 6.775  47.75  5e-05 
 6.725  47.7553  5e-05 
 6.675  48.2368  5e-05 
 6.65937  48.5  5e-05 
 6.625  48.8667  5e-05 
 6.575  49.0439  5e-05 
 6.525  49.2812  5e-05 
 6.51406  49.5  5e-05 
 6.475  49.963  5e-05 
 6.425  50.3947  5e-05 
 6.4125  50.5  5e-05 
 6.375  50.6319  5e-05 
 6.325  50.7264  5e-05 
 6.275  51.5  5e-05 
 6.225  51.5306  5e-05 
 6.175  52.0849  5e-05 
 6.14817  52.5  5e-05 
 6.125  52.7235  5e-05 
 6.075  52.8158  5e-05 
 6.025  53.2045  5e-05 
 6.00789  53.5  5e-05 
 5.975  54.0319  5e-05 
 5.94265  54.5  5e-05 
 5.925  54.6905  5e-05 
 5.875  55.0616  5e-05 
 5.825  55.4111  5e-05 
 5.81929  55.5  5e-05 
 5.775  56.0167  5e-05 
 5.74479  56.5  5e-05 
 5.72929  57.5  5e-05 
 5.725  57.5588  5e-05 
 5.68918  58.5  5e-05 
 5.67744  59.5  5e-05 
 5.675  59.5531  5e-05 
 5.625  60.2586  5e-05 
 5.61579  60.5  5e-05 
 5.58777  61.5  5e-05 
 5.57895  62.5  5e-05 
 5.575  62.74  5e-05 
 5.55708  63.5  5e-05 
 5.52841  64.5  5e-05 
 5.54951  65.5  5e-05 
 5.53232  66.5  5e-05 
 5.53452  67.5  5e-05 
 5.525  68.5  5e-05 
 5.56023  69.5  5e-05 
 5.56646  70.5  5e-05 
 5.575  70.8182  5e-05 
 5.58352  71.5  5e-05 
 5.625  72.3902  5e-05 
 5.63049  72.5  5e-05 
 5.63017  73.5  5e-05 
 5.675  74.1842  5e-05 
 5.69435  74.5  5e-05 

 8.66711  38.5  5e-05 
 8.625  37.7727  5e-05 
 8.58289  38.5  5e-05 
 8.625  39.2273  5e-05 
 8.66711  38.5  5e-05 

 8.851  38.5  5e-05 
 8.825  38.1579  5e-05 
 8.775  38.2895  5e-05 
 8.755  38.5  5e-05 
 8.775  38.75  5e-05 
 8.825  39.0909  5e-05 
 8.851  38.5  5e-05 

 9.84643  24.5  5e-05 
 9.825  24.2692  5e-05 
 9.81346  24.5  5e-05 
 9.825  24.5857  5e-05 
 9.84643  24.5  5e-05 

 9.8319  21.5  5e-05 
 9.825  21.2895  5e-05 
 9.775  21.3947  5e-05 
 9.7681  21.5  5e-05 
 9.775  21.7105  5e-05 
 9.825  21.6538  5e-05 
 9.8319  21.5  5e-05 

 9.775  34.4545  5e-05 
 9.79  34.5  5e-05 
 9.825  34.8182  5e-05 
 9.86  34.5  5e-05 
 9.875  34.38  5e-05 
 9.89464  33.5  5e-05 
 9.91643  32.5  5e-05 
 9.925  31.9  5e-05 
 9.93071  31.5  5e-05 
 9.925  31.3261  5e-05 
 9.91199  30.5  5e-05 
 9.925  29.6739  5e-05 
 9.975  29.5  5e-05 
 9.98421  28.5  5e-05 
 9.975  28.1818  5e-05 
 9.95294  27.5  5e-05 
 9.975  26.9643  5e-05 
 9.98977  26.5  5e-05 

 9.98977  26.5  5e-05 
 9.975  26.0357  5e-05 
 9.93553  25.5  5e-05 
 9.925  25.1923  5e-05 
 9.89038  24.5  5e-05 
 9.875  23.9286  5e-05 
 9.86346  23.5  5e-05 
 9.825  23.1875  5e-05 
 9.775  22.9412  5e-05 
 9.725  23.2308  5e-05 
 9.69  23.5  5e-05 
 9.675  23.6875  5e-05 
 9.625  24.2895  5e-05 
 9.575  24.1923  5e-05 
 9.56447  24.5  5e-05 
 9.525  24.8659  5e-05 
 9.49611  25.5  5e-05 
 9.475  26.1552  5e-05 
 9.45227  26.5  5e-05 
 9.425  26.98  5e-05 
 9.375  26.8958  5e-05 
 9.325  27.1  5e-05 
 9.3181  27.5  5e-05 
 9.325  27.75  5e-05 
 9.33864  28.5  5e-05 
 9.325  28.8158  5e-05 
 9.275  28.7903  5e-05 
 9.23571  29.5  5e-05 
 9.225  29.875  5e-05 
 9.2128  30.5  5e-05 
 9.18571  31.5  5e-05 
 9.175  31.6905  5e-05 
 9.125  32.1316  5e-05 
 9.09773  31.5  5e-05 
 9.075  31.2727  5e-05 
 9.05937  31.5  5e-05 
 9.075  31.7857  5e-05 
 9.11406  32.5  5e-05 
 9.075  33.3621  5e-05 
 9.025  33.5  5e-05 
 9.03523  34.5  5e-05 
 9.025  34.7571  5e-05 
 8.975  34.5  5e-05 
 9.00093  35.5  5e-05 
 8.975  35.8415  5e-05 
 8.93214  36.5  5e-05 
 8.925  36.86  5e-05 
 8.875  37.12  5e-05 
 8.85341  37.5  5e-05 
 8.875  38.1129  5e-05 
 8.89435  38.5  5e-05 
 8.87929  39.5  5e-05 
 8.875  39.6364  5e-05 
 8.825  39.7195  5e-05 
 8.78289  40.5  5e-05 
 8.825  41.4143  5e-05 
 8.84643  41.5  5e-05 
 8.825  41.5556  5e-05 
 8.775  41.62  5e-05 
 8.74527  42.5  5e-05 
 8.725  43.2895  5e-05 
 8.7163  43.5  5e-05 
 8.725  44.5  5e-05 
 8.775  44.9643  5e-05 
 8.825  44.9375  5e-05 
 8.875  44.6053  5e-05 
 8.925  44.9634  5e-05 
 8.95893  44.5  5e-05 
 8.975  44.0909  5e-05 
 8.993  44.5  5e-05 
 9.025  44.9211  5e-05 
 9.04786  44.5  5e-05 
 9.075  43.7692  5e-05 
 9.125  44.5  5e-05 
 9.175  43.6143  5e-05 
 9.1837  43.5  5e-05 
 9.225  42.8448  5e-05 
 9.275  42.75  5e-05 
 9.30357  42.5  5e-05 
 9.325  42.3125  5e-05 
 9.36563  41.5  5e-05 
 9.375  41.3636  5e-05 
 9.425  41.1591  5e-05 
 9.47031  40.5  5e-05 
 9.475  40.3966  5e-05 
 9.525  39.5  5e-05 
 9.575  38.9211  5e-05 
 9.60081  38.5  5e-05 
 9.61382  37.5  5e-05 
 9.625  37.2683  5e-05 
 9.65214  37.5  5e-05 
 9.675  37.8902  5e-05 
 9.70081  37.5  5e-05 
 9.725  36.5  5e-05 
 9.775  36.1042  5e-05 
 9.80795  35.5  5e-05 
 9.775  34.5938  5e-05 
 9.7733  34.5  5e-05 
 9.775  34.4545  5e-05 


# Contour 6, label:    1e-05
 5.4625  68.5  1e-05 
 5.425  68.2692  1e-05 
 5.40357  68.5  1e-05 
 5.425  68.7308  1e-05 
 5.4625  68.5  1e-05 

 5.53654  76.5  1e-05 
 5.525  76.2  1e-05 
 5.51346  76.5  1e-05 
 5.525  76.8  1e-05 
 5.53654  76.5  1e-05 

 5.83214  77.5  1e-05 
 5.825  77.4615  1e-05 
 5.82  77.5  1e-05 
 5.825  77.75  1e-05 
 5.83214  77.5  1e-05 

 6.34  76.5  1e-05 
 6.325  76.0714  1e-05 
 6.2875  76.5  1e-05 
 6.325  76.8  1e-05 
 6.34  76.5  1e-05 

 8.2125  55.5  1e-05 
 8.175  55.0714  1e-05 
 8.16  55.5  1e-05 
 8.175  55.7308  1e-05 
 8.2125  55.5  1e-05 

 8.24643  52.5  1e-05 
 8.225  51.75  1e-05 
 8.175  51.9375  1e-05 
 8.14038  52.5  1e-05 
 8.13214  53.5  1e-05 
 8.175  54.1  1e-05 
 8.195  54.5  1e-05 
 8.225  55.3571  1e-05 
 8.24808  54.5  1e-05 
 8.225  53.9  1e-05 
 8.205  53.5  1e-05 
 8.225  52.9286  1e-05 
 8.24643  52.5  1e-05 

 8.88654  30.5  1e-05 
 8.875  30.2692  1e-05 
 8.86  30.5  1e-05 
 8.875  31.25  1e-05 
 8.88654  30.5  1e-05 

 9.805  18.5  1e-05 
 9.775  18.125  1e-05 
 9.74375  17.5  1e-05 
 9.725  16.9  1e-05 
 9.70192  17.5  1e-05 
 9.725  17.9615  1e-05 
 9.75192  18.5  1e-05 
 9.775  19.1  1e-05 
 9.805  18.5  1e-05 

 9.94375  15.5  1e-05 
 9.925  15.0385  1e-05 
 9.90192  15.5  1e-05 
 9.925  15.9615  1e-05 
 9.94375  15.5  1e-05 

 10.1625  17.5  1e-05 
 10.125  17.0714  1e-05 
 10.1036  17.5  1e-05 
 10.125  18.25  1e-05 
 10.1625  17.5  1e-05 

 9.725  38.4615  1e-05 
 9.775  37.875  1e-05 
 9.825  38.0625  1e-05 
 9.85312  37.5  1e-05 
 9.875  37.0625  1e-05 
 9.92  36.5  1e-05 
 9.90312  35.5  1e-05 
 9.925  35.0625  1e-05 
 9.95962  34.5  1e-05 
 9.975  34.1923  1e-05 
 10.0096  33.5  1e-05 
 10.025  33.3182  1e-05 
 10.0659  32.5  1e-05 
 10.0571  31.5  1e-05 
 10.025  30.5526  1e-05 
 10.0237  30.5  1e-05 
 10.025  30.4714  1e-05 
 10.03  30.5  1e-05 
 10.075  30.9737  1e-05 
 10.1096  30.5  1e-05 
 10.1125  29.5  1e-05 
 10.075  28.5769  1e-05 
 10.07  28.5  1e-05 
 10.075  28.4737  1e-05 
 10.0821  28.5  1e-05 
 10.125  29.1  1e-05 
 10.175  28.7308  1e-05 
 10.2125  28.5  1e-05 
 10.175  28.0714  1e-05 
 10.125  28.0385  1e-05 
 10.117  27.5  1e-05 
 10.125  27.1316  1e-05 
 10.175  26.9286  1e-05 
 10.2125  26.5  1e-05 
 10.175  26.0714  1e-05 
 10.155  25.5  1e-05 
 10.125  24.6429  1e-05 
 10.075  24.66  1e-05 
 10.0659  24.5  1e-05 
 10.075  24.25  1e-05 
 10.1023  23.5  1e-05 
 10.125  22.875  1e-05 
 10.155  22.5  1e-05 
 10.125  21.6429  1e-05 
 10.12  21.5  1e-05 
 10.125  21.25  1e-05 
 10.1375  21.5  1e-05 
 10.175  21.9286  1e-05 
 10.1904  22.5  1e-05 
 10.21  23.5  1e-05 
 10.175  24.2  1e-05 
 10.1375  24.5  1e-05 
 10.175  24.9286  1e-05 
 10.225  24.9615  1e-05 
 10.2481  24.5  1e-05 
 10.2464  23.5  1e-05 
 10.27  22.5  1e-05 

 7.675  57.3571  1e-05 
 7.725  57.3571  1e-05 
 7.755  56.5  1e-05 
 7.775  56.1923  1e-05 
 7.80312  55.5  1e-05 
 7.825  54.8  1e-05 
 7.875  54.8  1e-05 
 7.89  54.5  1e-05 
 7.875  54.0714  1e-05 
 7.8681  53.5  1e-05 
 7.875  53.1923  1e-05 
 7.925  53.1923  1e-05 
 7.945  53.5  1e-05 
 7.975  53.9615  1e-05 
 8.01  54.5  1e-05 
 8.025  54.8  1e-05 
 8.04643  54.5  1e-05 
 8.025  54.0714  1e-05 
 8.005  53.5  1e-05 
 8.01786  52.5  1e-05 
 8.025  52.4375  1e-05 
 8.0375  52.5  1e-05 
 8.075  52.9286  1e-05 
 8.09643  52.5  1e-05 
 8.1125  51.5  1e-05 
 8.125  51.4474  1e-05 
 8.175  50.9615  1e-05 
 8.225  51.25  1e-05 
 8.23214  51.5  1e-05 
 8.275  52.1  1e-05 
 8.295  52.5  1e-05 
 8.325  53.3571  1e-05 
 8.3375  53.5  1e-05 
 8.36  54.5  1e-05 
 8.375  54.8  1e-05 
 8.38654  54.5  1e-05 
 8.39  53.5  1e-05 
 8.375  53.0714  1e-05 
 8.355  52.5  1e-05 
 8.375  51.9286  1e-05 
 8.425  51.8  1e-05 
 8.475  51.9286  1e-05 
 8.50357  52.5  1e-05 
 8.525  52.7308  1e-05 
 8.53654  52.5  1e-05 
 8.525  52.2  1e-05 
 8.49  51.5  1e-05 
 8.525  50.9615  1e-05 
 8.575  51.1  1e-05 
 8.625  51.25  1e-05 
 8.67115  50.5  1e-05 
 8.625  49.5769  1e-05 
 8.575  50.0385  1e-05 
 8.55312  49.5  1e-05 
 8.575  49.25  1e-05 
 8.625  49.4375  1e-05 
 8.63  49.5  1e-05 
 8.675  50.4  1e-05 
 8.72  49.5  1e-05 
 8.725  49.3571  1e-05 
 8.7375  49.5  1e-05 
 8.775  49.8  1e-05 
 8.79643  49.5  1e-05 
 8.80658  48.5  1e-05 
 8.79643  47.5  1e-05 
 8.825  47.375  1e-05 
 8.875  47.4474  1e-05 
 8.925  47.4375  1e-05 
 8.9375  47.5  1e-05 
 8.975  47.8  1e-05 
 8.99643  47.5  1e-05 
 9.025  47.1  1e-05 
 9.075  47.3182  1e-05 
 9.11591  46.5  1e-05 
 9.125  46.1923  1e-05 
 9.175  45.9737  1e-05 
 9.22  45.5  1e-05 
 9.225  45.4  1e-05 
 9.25962  44.5  1e-05 
 9.275  44.375  1e-05 
 9.30357  44.5  1e-05 
 9.325  44.7308  1e-05 
 9.34  44.5  1e-05 
 9.375  43.8  1e-05 
 9.4125  43.5  1e-05 
 9.425  43.25  1e-05 
 9.4625  42.5  1e-05 
 9.475  42.4474  1e-05 
 9.525  42.3857  1e-05 
 9.575  41.7308  1e-05 
 9.59  41.5  1e-05 
 9.575  40.75  1e-05 
 9.57273  40.5  1e-05 
 9.575  40.4474  1e-05 
 9.625  40.4375  1e-05 
 9.675  40.1923  1e-05 
 9.69868  39.5  1e-05 
 9.72188  38.5  1e-05 
 9.725  38.4615  1e-05 

 5.52672  61.5  1e-05 
 5.525  61.6429  1e-05 
 5.50625  62.5  1e-05 
 5.50192  63.5  1e-05 
 5.48295  64.5  1e-05 
 5.48553  65.5  1e-05 
 5.475  65.9  1e-05 
 5.45192  66.5  1e-05 
 5.475  67.3571  1e-05 
 5.47672  67.5  1e-05 
 5.47622  68.5  1e-05 
 5.49687  69.5  1e-05 
 5.50192  70.5  1e-05 
 5.50192  71.5  1e-05 
 5.525  72.3571  1e-05 
 5.52672  72.5  1e-05 
 5.575  73.3  1e-05 
 5.58295  73.5  1e-05 
 5.575  74.0385  1e-05 
 5.55192  74.5  1e-05 
 5.56  75.5  1e-05 
 5.575  75.7308  1e-05 
 5.625  75.9737  1e-05 
 5.675  76.4375  1e-05 
 5.68  76.5  1e-05 
 5.725  77.4  1e-05 
 5.73  77.5  1e-05 
 5.775  78.0625  1e-05 
 5.81  78.5  1e-05 
 5.825  78.9286  1e-05 
 5.875  78.8  1e-05 
 5.9125  78.5  1e-05 
 5.925  78.4  1e-05 
 5.97  77.5  1e-05 
 5.975  77.4737  1e-05 
 5.9875  77.5  1e-05 
 6.025  77.8  1e-05 
 6.075  77.9615  1e-05 
 6.105  77.5  1e-05 
 6.125  76.9286  1e-05 
 6.175  76.9615  1e-05 
 6.19808  76.5  1e-05 
 6.225  76.22  1e-05 
 6.26591  75.5  1e-05 
 6.275  75.3857  1e-05 
 6.325  75.25  1e-05 
 6.35658  74.5  1e-05 
 6.375  74.1316  1e-05 
 6.41  74.5  1e-05 
 6.425  75.25  1e-05 
 6.43654  74.5  1e-05 
 6.46447  73.5  1e-05 
 6.47308  72.5  1e-05 
 6.475  72.4792  1e-05 
 6.48  72.5  1e-05 
 6.525  73.4  1e-05 
 6.55313  72.5  1e-05 
 6.575  72.3158  1e-05 
 6.625  72.25  1e-05 
 6.6625  71.5  1e-05 
 6.675  71.3621  1e-05 
 6.725  71.1429  1e-05 
 6.775  70.875  1e-05 
 6.79375  70.5  1e-05 
 6.81786  69.5  1e-05 
 6.825  69.4688  1e-05 
 6.87344  68.5  1e-05 
 6.875  68.4615  1e-05 
 6.92308  67.5  1e-05 
 6.925  67.4714  1e-05 
 6.9375  67.5  1e-05 
 6.975  67.9286  1e-05 
 6.99  67.5  1e-05 
 7.025  66.9615  1e-05 
 7.075  66.9615  1e-05 
 7.09375  66.5  1e-05 
 7.125  65.9737  1e-05 
 7.15313  65.5  1e-05 
 7.17188  64.5  1e-05 
 7.175  64.3571  1e-05 
 7.225  63.9615  1e-05 
 7.255  63.5  1e-05 
 7.275  63.2895  1e-05 
 7.325  62.9615  1e-05 
 7.36786  62.5  1e-05 
 7.355  61.5  1e-05 
 7.375  61.375  1e-05 
 7.425  61.3571  1e-05 
 7.475  60.7308  1e-05 
 7.5125  60.5  1e-05 
 7.525  60.25  1e-05 
 7.5625  59.5  1e-05 
 7.57  58.5  1e-05 
 7.575  58.4231  1e-05 
 7.6125  57.5  1e-05 
 7.62328  56.5  1e-05 
 7.625  56.4655  1e-05 
 7.63214  56.5  1e-05 
 7.675  57.3571  1e-05 

 8.325  33.0714  1e-05 
 8.30357  33.5  1e-05 
 8.275  33.75  1e-05 
 8.2625  33.5  1e-05 
 8.225  32.8684  1e-05 
 8.19342  33.5  1e-05 
 8.20192  34.5  1e-05 
 8.175  34.8182  1e-05 
 8.125  34.5385  1e-05 
 8.075  34.5526  1e-05 
 8.025  34.8182  1e-05 
 7.975  34.6429  1e-05 
 7.945  35.5  1e-05 
 7.925  35.9  1e-05 
 7.905  35.5  1e-05 
 7.875  34.9  1e-05 
 7.85192  35.5  1e-05 
 7.825  36.0385  1e-05 
 7.78214  36.5  1e-05 
 7.775  36.5625  1e-05 
 7.73553  37.5  1e-05 
 7.725  37.6143  1e-05 
 7.675  38.0714  1e-05 
 7.6375  38.5  1e-05 
 7.625  38.5286  1e-05 
 7.61786  38.5  1e-05 
 7.575  37.6429  1e-05 
 7.55625  38.5  1e-05 
 7.54286  39.5  1e-05 
 7.525  40.125  1e-05 
 7.475  39.6429  1e-05 
 7.425  39.9  1e-05 
 7.395  40.5  1e-05 
 7.375  40.9  1e-05 
 7.325  40.5769  1e-05 
 7.29342  41.5  1e-05 
 7.275  41.9375  1e-05 
 7.23  42.5  1e-05 
 7.225  42.6  1e-05 
 7.21786  42.5  1e-05 
 7.175  42.125  1e-05 
 7.145  42.5  1e-05 
 7.12727  43.5  1e-05 
 7.125  43.5526  1e-05 
 7.12115  43.5  1e-05 
 7.075  42.8684  1e-05 
 7.0375  43.5  1e-05 
 7.025  43.75  1e-05 
 6.99773  44.5  1e-05 
 6.975  44.7632  1e-05 
 6.925  44.6  1e-05 
 6.875  45.125  1e-05 
 6.85192  45.5  1e-05 
 6.825  45.7  1e-05 
 6.77672  46.5  1e-05 
 6.775  46.5455  1e-05 
 6.725  46.625  1e-05 
 6.675  46.9545  1e-05 
 6.625  47.2692  1e-05 
 6.5875  47.5  1e-05 
 6.575  47.6  1e-05 
 6.525  47.8182  1e-05 
 6.48553  48.5  1e-05 
 6.475  48.7105  1e-05 
 6.425  49.125  1e-05 
 6.375  48.9375  1e-05 
 6.325  49.2692  1e-05 
 6.31  49.5  1e-05 
 6.275  49.8684  1e-05 
 6.2375  50.5  1e-05 
 6.225  50.5976  1e-05 
 6.175  50.8077  1e-05 
 6.125  51.0714  1e-05 
 6.11346  51.5  1e-05 
 6.075  51.7632  1e-05 
 6.025  51.9375  1e-05 
 5.975  52.125  1e-05 
 5.95625  52.5  1e-05 
 5.925  53.2692  1e-05 
 5.875  53.2  1e-05 
 5.86  53.5  1e-05 
 5.875  54.25  1e-05 
 5.87672  54.5  1e-05 
 5.875  54.5137  1e-05 
 5.825  54.5222  1e-05 
 5.775  54.8077  1e-05 
 5.74687  55.5  1e-05 
 5.725  55.75  1e-05 
 5.69113  56.5  1e-05 
 5.675  57.125  1e-05 
 5.625  57.0714  1e-05 
 5.61346  57.5  1e-05 
 5.575  58.2692  1e-05 
 5.56346  58.5  1e-05 
 5.575  58.9286  1e-05 
 5.58409  59.5  1e-05 
 5.575  59.8077  1e-05 
 5.54038  60.5  1e-05 
 5.52672  61.5  1e-05 

 10.27  22.5  1e-05 
 10.225  21.6  1e-05 
 10.2125  21.5  1e-05 
 10.175  21.0714  1e-05 
 10.1464  20.5  1e-05 
 10.1679  19.5  1e-05 
 10.125  18.6429  1e-05 
 10.075  18.9  1e-05 
 10.055  18.5  1e-05 
 10.025  18.0385  1e-05 
 9.995  18.5  1e-05 
 10.025  19.1  1e-05 
 10.045  19.5  1e-05 
 10.025  19.7105  1e-05 
 9.99643  19.5  1e-05 
 9.975  19.0714  1e-05 
 9.94643  18.5  1e-05 
 9.94  17.5  1e-05 
 9.925  17.2  1e-05 
 9.8875  17.5  1e-05 
 9.875  17.5455  1e-05 
 9.833  18.5  1e-05 
 9.875  19.4545  1e-05 
 9.925  18.9286  1e-05 
 9.95357  19.5  1e-05 
 9.95192  20.5  1e-05 
 9.925  21.0385  1e-05 
 9.91705  20.5  1e-05 
 9.875  19.5263  1e-05 
 9.825  19.6379  1e-05 
 9.775  19.9  1e-05 
 9.75962  19.5  1e-05 
 9.725  18.9375  1e-05 
 9.675  19.2  1e-05 
 9.66  19.5  1e-05 
 9.675  19.9286  1e-05 
 9.69038  20.5  1e-05 
 9.675  20.66  1e-05 
 9.64643  20.5  1e-05 
 9.625  20.2  1e-05 
 9.60357  20.5  1e-05 
 9.58  21.5  1e-05 
 9.575  21.6429  1e-05 
 9.525  21.5625  1e-05 
 9.5125  21.5  1e-05 
 9.475  21.2  1e-05 
 9.46346  21.5  1e-05 
 9.475  21.9286  1e-05 
 9.48553  22.5  1e-05 
 9.483  23.5  1e-05 
 9.475  23.625  1e-05 
 9.44643  23.5  1e-05 
 9.425  23.2  1e-05 
 9.39  22.5  1e-05 
 9.375  22.2692  1e-05 
 9.35357  22.5  1e-05 
 9.375  22.8  1e-05 
 9.41  23.5  1e-05 
 9.3875  24.5  1e-05 
 9.375  24.75  1e-05 
 9.325  24.6  1e-05 
 9.275  24.6429  1e-05 
 9.225  24.8684  1e-05 
 9.19773  25.5  1e-05 
 9.225  26.25  1e-05 
 9.275  26.3571  1e-05 
 9.27643  26.5  1e-05 
 9.275  26.5625  1e-05 
 9.225  26.9  1e-05 
 9.195  27.5  1e-05 
 9.19038  28.5  1e-05 
 9.175  28.66  1e-05 
 9.15962  28.5  1e-05 
 9.125  27.9375  1e-05 
 9.09038  28.5  1e-05 
 9.10357  29.5  1e-05 
 9.075  29.9  1e-05 
 9.025  29.75  1e-05 
 8.975  30.0385  1e-05 
 8.95625  30.5  1e-05 
 8.95192  31.5  1e-05 
 8.95192  32.5  1e-05 
 8.925  33.2  1e-05 
 8.90312  32.5  1e-05 
 8.875  31.6  1e-05 
 8.825  31.8684  1e-05 
 8.7875  32.5  1e-05 
 8.775  32.75  1e-05 
 8.74643  32.5  1e-05 
 8.725  32.2692  1e-05 
 8.71346  32.5  1e-05 
 8.675  33.0263  1e-05 
 8.625  32.6  1e-05 
 8.575  32.9  1e-05 
 8.525  32.5526  1e-05 
 8.475  32.8684  1e-05 
 8.425  32.78  1e-05 
 8.375  33.0714  1e-05 
 8.325  33.0714  1e-05 

