
# Surface 0 of 1 surfaces

# Curve title: ""../GalNAc/GNC_2D_gly.txt" using 1:2:7"
# Contour 0, label:   0.0006
 2.72455  109.5  0.0006 
 2.725  109.514  0.0006 
 2.74745  110.5  0.0006 
 2.76005  111.5  0.0006 
 2.775  112.173  0.0006 
 2.7923  112.5  0.0006 
 2.825  113.189  0.0006 
 2.875  112.934  0.0006 
 2.89817  112.5  0.0006 
 2.925  111.785  0.0006 
 2.93679  111.5  0.0006 
 2.975  110.515  0.0006 
 2.97558  110.5  0.0006 
 3.00643  109.5  0.0006 
 3.00933  108.5  0.0006 
 3.025  107.596  0.0006 
 3.02832  107.5  0.0006 
 3.05377  106.5  0.0006 
 3.06476  105.5  0.0006 
 3.06646  104.5  0.0006 
 3.075  103.773  0.0006 
 3.08347  103.5  0.0006 
 3.09583  102.5  0.0006 
 3.10779  101.5  0.0006 
 3.11532  100.5  0.0006 
 3.11412  99.5  0.0006 
 3.11858  98.5  0.0006 
 3.125  97.6258  0.0006 
 3.12749  97.5  0.0006 
 3.125  97.1  0.0006 
 3.1235  96.5  0.0006 
 3.125  95.9915  0.0006 
 3.1282  95.5  0.0006 
 3.12717  94.5  0.0006 
 3.125  94.34  0.0006 
 3.1196  93.5  0.0006 
 3.11927  92.5  0.0006 
 3.125  91.893  0.0006 
 3.13298  91.5  0.0006 

 3.13298  91.5  0.0006 
 3.125  90.9104  0.0006 
 3.1209  90.5  0.0006 
 3.12196  89.5  0.0006 
 3.11301  88.5  0.0006 
 3.11096  87.5  0.0006 
 3.10263  86.5  0.0006 
 3.10967  85.5  0.0006 
 3.10042  84.5  0.0006 
 3.10456  83.5  0.0006 
 3.1003  82.5  0.0006 
 3.09174  81.5  0.0006 
 3.08361  80.5  0.0006 
 3.08601  79.5  0.0006 
 3.08682  78.5  0.0006 
 3.09176  77.5  0.0006 
 3.075  76.5674  0.0006 
 3.07428  76.5  0.0006 
 3.075  76.37  0.0006 
 3.08561  75.5  0.0006 
 3.075  74.804  0.0006 
 3.07185  74.5  0.0006 
 3.07182  73.5  0.0006 
 3.075  72.8816  0.0006 
 3.07943  72.5  0.0006 
 3.075  72.0085  0.0006 
 3.07255  71.5  0.0006 
 3.06736  70.5  0.0006 
 3.05598  69.5  0.0006 
 3.06381  68.5  0.0006 
 3.05896  67.5  0.0006 
 3.05087  66.5  0.0006 
 3.04397  65.5  0.0006 
 3.04176  64.5  0.0006 
 3.04478  63.5  0.0006 
 3.025  62.854  0.0006 
 3.01364  62.5  0.0006 
 3.02177  61.5  0.0006 
 2.99904  60.5  0.0006 
 3.02127  59.5  0.0006 
 3.02171  58.5  0.0006 
 2.975  57.797  0.0006 
 2.925  58.0978  0.0006 
 2.91962  58.5  0.0006 
 2.88467  59.5  0.0006 
 2.89214  60.5  0.0006 
 2.875  60.8892  0.0006 
 2.85772  61.5  0.0006 
 2.84468  62.5  0.0006 
 2.86015  63.5  0.0006 
 2.8368  64.5  0.0006 
 2.82694  65.5  0.0006 
 2.825  65.6733  0.0006 
 2.81695  66.5  0.0006 
 2.80645  67.5  0.0006 
 2.81005  68.5  0.0006 
 2.80071  69.5  0.0006 
 2.78953  70.5  0.0006 
 2.78815  71.5  0.0006 
 2.775  72.3303  0.0006 
 2.7704  72.5  0.0006 
 2.76056  73.5  0.0006 
 2.76658  74.5  0.0006 
 2.76047  75.5  0.0006 
 2.74869  76.5  0.0006 
 2.74526  77.5  0.0006 
 2.74715  78.5  0.0006 
 2.74612  79.5  0.0006 
 2.74413  80.5  0.0006 
 2.73791  81.5  0.0006 
 2.73464  82.5  0.0006 
 2.7288  83.5  0.0006 
 2.72742  84.5  0.0006 
 2.72559  85.5  0.0006 
 2.725  85.694  0.0006 
 2.71926  86.5  0.0006 
 2.72351  87.5  0.0006 
 2.71839  88.5  0.0006 
 2.70645  89.5  0.0006 
 2.70207  90.5  0.0006 
 2.705  91.5  0.0006 
 2.6998  92.5  0.0006 
 2.69332  93.5  0.0006 
 2.69344  94.5  0.0006 
 2.69564  95.5  0.0006 
 2.68862  96.5  0.0006 
 2.69246  97.5  0.0006 
 2.69082  98.5  0.0006 
 2.68601  99.5  0.0006 
 2.68283  100.5  0.0006 
 2.68703  101.5  0.0006 
 2.68764  102.5  0.0006 
 2.68786  103.5  0.0006 
 2.68669  104.5  0.0006 
 2.69264  105.5  0.0006 
 2.70005  106.5  0.0006 
 2.70417  107.5  0.0006 
 2.7194  108.5  0.0006 
 2.72455  109.5  0.0006 


# Contour 1, label:   0.0004
 2.67749  103.5  0.0004 
 2.675  104.46  0.0004 
 2.67471  104.5  0.0004 
 2.675  104.522  0.0004 
 2.68047  105.5  0.0004 
 2.6817  106.5  0.0004 
 2.69015  107.5  0.0004 
 2.69507  108.5  0.0004 
 2.70208  109.5  0.0004 
 2.725  110.194  0.0004 
 2.73197  110.5  0.0004 
 2.7336  111.5  0.0004 
 2.74795  112.5  0.0004 
 2.775  113.363  0.0004 
 2.78153  113.5  0.0004 
 2.825  114.088  0.0004 
 2.86847  113.5  0.0004 
 2.875  113.442  0.0004 
 2.925  112.53  0.0004 
 2.92609  112.5  0.0004 
 2.96664  111.5  0.0004 
 2.975  111.285  0.0004 
 3.00465  110.5  0.0004 
 3.025  109.739  0.0004 
 3.03251  109.5  0.0004 
 3.02726  108.5  0.0004 
 3.06154  107.5  0.0004 
 3.07036  106.5  0.0004 
 3.075  106.021  0.0004 
 3.08484  105.5  0.0004 
 3.07705  104.5  0.0004 
 3.10734  103.5  0.0004 
 3.11217  102.5  0.0004 
 3.12269  101.5  0.0004 
 3.125  101.037  0.0004 
 3.13064  100.5  0.0004 
 3.125  99.6429  0.0004 
 3.12468  99.5  0.0004 
 3.125  99.4104  0.0004 
 3.13433  98.5  0.0004 
 3.15236  97.5  0.0004 
 3.14614  96.5  0.0004 
 3.15028  95.5  0.0004 
 3.14886  94.5  0.0004 
 3.13849  93.5  0.0004 
 3.13693  92.5  0.0004 
 3.15318  91.5  0.0004 
 3.1423  90.5  0.0004 
 3.1473  89.5  0.0004 
 3.12742  88.5  0.0004 
 3.12539  87.5  0.0004 
 3.125  87.4829  0.0004 
 3.11683  86.5  0.0004 
 3.125  85.6958  0.0004 
 3.12991  85.5  0.0004 

 3.12991  85.5  0.0004 
 3.125  84.6765  0.0004 
 3.12428  84.5  0.0004 
 3.11828  83.5  0.0004 
 3.11733  82.5  0.0004 
 3.11468  81.5  0.0004 
 3.11139  80.5  0.0004 
 3.10894  79.5  0.0004 
 3.11399  78.5  0.0004 
 3.11038  77.5  0.0004 
 3.12345  76.5  0.0004 
 3.11  75.5  0.0004 
 3.10511  74.5  0.0004 
 3.10442  73.5  0.0004 
 3.11002  72.5  0.0004 
 3.10173  71.5  0.0004 
 3.10044  70.5  0.0004 
 3.09215  69.5  0.0004 
 3.09167  68.5  0.0004 
 3.08074  67.5  0.0004 
 3.09114  66.5  0.0004 
 3.07554  65.5  0.0004 
 3.075  65.4524  0.0004 
 3.06946  64.5  0.0004 
 3.07188  63.5  0.0004 
 3.0625  62.5  0.0004 
 3.07345  61.5  0.0004 
 3.04821  60.5  0.0004 
 3.06138  59.5  0.0004 
 3.05208  58.5  0.0004 
 3.025  57.6372  0.0004 
 3.01729  57.5  0.0004 
 2.99038  56.5  0.0004 
 3.00709  55.5  0.0004 
 2.975  54.8175  0.0004 
 2.925  55.148  0.0004 
 2.91043  55.5  0.0004 
 2.9242  56.5  0.0004 
 2.875  56.9457  0.0004 
 2.85161  57.5  0.0004 
 2.875  58.0885  0.0004 
 2.89055  58.5  0.0004 
 2.875  58.9115  0.0004 
 2.84352  59.5  0.0004 
 2.84438  60.5  0.0004 
 2.82714  61.5  0.0004 
 2.825  61.6522  0.0004 
 2.81209  62.5  0.0004 
 2.825  63.4286  0.0004 
 2.82602  63.5  0.0004 
 2.825  63.555  0.0004 
 2.79089  64.5  0.0004 
 2.775  65.1316  0.0004 
 2.77103  65.5  0.0004 
 2.775  65.6854  0.0004 
 2.79097  66.5  0.0004 
 2.78476  67.5  0.0004 
 2.7836  68.5  0.0004 
 2.775  69.2738  0.0004 
 2.77201  69.5  0.0004 
 2.76624  70.5  0.0004 
 2.77156  71.5  0.0004 
 2.74552  72.5  0.0004 
 2.73669  73.5  0.0004 
 2.74904  74.5  0.0004 
 2.73795  75.5  0.0004 
 2.73235  76.5  0.0004 
 2.72772  77.5  0.0004 
 2.72984  78.5  0.0004 
 2.72909  79.5  0.0004 
 2.725  80.3136  0.0004 
 2.72323  80.5  0.0004 
 2.725  80.8235  0.0004 
 2.72633  81.5  0.0004 
 2.725  82.0476  0.0004 
 2.72109  82.5  0.0004 
 2.70644  83.5  0.0004 
 2.709  84.5  0.0004 
 2.70544  85.5  0.0004 
 2.69798  86.5  0.0004 
 2.69863  87.5  0.0004 
 2.69707  88.5  0.0004 
 2.69032  89.5  0.0004 
 2.6828  90.5  0.0004 
 2.68819  91.5  0.0004 
 2.68855  92.5  0.0004 
 2.68228  93.5  0.0004 
 2.68259  94.5  0.0004 
 2.68254  95.5  0.0004 
 2.67727  96.5  0.0004 
 2.68407  97.5  0.0004 
 2.68254  98.5  0.0004 
 2.67683  99.5  0.0004 
 2.675  99.9301  0.0004 
 2.66827  100.5  0.0004 
 2.675  100.986  0.0004 
 2.67763  101.5  0.0004 
 2.67745  102.5  0.0004 
 2.67749  103.5  0.0004 


# Contour 2, label:   0.0002
 2.68808  84.5  0.0002 
 2.68452  85.5  0.0002 
 2.6767  86.5  0.0002 
 2.675  87.1154  0.0002 
 2.67216  87.5  0.0002 
 2.675  88.0882  0.0002 
 2.67575  88.5  0.0002 
 2.675  88.9118  0.0002 
 2.67241  89.5  0.0002 
 2.64968  90.5  0.0002 
 2.66514  91.5  0.0002 
 2.675  92.0119  0.0002 
 2.67731  92.5  0.0002 
 2.675  92.8761  0.0002 
 2.6594  93.5  0.0002 
 2.66007  94.5  0.0002 
 2.65966  95.5  0.0002 
 2.64919  96.5  0.0002 
 2.675  97.4091  0.0002 
 2.67567  97.5  0.0002 
 2.675  97.9706  0.0002 
 2.66934  98.5  0.0002 
 2.64919  99.5  0.0002 
 2.64289  100.5  0.0002 
 2.65116  101.5  0.0002 
 2.64372  102.5  0.0002 
 2.64906  103.5  0.0002 
 2.64555  104.5  0.0002 
 2.64764  105.5  0.0002 
 2.65452  106.5  0.0002 
 2.675  107.388  0.0002 
 2.67612  107.5  0.0002 
 2.675  107.814  0.0002 
 2.66554  108.5  0.0002 
 2.675  108.961  0.0002 
 2.67961  109.5  0.0002 
 2.69977  110.5  0.0002 
 2.68255  111.5  0.0002 
 2.70505  112.5  0.0002 
 2.71639  113.5  0.0002 
 2.725  113.708  0.0002 
 2.75613  114.5  0.0002 
 2.775  115.094  0.0002 
 2.82381  115.5  0.0002 
 2.825  115.559  0.0002 
 2.827  115.5  0.0002 
 2.875  115.142  0.0002 
 2.925  114.53  0.0002 
 2.92535  114.5  0.0002 
 2.96168  113.5  0.0002 
 2.975  113.192  0.0002 
 3.00489  112.5  0.0002 
 3.01786  111.5  0.0002 
 3.025  111.214  0.0002 
 3.04487  110.5  0.0002 
 3.06664  109.5  0.0002 
 3.06842  108.5  0.0002 
 3.075  108.288  0.0002 
 3.09939  107.5  0.0002 
 3.10357  106.5  0.0002 
 3.1171  105.5  0.0002 
 3.11437  104.5  0.0002 
 3.125  103.977  0.0002 
 3.13787  103.5  0.0002 
 3.13668  102.5  0.0002 
 3.15298  101.5  0.0002 
 3.16199  100.5  0.0002 
 3.15712  99.5  0.0002 
 3.16491  98.5  0.0002 
 3.175  97.7143  0.0002 
 3.18066  97.5  0.0002 
 3.175  97.14  0.0002 
 3.17102  96.5  0.0002 
 3.17235  95.5  0.0002 
 3.17055  94.5  0.0002 
 3.1669  93.5  0.0002 
 3.16751  92.5  0.0002 
 3.17338  91.5  0.0002 
 3.16617  90.5  0.0002 
 3.175  89.619  0.0002 
 3.17748  89.5  0.0002 

 3.17748  89.5  0.0002 
 3.175  89.1154  0.0002 
 3.17148  88.5  0.0002 
 3.164  87.5  0.0002 
 3.1503  86.5  0.0002 
 3.165  85.5  0.0002 
 3.15904  84.5  0.0002 
 3.14839  83.5  0.0002 
 3.14934  82.5  0.0002 
 3.15625  81.5  0.0002 
 3.15708  80.5  0.0002 
 3.14487  79.5  0.0002 
 3.15229  78.5  0.0002 
 3.13924  77.5  0.0002 
 3.15811  76.5  0.0002 
 3.14266  75.5  0.0002 
 3.14813  74.5  0.0002 
 3.14558  73.5  0.0002 
 3.15142  72.5  0.0002 
 3.13969  71.5  0.0002 
 3.14054  70.5  0.0002 
 3.13066  69.5  0.0002 
 3.12995  68.5  0.0002 
 3.125  68.1154  0.0002 
 3.12172  67.5  0.0002 
 3.12249  66.5  0.0002 
 3.125  66.0294  0.0002 
 3.13096  65.5  0.0002 
 3.125  65.0714  0.0002 
 3.11848  64.5  0.0002 
 3.1156  63.5  0.0002 
 3.125  63.0119  0.0002 
 3.13614  62.5  0.0002 
 3.125  62.07  0.0002 
 3.11365  61.5  0.0002 
 3.10959  60.5  0.0002 
 3.10951  59.5  0.0002 
 3.08806  58.5  0.0002 
 3.07995  57.5  0.0002 
 3.075  57.2059  0.0002 
 3.06661  56.5  0.0002 
 3.075  55.7941  0.0002 
 3.0777  55.5  0.0002 
 3.075  55.2619  0.0002 
 3.06494  54.5  0.0002 
 3.025  53.7784  0.0002 
 3.00672  53.5  0.0002 
 3.025  52.6695  0.0002 
 3.02995  52.5  0.0002 
 3.03095  51.5  0.0002 
 3.025  51.3684  0.0002 
 2.99233  50.5  0.0002 
 2.97575  49.5  0.0002 
 2.975  49.4851  0.0002 
 2.925  49.3305  0.0002 
 2.9215  49.5  0.0002 
 2.9035  50.5  0.0002 
 2.875  51.4828  0.0002 
 2.8746  51.5  0.0002 
 2.86522  52.5  0.0002 
 2.8535  53.5  0.0002 
 2.86875  54.5  0.0002 
 2.8403  55.5  0.0002 
 2.83968  56.5  0.0002 
 2.825  57.0517  0.0002 
 2.81639  57.5  0.0002 
 2.825  57.8881  0.0002 
 2.8403  58.5  0.0002 
 2.825  58.7715  0.0002 
 2.78396  59.5  0.0002 
 2.77778  60.5  0.0002 
 2.77681  61.5  0.0002 
 2.77897  62.5  0.0002 
 2.775  62.9068  0.0002 
 2.76506  63.5  0.0002 
 2.74472  64.5  0.0002 
 2.74271  65.5  0.0002 
 2.75312  66.5  0.0002 
 2.74375  67.5  0.0002 
 2.73832  68.5  0.0002 
 2.74057  69.5  0.0002 
 2.72639  70.5  0.0002 
 2.73533  71.5  0.0002 
 2.725  72.1196  0.0002 
 2.71458  72.5  0.0002 
 2.70597  73.5  0.0002 
 2.725  74.0795  0.0002 
 2.73149  74.5  0.0002 
 2.725  74.9654  0.0002 
 2.70619  75.5  0.0002 
 2.70309  76.5  0.0002 
 2.69535  77.5  0.0002 
 2.70116  78.5  0.0002 
 2.69833  79.5  0.0002 
 2.69097  80.5  0.0002 
 2.68858  81.5  0.0002 
 2.67994  82.5  0.0002 
 2.67934  83.5  0.0002 
 2.68808  84.5  0.0002 


# Contour 3, label:   0.0001
 2.63789  98.5  0.0001 
 2.63306  99.5  0.0001 
 2.6302  100.5  0.0001 
 2.6346  101.5  0.0001 
 2.625  102.366  0.0001 
 2.62054  102.5  0.0001 
 2.625  102.68  0.0001 
 2.632  103.5  0.0001 
 2.63098  104.5  0.0001 
 2.625  105.32  0.0001 
 2.62054  105.5  0.0001 
 2.625  105.598  0.0001 
 2.63839  106.5  0.0001 
 2.647  107.5  0.0001 
 2.63851  108.5  0.0001 
 2.6455  109.5  0.0001 
 2.675  110.381  0.0001 
 2.67683  110.5  0.0001 
 2.675  110.595  0.0001 
 2.6511  111.5  0.0001 
 2.675  112.326  0.0001 
 2.67915  112.5  0.0001 
 2.68328  113.5  0.0001 
 2.72425  114.5  0.0001 
 2.72434  115.5  0.0001 
 2.725  115.529  0.0001 
 2.76429  116.5  0.0001 
 2.76034  117.5  0.0001 
 2.775  117.754  0.0001 
 2.792  117.5  0.0001 
 2.825  117.218  0.0001 
 2.85297  117.5  0.0001 
 2.875  117.757  0.0001 
 2.88787  117.5  0.0001 
 2.87575  116.5  0.0001 
 2.925  116.007  0.0001 
 2.95037  115.5  0.0001 
 2.96056  114.5  0.0001 
 2.975  114.054  0.0001 
 3.025  113.62  0.0001 
 3.02913  113.5  0.0001 
 3.03602  112.5  0.0001 
 3.05986  111.5  0.0001 
 3.075  110.714  0.0001 
 3.07989  110.5  0.0001 
 3.09524  109.5  0.0001 
 3.10037  108.5  0.0001 
 3.11988  107.5  0.0001 
 3.12341  106.5  0.0001 
 3.125  106.364  0.0001 
 3.14283  105.5  0.0001 
 3.1506  104.5  0.0001 
 3.16262  103.5  0.0001 
 3.16386  102.5  0.0001 
 3.16954  101.5  0.0001 
 3.175  100.84  0.0001 
 3.18424  100.5  0.0001 
 3.175  99.82  0.0001 
 3.17368  99.5  0.0001 
 3.175  99.3095  0.0001 
 3.18953  98.5  0.0001 
 3.21211  97.5  0.0001 
 3.19878  96.5  0.0001 
 3.20336  95.5  0.0001 
 3.19701  94.5  0.0001 
 3.19629  93.5  0.0001 
 3.19679  92.5  0.0001 
 3.20458  91.5  0.0001 
 3.18787  90.5  0.0001 
 3.20223  89.5  0.0001 
 3.20015  88.5  0.0001 
 3.19472  87.5  0.0001 
 3.18424  86.5  0.0001 
 3.19472  85.5  0.0001 
 3.18172  84.5  0.0001 
 3.175  84.14  0.0001 
 3.17133  83.5  0.0001 
 3.17146  82.5  0.0001 
 3.175  82.18  0.0001 
 3.19348  81.5  0.0001 
 3.19206  80.5  0.0001 
 3.17989  79.5  0.0001 
 3.17554  78.5  0.0001 
 3.175  78.3889  0.0001 
 3.17235  77.5  0.0001 
 3.175  76.6111  0.0001 
 3.1756  76.5  0.0001 
 3.175  76.4762  0.0001 
 3.1656  75.5  0.0001 
 3.17301  74.5  0.0001 
 3.1677  73.5  0.0001 
 3.175  72.7143  0.0001 
 3.17946  72.5  0.0001 
 3.175  72.2353  0.0001 
 3.16794  71.5  0.0001 
 3.16645  70.5  0.0001 
 3.16211  69.5  0.0001 
 3.175  68.68  0.0001 
 3.17989  68.5  0.0001 

 3.17989  68.5  0.0001 
 3.175  68.32  0.0001 
 3.1586  67.5  0.0001 
 3.17065  66.5  0.0001 
 3.16407  65.5  0.0001 
 3.15516  64.5  0.0001 
 3.1545  63.5  0.0001 
 3.16205  62.5  0.0001 
 3.1506  61.5  0.0001 
 3.14524  60.5  0.0001 
 3.14472  59.5  0.0001 
 3.12575  58.5  0.0001 
 3.13263  57.5  0.0001 
 3.12598  56.5  0.0001 
 3.125  56.4868  0.0001 
 3.10473  55.5  0.0001 
 3.11548  54.5  0.0001 
 3.125  53.86  0.0001 
 3.13172  53.5  0.0001 
 3.125  53.14  0.0001 
 3.093  52.5  0.0001 
 3.09211  51.5  0.0001 
 3.0944  50.5  0.0001 
 3.075  49.881  0.0001 
 3.059  49.5  0.0001 
 3.02566  48.5  0.0001 
 3.05037  47.5  0.0001 
 3.025  46.9925  0.0001 
 2.97647  46.5  0.0001 
 2.975  46.4706  0.0001 
 2.925  46.0952  0.0001 
 2.875  46.2857  0.0001 
 2.87087  46.5  0.0001 
 2.875  46.62  0.0001 
 2.925  46.7931  0.0001 
 2.9556  47.5  0.0001 
 2.925  47.9457  0.0001 
 2.875  48.16  0.0001 
 2.84619  48.5  0.0001 
 2.875  49.0075  0.0001 
 2.88654  49.5  0.0001 
 2.875  49.9342  0.0001 
 2.85371  50.5  0.0001 
 2.83492  51.5  0.0001 
 2.825  51.9902  0.0001 
 2.81213  52.5  0.0001 
 2.79671  53.5  0.0001 
 2.79248  54.5  0.0001 
 2.8014  55.5  0.0001 
 2.78452  56.5  0.0001 
 2.78328  57.5  0.0001 
 2.775  58.4615  0.0001 
 2.77446  58.5  0.0001 
 2.74484  59.5  0.0001 
 2.73559  60.5  0.0001 
 2.74575  61.5  0.0001 
 2.74484  62.5  0.0001 
 2.73665  63.5  0.0001 
 2.725  64.4762  0.0001 
 2.7245  64.5  0.0001 
 2.725  64.5385  0.0001 
 2.72854  65.5  0.0001 
 2.725  66.4615  0.0001 
 2.7244  66.5  0.0001 
 2.71151  67.5  0.0001 
 2.70321  68.5  0.0001 
 2.72434  69.5  0.0001 
 2.69248  70.5  0.0001 
 2.70678  71.5  0.0001 
 2.68482  72.5  0.0001 
 2.68731  73.5  0.0001 
 2.71087  74.5  0.0001 
 2.68407  75.5  0.0001 
 2.68317  76.5  0.0001 
 2.67781  77.5  0.0001 
 2.6846  78.5  0.0001 
 2.68079  79.5  0.0001 
 2.675  80.4706  0.0001 
 2.67446  80.5  0.0001 
 2.6594  81.5  0.0001 
 2.64983  82.5  0.0001 
 2.64963  83.5  0.0001 
 2.675  84.2312  0.0001 
 2.67762  84.5  0.0001 
 2.675  85.2353  0.0001 
 2.67011  85.5  0.0001 
 2.65114  86.5  0.0001 
 2.64375  87.5  0.0001 
 2.64858  88.5  0.0001 
 2.6465  89.5  0.0001 
 2.6284  90.5  0.0001 
 2.6422  91.5  0.0001 
 2.65423  92.5  0.0001 
 2.63647  93.5  0.0001 
 2.6352  94.5  0.0001 
 2.64161  95.5  0.0001 
 2.63306  96.5  0.0001 
 2.64542  97.5  0.0001 
 2.63789  98.5  0.0001 


# Contour 4, label:    5e-05
 3.125  48.5  5e-05 
 3.075  47.9048  5e-05 
 3.05855  48.5  5e-05 
 3.075  48.9237  5e-05 
 3.125  48.5  5e-05 

 3.15476  55.5  5e-05 
 3.125  55.0763  5e-05 
 3.11824  55.5  5e-05 
 3.125  55.8289  5e-05 
 3.15476  55.5  5e-05 

 2.69464  66.5  5e-05 
 2.69167  67.5  5e-05 
 2.68184  68.5  5e-05 
 2.69145  69.5  5e-05 
 2.675  70.5  5e-05 
 2.68559  71.5  5e-05 
 2.675  72.0952  5e-05 
 2.66059  72.5  5e-05 
 2.675  73.0152  5e-05 
 2.67799  73.5  5e-05 
 2.6837  74.5  5e-05 
 2.675  75.14  5e-05 
 2.66618  75.5  5e-05 
 2.66176  76.5  5e-05 
 2.65263  77.5  5e-05 
 2.675  78.3095  5e-05 
 2.67632  78.5  5e-05 
 2.675  78.82  5e-05 
 2.66231  79.5  5e-05 
 2.64758  80.5  5e-05 
 2.63647  81.5  5e-05 
 2.63328  82.5  5e-05 
 2.63097  83.5  5e-05 
 2.65  84.5  5e-05 
 2.64293  85.5  5e-05 
 2.63693  86.5  5e-05 
 2.62955  87.5  5e-05 
 2.63438  88.5  5e-05 
 2.63355  89.5  5e-05 
 2.625  89.9925  5e-05 
 2.60476  90.5  5e-05 
 2.625  91.0763  5e-05 
 2.63073  91.5  5e-05 
 2.63662  92.5  5e-05 
 2.625  93.5  5e-05 
 2.61737  94.5  5e-05 
 2.625  94.6765  5e-05 
 2.63258  95.5  5e-05 
 2.625  96.5  5e-05 
 2.62782  97.5  5e-05 
 2.625  97.9706  5e-05 
 2.61618  98.5  5e-05 
 2.625  99.5  5e-05 
 2.61618  100.5  5e-05 
 2.625  101.029  5e-05 
 2.62632  101.5  5e-05 
 2.625  101.619  5e-05 
 2.59579  102.5  5e-05 
 2.61429  103.5  5e-05 
 2.61618  104.5  5e-05 
 2.59579  105.5  5e-05 
 2.625  106.141  5e-05 
 2.63032  106.5  5e-05 
 2.63033  107.5  5e-05 
 2.625  108.5  5e-05 
 2.61737  109.5  5e-05 
 2.625  109.765  5e-05 
 2.64366  110.5  5e-05 
 2.63538  111.5  5e-05 
 2.641  112.5  5e-05 
 2.65  113.5  5e-05 
 2.675  114.11  5e-05 
 2.68694  114.5  5e-05 
 2.69145  115.5  5e-05 
 2.675  116.5  5e-05 
 2.707  117.5  5e-05 
 2.725  118.029  5e-05 
 2.775  118.5  5e-05 
 2.825  119.11  5e-05 
 2.85  118.5  5e-05 
 2.875  118.252  5e-05 
 2.91262  117.5  5e-05 
 2.91306  116.5  5e-05 
 2.925  116.381  5e-05 
 2.96903  115.5  5e-05 
 2.975  114.86  5e-05 
 2.993  114.5  5e-05 
 3.025  114.287  5e-05 
 3.05206  113.5  5e-05 
 3.0572  112.5  5e-05 
 3.075  111.788  5e-05 
 3.092  111.5  5e-05 
 3.10707  110.5  5e-05 
 3.11508  109.5  5e-05 
 3.11903  108.5  5e-05 
 3.125  108.11  5e-05 
 3.14366  107.5  5e-05 
 3.15  106.5  5e-05 
 3.16031  105.5  5e-05 
 3.175  104.676  5e-05 
 3.18263  104.5  5e-05 
 3.175  103.5  5e-05 
 3.18382  102.5  5e-05 
 3.20076  101.5  5e-05 
 3.21141  100.5  5e-05 
 3.20634  99.5  5e-05 
 3.2109  98.5  5e-05 
 3.225  97.7143  5e-05 
 3.23571  97.5  5e-05 

 3.23571  97.5  5e-05 
 3.225  97.2353  5e-05 
 3.21626  96.5  5e-05 
 3.22201  95.5  5e-05 
 3.21567  94.5  5e-05 
 3.22104  93.5  5e-05 
 3.21816  92.5  5e-05 
 3.22218  91.5  5e-05 
 3.21262  90.5  5e-05 
 3.2146  89.5  5e-05 
 3.21512  88.5  5e-05 
 3.21766  87.5  5e-05 
 3.21141  86.5  5e-05 
 3.21766  85.5  5e-05 
 3.21903  84.5  5e-05 
 3.20381  83.5  5e-05 
 3.20381  82.5  5e-05 
 3.22065  81.5  5e-05 
 3.2119  80.5  5e-05 
 3.20707  79.5  5e-05 
 3.20242  78.5  5e-05 
 3.217  77.5  5e-05 
 3.20536  76.5  5e-05 
 3.193  75.5  5e-05 
 3.2  74.5  5e-05 
 3.192  73.5  5e-05 
 3.20421  72.5  5e-05 
 3.21288  71.5  5e-05 
 3.20076  70.5  5e-05 
 3.193  69.5  5e-05 
 3.20707  68.5  5e-05 
 3.193  67.5  5e-05 
 3.20634  66.5  5e-05 
 3.18941  65.5  5e-05 
 3.175  64.5  5e-05 
 3.18382  63.5  5e-05 
 3.175  62.5  5e-05 
 3.20147  61.5  5e-05 
 3.175  61.2353  5e-05 
 3.16508  60.5  5e-05 
 3.16766  59.5  5e-05 
 3.16306  58.5  5e-05 
 3.175  57.5  5e-05 
 3.175  56.5  5e-05 
 3.18769  55.5  5e-05 
 3.175  55.0952  5e-05 
 3.15381  54.5  5e-05 
 3.16903  53.5  5e-05 
 3.15037  52.5  5e-05 
 3.125  51.5  5e-05 
 3.13571  50.5  5e-05 
 3.13824  49.5  5e-05 
 3.125  48.5  5e-05 
 3.10076  47.5  5e-05 
 3.10037  46.5  5e-05 
 3.092  45.5  5e-05 
 3.075  44.9848  5e-05 
 3.025  44.5  5e-05 
 3.04783  43.5  5e-05 
 3.025  42.66  5e-05 
 2.975  42.9925  5e-05 
 2.925  43.14  5e-05 
 2.91618  43.5  5e-05 
 2.90476  44.5  5e-05 
 2.875  45.0952  5e-05 
 2.84924  45.5  5e-05 
 2.84794  46.5  5e-05 
 2.875  47.2867  5e-05 
 2.907  47.5  5e-05 
 2.875  47.66  5e-05 
 2.843  47.5  5e-05 
 2.825  47.3475  5e-05 
 2.81618  47.5  5e-05 
 2.80634  48.5  5e-05 
 2.775  49.3235  5e-05 
 2.76737  49.5  5e-05 
 2.775  49.7143  5e-05 
 2.825  49.5  5e-05 
 2.82896  50.5  5e-05 
 2.825  50.7424  5e-05 
 2.78712  51.5  5e-05 
 2.78738  52.5  5e-05 
 2.775  53.0952  5e-05 
 2.76231  53.5  5e-05 
 2.775  54.5  5e-05 
 2.7814  55.5  5e-05 
 2.775  55.82  5e-05 
 2.741  56.5  5e-05 
 2.73712  57.5  5e-05 
 2.74758  58.5  5e-05 
 2.725  59.5  5e-05 
 2.70833  60.5  5e-05 
 2.725  61.1098  5e-05 
 2.73003  61.5  5e-05 
 2.725  62.5  5e-05 
 2.71618  63.5  5e-05 
 2.69975  64.5  5e-05 
 2.70345  65.5  5e-05 
 2.69464  66.5  5e-05 


# Contour 5, label:    1e-05
 2.93088  40.5  1e-05 
 2.925  40.4231  1e-05 
 2.91389  40.5  1e-05 
 2.925  40.5769  1e-05 
 2.93088  40.5  1e-05 

 3.04559  38.5  1e-05 
 3.025  38.0882  1e-05 
 2.99559  37.5  1e-05 
 2.975  36.7222  1e-05 
 2.96912  36.5  1e-05 
 2.94559  35.5  1e-05 
 2.925  34.7222  1e-05 
 2.88611  35.5  1e-05 
 2.88088  36.5  1e-05 
 2.925  37.3824  1e-05 
 2.93611  37.5  1e-05 
 2.975  38.2778  1e-05 
 2.98611  38.5  1e-05 
 3.025  39.2778  1e-05 
 3.04559  38.5  1e-05 

 3.06389  35.5  1e-05 
 3.025  34.7222  1e-05 
 3.00441  35.5  1e-05 
 3.025  36.2778  1e-05 
 3.06389  35.5  1e-05 

 3.14559  35.5  1e-05 
 3.125  35.0882  1e-05 
 3.08611  35.5  1e-05 
 3.125  35.9118  1e-05 
 3.14559  35.5  1e-05 

 3.205  43.5  1e-05 
 3.175  42.9  1e-05 
 3.13088  43.5  1e-05 
 3.175  44.1  1e-05 
 3.205  43.5  1e-05 

 3.125  112.912  1e-05 
 3.14559  112.5  1e-05 
 3.14559  111.5  1e-05 
 3.16389  110.5  1e-05 
 3.155  109.5  1e-05 
 3.16029  108.5  1e-05 
 3.17351  107.5  1e-05 
 3.17381  106.5  1e-05 
 3.1743  105.5  1e-05 
 3.175  105.461  1e-05 
 3.18088  105.5  1e-05 
 3.18088  106.5  1e-05 
 3.225  107.1  1e-05 
 3.255  106.5  1e-05 
 3.255  105.5  1e-05 
 3.225  104.9  1e-05 
 3.21653  104.5  1e-05 
 3.22262  103.5  1e-05 
 3.22304  102.5  1e-05 
 3.225  102.423  1e-05 
 3.27115  101.5  1e-05 
 3.255  100.5  1e-05 
 3.255  99.5  1e-05 
 3.26389  98.5  1e-05 
 3.275  98.2778  1e-05 
 3.29559  97.5  1e-05 
 3.275  96.7222  1e-05 
 3.26912  96.5  1e-05 
 3.2631  95.5  1e-05 
 3.275  94.9118  1e-05 
 3.31389  94.5  1e-05 
 3.275  93.7222  1e-05 
 3.27206  93.5  1e-05 
 3.26029  92.5  1e-05 
 3.275  92.1  1e-05 
 3.305  91.5  1e-05 
 3.275  90.9  1e-05 
 3.255  90.5  1e-05 
 3.225  89.6176  1e-05 
 3.2245  89.5  1e-05 
 3.225  89.2778  1e-05 
 3.23088  89.5  1e-05 
 3.275  90.1  1e-05 
 3.305  89.5  1e-05 
 3.275  88.6176  1e-05 
 3.26389  88.5  1e-05 
 3.26029  87.5  1e-05 
 3.255  86.5  1e-05 
 3.26029  85.5  1e-05 
 3.275  85.2059  1e-05 
 3.31029  84.5  1e-05 
 3.275  83.7941  1e-05 
 3.255  83.5  1e-05 
 3.275  82.9118  1e-05 
 3.29559  82.5  1e-05 
 3.275  82.0882  1e-05 
 3.2631  81.5  1e-05 
 3.24559  80.5  1e-05 
 3.24559  79.5  1e-05 
 3.225  78.7222  1e-05 
 3.22392  78.5  1e-05 
 3.225  78.4412  1e-05 
 3.275  77.9118  1e-05 
 3.29559  77.5  1e-05 
 3.275  77.0882  1e-05 
 3.24559  76.5  1e-05 
 3.26029  75.5  1e-05 
 3.225  74.5769  1e-05 
 3.22381  74.5  1e-05 
 3.225  74.2778  1e-05 
 3.24559  73.5  1e-05 
 3.225  72.7222  1e-05 
 3.22401  72.5  1e-05 
 3.225  72.4412  1e-05 
 3.27206  71.5  1e-05 
 3.27115  70.5  1e-05 
 3.26029  69.5  1e-05 
 3.26389  68.5  1e-05 
 3.27115  67.5  1e-05 
 3.255  66.5  1e-05 
 3.225  65.6176  1e-05 
 3.22331  65.5  1e-05 
 3.225  65.2778  1e-05 
 3.275  65.1  1e-05 
 3.305  64.5  1e-05 

 2.67696  63.5  1e-05 
 2.67995  64.5  1e-05 
 2.675  65.0882  1e-05 
 2.63611  65.5  1e-05 
 2.65441  66.5  1e-05 
 2.675  67.2778  1e-05 
 2.67579  67.5  1e-05 
 2.675  67.5769  1e-05 
 2.63971  68.5  1e-05 
 2.645  69.5  1e-05 
 2.625  70.0882  1e-05 
 2.60441  70.5  1e-05 
 2.625  71.2778  1e-05 
 2.63088  71.5  1e-05 
 2.62669  72.5  1e-05 
 2.62885  73.5  1e-05 
 2.62885  74.5  1e-05 
 2.62696  75.5  1e-05 
 2.625  75.6176  1e-05 
 2.595  76.5  1e-05 
 2.625  77.3824  1e-05 
 2.62632  77.5  1e-05 
 2.6369  78.5  1e-05 
 2.63246  79.5  1e-05 
 2.62608  80.5  1e-05 
 2.625  80.6176  1e-05 
 2.595  81.5  1e-05 
 2.595  82.5  1e-05 
 2.58971  83.5  1e-05 
 2.595  84.5  1e-05 
 2.60441  85.5  1e-05 
 2.625  86.2778  1e-05 
 2.62557  86.5  1e-05 
 2.625  86.5769  1e-05 
 2.58971  87.5  1e-05 
 2.60441  88.5  1e-05 
 2.58611  89.5  1e-05 
 2.58095  90.5  1e-05 
 2.58088  91.5  1e-05 
 2.60441  92.5  1e-05 
 2.57738  93.5  1e-05 
 2.58347  94.5  1e-05 
 2.625  95.4608  1e-05 
 2.62536  95.5  1e-05 
 2.625  95.5476  1e-05 
 2.57738  96.5  1e-05 
 2.5869  97.5  1e-05 
 2.57696  98.5  1e-05 
 2.585  99.5  1e-05 
 2.57696  100.5  1e-05 
 2.5869  101.5  1e-05 
 2.57599  102.5  1e-05 
 2.575  102.722  1e-05 
 2.55441  103.5  1e-05 
 2.575  104.278  1e-05 
 2.57696  104.5  1e-05 
 2.57599  105.5  1e-05 
 2.60441  106.5  1e-05 
 2.57885  107.5  1e-05 
 2.57738  108.5  1e-05 
 2.58347  109.5  1e-05 
 2.595  110.5  1e-05 
 2.58611  111.5  1e-05 
 2.57885  112.5  1e-05 
 2.595  113.5  1e-05 
 2.625  114.1  1e-05 
 2.63971  114.5  1e-05 
 2.63088  115.5  1e-05 
 2.635  116.5  1e-05 
 2.63971  117.5  1e-05 
 2.65441  118.5  1e-05 
 2.675  119.278  1e-05 
 2.725  119.262  1e-05 
 2.775  119.452  1e-05 
 2.77885  119.5  1e-05 
 2.825  120.423  1e-05 
 2.83611  120.5  1e-05 
 2.875  121.278  1e-05 
 2.89559  120.5  1e-05 
 2.875  120.088  1e-05 
 2.86029  119.5  1e-05 
 2.875  119.1  1e-05 
 2.925  119.423  1e-05 
 2.97115  118.5  1e-05 
 2.975  118.278  1e-05 
 3.025  117.912  1e-05 
 3.04559  117.5  1e-05 
 3.025  116.722  1e-05 
 3.02115  116.5  1e-05 
 3.025  116.278  1e-05 
 3.075  116.278  1e-05 
 3.09559  115.5  1e-05 
 3.09559  114.5  1e-05 
 3.075  114.088  1e-05 
 3.07041  113.5  1e-05 
 3.07415  112.5  1e-05 
 3.075  112.466  1e-05 
 3.08611  112.5  1e-05 
 3.125  112.912  1e-05 

 3.305  64.5  1e-05 
 3.275  63.9  1e-05 
 3.225  63.7222  1e-05 
 3.22304  63.5  1e-05 
 3.215  62.5  1e-05 
 3.225  62.2619  1e-05 
 3.2631  61.5  1e-05 
 3.27206  60.5  1e-05 
 3.225  59.5588  1e-05 
 3.22115  59.5  1e-05 
 3.22115  58.5  1e-05 
 3.225  58.4231  1e-05 
 3.26029  57.5  1e-05 
 3.24559  56.5  1e-05 
 3.225  56.0882  1e-05 
 3.21754  55.5  1e-05 
 3.225  55.1  1e-05 
 3.255  54.5  1e-05 
 3.225  53.6176  1e-05 
 3.22206  53.5  1e-05 
 3.225  53.3824  1e-05 
 3.255  52.5  1e-05 
 3.225  51.6176  1e-05 
 3.21389  51.5  1e-05 
 3.21389  50.5  1e-05 
 3.21912  49.5  1e-05 
 3.175  48.6176  1e-05 
 3.17262  48.5  1e-05 
 3.175  48.3824  1e-05 
 3.205  47.5  1e-05 
 3.175  46.9  1e-05 
 3.14559  46.5  1e-05 
 3.14559  45.5  1e-05 
 3.155  44.5  1e-05 
 3.125  43.6176  1e-05 
 3.075  43.7941  1e-05 
 3.06957  43.5  1e-05 
 3.075  43.2059  1e-05 
 3.11029  42.5  1e-05 
 3.125  41.9118  1e-05 
 3.16389  41.5  1e-05 
 3.125  41.0882  1e-05 
 3.09559  40.5  1e-05 
 3.075  39.7222  1e-05 
 3.025  39.5588  1e-05 
 2.975  39.6176  1e-05 
 2.97115  39.5  1e-05 
 2.97115  38.5  1e-05 
 2.925  37.5769  1e-05 
 2.875  37.7222  1e-05 
 2.83611  38.5  1e-05 
 2.825  38.7222  1e-05 
 2.80441  39.5  1e-05 
 2.825  40.2778  1e-05 
 2.83611  40.5  1e-05 
 2.82885  41.5  1e-05 
 2.825  41.7222  1e-05 
 2.80441  42.5  1e-05 
 2.825  43.2778  1e-05 
 2.875  43.2778  1e-05 
 2.87696  43.5  1e-05 
 2.875  43.6176  1e-05 
 2.825  43.6176  1e-05 
 2.78088  44.5  1e-05 
 2.78971  45.5  1e-05 
 2.825  46.2059  1e-05 
 2.82959  46.5  1e-05 
 2.825  46.6695  1e-05 
 2.77696  47.5  1e-05 
 2.77649  48.5  1e-05 
 2.775  48.5392  1e-05 
 2.76912  48.5  1e-05 
 2.725  47.6176  1e-05 
 2.695  48.5  1e-05 
 2.725  49.1  1e-05 
 2.73347  49.5  1e-05 
 2.73611  50.5  1e-05 
 2.725  50.6176  1e-05 
 2.695  51.5  1e-05 
 2.725  52.1  1e-05 
 2.745  52.5  1e-05 
 2.73246  53.5  1e-05 
 2.72738  54.5  1e-05 
 2.725  54.7222  1e-05 
 2.68611  55.5  1e-05 
 2.675  55.7222  1e-05 
 2.65441  56.5  1e-05 
 2.675  57.2778  1e-05 
 2.67794  57.5  1e-05 
 2.725  58.4412  1e-05 
 2.72608  58.5  1e-05 
 2.725  58.5476  1e-05 
 2.685  59.5  1e-05 
 2.68167  60.5  1e-05 
 2.675  60.9  1e-05 
 2.63088  61.5  1e-05 
 2.65441  62.5  1e-05 
 2.675  63.2778  1e-05 
 2.67696  63.5  1e-05 


# Contour 6, label:    5e-06
 2.54375  84.5  5e-06 
 2.525  84.125  5e-06 
 2.50625  84.5  5e-06 
 2.525  84.875  5e-06 
 2.54375  84.5  5e-06 

 2.59375  117.5  5e-06 
 2.575  117.125  5e-06 
 2.55625  117.5  5e-06 
 2.575  117.875  5e-06 
 2.59375  117.5  5e-06 

 2.74375  124.5  5e-06 
 2.725  124.125  5e-06 
 2.70625  124.5  5e-06 
 2.725  124.875  5e-06 
 2.74375  124.5  5e-06 

 2.75625  119.5  5e-06 
 2.725  119.381  5e-06 
 2.69375  119.5  5e-06 
 2.725  120.125  5e-06 
 2.75625  119.5  5e-06 

 2.84375  123.5  5e-06 
 2.825  123.125  5e-06 
 2.80625  123.5  5e-06 
 2.825  123.875  5e-06 
 2.84375  123.5  5e-06 

 2.84375  32.5  5e-06 
 2.825  32.125  5e-06 
 2.80625  32.5  5e-06 
 2.825  32.875  5e-06 
 2.84375  32.5  5e-06 

 2.98971  35.5  5e-06 
 2.975  34.875  5e-06 
 2.96029  35.5  5e-06 
 2.975  36.125  5e-06 
 2.98971  35.5  5e-06 

 3.04375  32.5  5e-06 
 3.025  32.125  5e-06 
 3.00625  32.5  5e-06 
 3.025  32.875  5e-06 
 3.04375  32.5  5e-06 

 3.04375  30.5  5e-06 
 3.025  30.125  5e-06 
 3.00625  30.5  5e-06 
 3.025  30.875  5e-06 
 3.04375  30.5  5e-06 

 3.10625  43.5  5e-06 
 3.075  43.3529  5e-06 
 3.07228  43.5  5e-06 
 3.075  43.6471  5e-06 
 3.10625  43.5  5e-06 

 3.10625  38.5  5e-06 
 3.075  37.875  5e-06 
 3.05625  37.5  5e-06 
 3.025  36.875  5e-06 
 3.01029  37.5  5e-06 
 3.025  37.7941  5e-06 
 3.06029  38.5  5e-06 
 3.075  39.125  5e-06 
 3.10625  38.5  5e-06 

 3.15625  40.5  5e-06 
 3.125  39.875  5e-06 
 3.11029  40.5  5e-06 
 3.125  40.7941  5e-06 
 3.15625  40.5  5e-06 

 3.14375  29.5  5e-06 
 3.125  29.125  5e-06 
 3.09375  28.5  5e-06 
 3.075  28.125  5e-06 
 3.05625  28.5  5e-06 
 3.075  28.875  5e-06 
 3.10625  29.5  5e-06 
 3.125  29.875  5e-06 
 3.14375  29.5  5e-06 

 3.24375  46.5  5e-06 
 3.225  46.125  5e-06 
 3.20625  46.5  5e-06 
 3.225  46.875  5e-06 
 3.24375  46.5  5e-06 

 3.34375  86.5  5e-06 
 3.325  86.125  5e-06 
 3.30625  86.5  5e-06 
 3.325  86.875  5e-06 
 3.34375  86.5  5e-06 

 3.34375  81.5  5e-06 
 3.325  81.125  5e-06 
 3.30625  81.5  5e-06 
 3.325  81.875  5e-06 
 3.34375  81.5  5e-06 

 3.34375  76.5  5e-06 
 3.325  76.125  5e-06 
 3.30625  76.5  5e-06 
 3.325  76.875  5e-06 
 3.34375  76.5  5e-06 

 3.29375  93.5  5e-06 
 3.275  93.125  5e-06 
 3.26765  92.5  5e-06 
 3.275  92.3  5e-06 
 3.315  91.5  5e-06 
 3.275  90.7  5e-06 
 3.265  90.5  5e-06 
 3.275  90.3  5e-06 
 3.315  89.5  5e-06 
 3.325  88.875  5e-06 
 3.34375  88.5  5e-06 
 3.325  88.125  5e-06 
 3.275  88.125  5e-06 
 3.26765  87.5  5e-06 
 3.265  86.5  5e-06 
 3.26765  85.5  5e-06 
 3.275  85.3529  5e-06 
 3.31765  84.5  5e-06 
 3.275  83.6471  5e-06 
 3.265  83.5  5e-06 
 3.275  83.2059  5e-06 
 3.31029  82.5  5e-06 
 3.275  81.7941  5e-06 
 3.26905  81.5  5e-06 
 3.26029  80.5  5e-06 
 3.26029  79.5  5e-06 
 3.24375  78.5  5e-06 
 3.275  78.2059  5e-06 
 3.31029  77.5  5e-06 
 3.275  76.7941  5e-06 
 3.26029  76.5  5e-06 
 3.26765  75.5  5e-06 
 3.24375  74.5  5e-06 
 3.26029  73.5  5e-06 
 3.24375  72.5  5e-06 
 3.275  71.875  5e-06 
 3.325  71.875  5e-06 
 3.34375  71.5  5e-06 
 3.34375  70.5  5e-06 

 2.575  98.875  5e-06 
 2.58  99.5  5e-06 
 2.575  100.125  5e-06 
 2.55625  100.5  5e-06 
 2.575  100.875  5e-06 
 2.58095  101.5  5e-06 
 2.575  102.125  5e-06 
 2.55625  102.5  5e-06 
 2.53971  103.5  5e-06 
 2.55625  104.5  5e-06 
 2.55625  105.5  5e-06 
 2.575  105.875  5e-06 
 2.58971  106.5  5e-06 
 2.575  107.125  5e-06 
 2.55625  107.5  5e-06 
 2.55625  108.5  5e-06 
 2.575  108.875  5e-06 
 2.57924  109.5  5e-06 
 2.585  110.5  5e-06 
 2.575  111.125  5e-06 
 2.55625  111.5  5e-06 
 2.55625  112.5  5e-06 
 2.575  112.875  5e-06 
 2.585  113.5  5e-06 
 2.625  114.3  5e-06 
 2.63235  114.5  5e-06 
 2.625  115.125  5e-06 
 2.575  115.125  5e-06 
 2.55625  115.5  5e-06 
 2.575  115.875  5e-06 
 2.625  115.875  5e-06 
 2.63  116.5  5e-06 
 2.63235  117.5  5e-06 
 2.63971  118.5  5e-06 
 2.65625  119.5  5e-06 
 2.675  119.875  5e-06 
 2.70625  120.5  5e-06 
 2.725  120.875  5e-06 
 2.775  120.875  5e-06 
 2.825  120.875  5e-06 
 2.85625  121.5  5e-06 
 2.85625  122.5  5e-06 
 2.875  122.875  5e-06 
 2.925  122.875  5e-06 
 2.94375  122.5  5e-06 
 2.925  122.125  5e-06 
 2.89375  121.5  5e-06 
 2.91029  120.5  5e-06 
 2.875  119.794  5e-06 
 2.86765  119.5  5e-06 
 2.875  119.3  5e-06 
 2.90625  119.5  5e-06 
 2.925  119.875  5e-06 
 2.975  119.875  5e-06 
 2.99375  119.5  5e-06 
 2.99375  118.5  5e-06 
 3.025  118.206  5e-06 
 3.06029  117.5  5e-06 
 3.075  116.875  5e-06 
 3.09375  116.5  5e-06 
 3.11029  115.5  5e-06 
 3.11029  114.5  5e-06 
 3.075  113.794  5e-06 
 3.07271  113.5  5e-06 
 3.075  112.875  5e-06 
 3.125  113.206  5e-06 
 3.16029  112.5  5e-06 
 3.16029  111.5  5e-06 
 3.175  110.875  5e-06 
 3.19375  110.5  5e-06 
 3.175  110.125  5e-06 
 3.165  109.5  5e-06 
 3.16765  108.5  5e-06 
 3.175  107.875  5e-06 
 3.19375  107.5  5e-06 
 3.225  107.3  5e-06 
 3.265  106.5  5e-06 
 3.265  105.5  5e-06 
 3.225  104.7  5e-06 
 3.22076  104.5  5e-06 
 3.225  103.875  5e-06 
 3.24375  103.5  5e-06 
 3.24375  102.5  5e-06 
 3.275  101.875  5e-06 
 3.29375  101.5  5e-06 
 3.275  101.125  5e-06 
 3.265  100.5  5e-06 
 3.265  99.5  5e-06 
 3.275  98.875  5e-06 
 3.29375  98.5  5e-06 
 3.31029  97.5  5e-06 
 3.29375  96.5  5e-06 
 3.275  96.125  5e-06 
 3.26905  95.5  5e-06 
 3.275  95.2059  5e-06 
 3.325  94.875  5e-06 
 3.34375  94.5  5e-06 
 3.325  94.125  5e-06 
 3.29375  93.5  5e-06 

 2.75625  41.5  5e-06 
 2.775  41.875  5e-06 
 2.78971  42.5  5e-06 
 2.775  43.125  5e-06 
 2.75625  43.5  5e-06 
 2.75625  44.5  5e-06 
 2.775  44.875  5e-06 
 2.78235  45.5  5e-06 
 2.825  46.3529  5e-06 
 2.82729  46.5  5e-06 
 2.825  46.5847  5e-06 
 2.79375  46.5  5e-06 
 2.775  46.125  5e-06 
 2.75625  46.5  5e-06 
 2.725  47.125  5e-06 
 2.69375  46.5  5e-06 
 2.675  46.125  5e-06 
 2.65625  46.5  5e-06 
 2.65625  47.5  5e-06 
 2.675  47.875  5e-06 
 2.685  48.5  5e-06 
 2.725  49.3  5e-06 
 2.72924  49.5  5e-06 
 2.725  50.125  5e-06 
 2.70625  50.5  5e-06 
 2.685  51.5  5e-06 
 2.725  52.3  5e-06 
 2.735  52.5  5e-06 
 2.72873  53.5  5e-06 
 2.725  54.125  5e-06 
 2.70625  54.5  5e-06 
 2.675  55.125  5e-06 
 2.65625  55.5  5e-06 
 2.63971  56.5  5e-06 
 2.65625  57.5  5e-06 
 2.65625  58.5  5e-06 
 2.675  58.875  5e-06 
 2.68  59.5  5e-06 
 2.67833  60.5  5e-06 
 2.675  60.7  5e-06 
 2.625  61.125  5e-06 
 2.60625  61.5  5e-06 
 2.625  61.875  5e-06 
 2.63971  62.5  5e-06 
 2.65625  63.5  5e-06 
 2.675  63.875  5e-06 
 2.67748  64.5  5e-06 
 2.675  64.7941  5e-06 
 2.625  65.125  5e-06 
 2.60625  65.5  5e-06 
 2.625  65.875  5e-06 
 2.63971  66.5  5e-06 
 2.65625  67.5  5e-06 
 2.63235  68.5  5e-06 
 2.635  69.5  5e-06 
 2.625  69.7941  5e-06 
 2.58971  70.5  5e-06 
 2.60625  71.5  5e-06 
 2.60625  72.5  5e-06 
 2.60625  73.5  5e-06 
 2.60625  74.5  5e-06 
 2.60625  75.5  5e-06 
 2.585  76.5  5e-06 
 2.60625  77.5  5e-06 
 2.625  77.875  5e-06 
 2.63095  78.5  5e-06 
 2.62873  79.5  5e-06 
 2.625  80.125  5e-06 
 2.575  80.125  5e-06 
 2.55625  80.5  5e-06 
 2.575  80.875  5e-06 
 2.585  81.5  5e-06 
 2.585  82.5  5e-06 
 2.58235  83.5  5e-06 
 2.585  84.5  5e-06 
 2.58971  85.5  5e-06 
 2.60625  86.5  5e-06 
 2.58235  87.5  5e-06 
 2.58971  88.5  5e-06 
 2.575  89.125  5e-06 
 2.55625  89.5  5e-06 
 2.575  89.875  5e-06 
 2.57798  90.5  5e-06 
 2.575  91.125  5e-06 
 2.55625  91.5  5e-06 
 2.575  91.875  5e-06 
 2.58971  92.5  5e-06 
 2.575  93.125  5e-06 
 2.55625  93.5  5e-06 
 2.575  93.875  5e-06 
 2.57924  94.5  5e-06 
 2.60625  95.5  5e-06 
 2.575  96.125  5e-06 
 2.55625  96.5  5e-06 
 2.575  96.875  5e-06 
 2.58095  97.5  5e-06 
 2.575  98.125  5e-06 
 2.55625  98.5  5e-06 
 2.575  98.875  5e-06 

 3.34375  70.5  5e-06 
 3.325  70.125  5e-06 
 3.275  70.125  5e-06 
 3.26765  69.5  5e-06 
 3.275  68.875  5e-06 
 3.29375  68.5  5e-06 
 3.29375  67.5  5e-06 
 3.275  67.125  5e-06 
 3.265  66.5  5e-06 
 3.24375  65.5  5e-06 
 3.275  65.3  5e-06 
 3.315  64.5  5e-06 
 3.275  63.7  5e-06 
 3.24375  63.5  5e-06 
 3.225  63.125  5e-06 
 3.22  62.5  5e-06 
 3.225  62.381  5e-06 
 3.26905  61.5  5e-06 
 3.275  60.875  5e-06 
 3.29375  60.5  5e-06 
 3.275  60.125  5e-06 
 3.24375  59.5  5e-06 
 3.24375  58.5  5e-06 
 3.26765  57.5  5e-06 
 3.26029  56.5  5e-06 
 3.225  55.7941  5e-06 
 3.22127  55.5  5e-06 
 3.225  55.3  5e-06 
 3.25625  55.5  5e-06 
 3.275  55.875  5e-06 
 3.29375  55.5  5e-06 
 3.275  55.125  5e-06 
 3.265  54.5  5e-06 
 3.24375  53.5  5e-06 
 3.265  52.5  5e-06 
 3.24375  51.5  5e-06 
 3.275  50.875  5e-06 
 3.29375  50.5  5e-06 
 3.275  50.125  5e-06 
 3.24375  49.5  5e-06 
 3.24375  48.5  5e-06 
 3.225  48.125  5e-06 
 3.215  47.5  5e-06 
 3.175  46.7  5e-06 
 3.16029  46.5  5e-06 
 3.16029  45.5  5e-06 
 3.165  44.5  5e-06 
 3.175  44.3  5e-06 
 3.20625  44.5  5e-06 
 3.225  44.875  5e-06 
 3.24375  44.5  5e-06 
 3.225  44.125  5e-06 
 3.215  43.5  5e-06 
 3.175  42.7  5e-06 
 3.125  43.125  5e-06 
 3.11765  42.5  5e-06 
 3.125  42.2059  5e-06 
 3.175  41.875  5e-06 
 3.19375  41.5  5e-06 
 3.19375  40.5  5e-06 
 3.19375  39.5  5e-06 
 3.175  39.125  5e-06 
 3.14375  38.5  5e-06 
 3.125  38.125  5e-06 
 3.09375  37.5  5e-06 
 3.075  37.125  5e-06 
 3.04375  36.5  5e-06 
 3.075  35.875  5e-06 
 3.125  36.2059  5e-06 
 3.16029  35.5  5e-06 
 3.125  34.7941  5e-06 
 3.075  35.125  5e-06 
 3.04375  34.5  5e-06 
 3.025  34.125  5e-06 
 2.99375  33.5  5e-06 
 2.975  33.125  5e-06 
 2.94375  32.5  5e-06 
 2.925  32.125  5e-06 
 2.90625  32.5  5e-06 
 2.925  32.875  5e-06 
 2.95625  33.5  5e-06 
 2.925  34.125  5e-06 
 2.90625  34.5  5e-06 
 2.875  35.125  5e-06 
 2.825  35.125  5e-06 
 2.80625  35.5  5e-06 
 2.825  35.875  5e-06 
 2.85625  36.5  5e-06 
 2.85625  37.5  5e-06 
 2.825  38.125  5e-06 
 2.80625  38.5  5e-06 
 2.78971  39.5  5e-06 
 2.80625  40.5  5e-06 
 2.775  41.125  5e-06 
 2.74375  40.5  5e-06 
 2.725  40.125  5e-06 
 2.70625  40.5  5e-06 
 2.725  40.875  5e-06 
 2.75625  41.5  5e-06 


# Contour 7, label:    1e-06
 2.56875  84.5  1e-06 
 2.525  83.625  1e-06 
 2.48125  84.5  1e-06 
 2.525  85.375  1e-06 
 2.56875  84.5  1e-06 

 2.61875  117.5  1e-06 
 2.575  116.625  1e-06 
 2.53125  117.5  1e-06 
 2.575  118.375  1e-06 
 2.61875  117.5  1e-06 

 2.76875  124.5  1e-06 
 2.725  123.625  1e-06 
 2.68125  124.5  1e-06 
 2.725  125.375  1e-06 
 2.76875  124.5  1e-06 

 2.73125  119.5  1e-06 
 2.725  119.476  1e-06 
 2.71875  119.5  1e-06 
 2.725  119.625  1e-06 
 2.73125  119.5  1e-06 

 2.86875  123.5  1e-06 
 2.825  122.625  1e-06 
 2.78125  123.5  1e-06 
 2.825  124.375  1e-06 
 2.86875  123.5  1e-06 

 2.86875  32.5  1e-06 
 2.825  31.625  1e-06 
 2.78125  32.5  1e-06 
 2.825  33.375  1e-06 
 2.86875  32.5  1e-06 

 2.97794  35.5  1e-06 
 2.975  35.375  1e-06 
 2.97206  35.5  1e-06 
 2.975  35.625  1e-06 
 2.97794  35.5  1e-06 

 3.06875  32.5  1e-06 
 3.025  31.625  1e-06 
 2.98125  32.5  1e-06 
 3.025  33.375  1e-06 
 3.06875  32.5  1e-06 

 3.06875  30.5  1e-06 
 3.025  29.625  1e-06 
 2.98125  30.5  1e-06 
 3.025  31.375  1e-06 
 3.06875  30.5  1e-06 

 3.08125  43.5  1e-06 
 3.075  43.4706  1e-06 
 3.07446  43.5  1e-06 
 3.075  43.5294  1e-06 
 3.08125  43.5  1e-06 

 3.08125  38.5  1e-06 
 3.075  38.375  1e-06 
 3.03125  37.5  1e-06 
 3.025  37.375  1e-06 
 3.02206  37.5  1e-06 
 3.025  37.5588  1e-06 
 3.07206  38.5  1e-06 
 3.075  38.625  1e-06 
 3.08125  38.5  1e-06 

 3.13125  40.5  1e-06 
 3.125  40.375  1e-06 
 3.12206  40.5  1e-06 
 3.125  40.5588  1e-06 
 3.13125  40.5  1e-06 

 3.16875  29.5  1e-06 
 3.125  28.625  1e-06 
 3.11875  28.5  1e-06 
 3.075  27.625  1e-06 
 3.03125  28.5  1e-06 
 3.075  29.375  1e-06 
 3.08125  29.5  1e-06 
 3.125  30.375  1e-06 
 3.16875  29.5  1e-06 

 3.26875  46.5  1e-06 
 3.225  45.625  1e-06 
 3.18125  46.5  1e-06 
 3.225  47.375  1e-06 
 3.26875  46.5  1e-06 

 3.36875  86.5  1e-06 
 3.325  85.625  1e-06 
 3.28125  86.5  1e-06 
 3.325  87.375  1e-06 
 3.36875  86.5  1e-06 

 3.36875  81.5  1e-06 
 3.325  80.625  1e-06 
 3.28125  81.5  1e-06 
 3.325  82.375  1e-06 
 3.36875  81.5  1e-06 

 3.36875  76.5  1e-06 
 3.325  75.625  1e-06 
 3.28125  76.5  1e-06 
 3.325  77.375  1e-06 
 3.36875  76.5  1e-06 

 3.31875  93.5  1e-06 
 3.275  92.625  1e-06 
 3.27353  92.5  1e-06 
 3.275  92.46  1e-06 
 3.323  91.5  1e-06 
 3.275  90.54  1e-06 
 3.273  90.5  1e-06 
 3.275  90.46  1e-06 
 3.323  89.5  1e-06 
 3.325  89.375  1e-06 
 3.36875  88.5  1e-06 
 3.325  87.625  1e-06 
 3.275  87.625  1e-06 
 3.27353  87.5  1e-06 
 3.273  86.5  1e-06 
 3.27353  85.5  1e-06 
 3.275  85.4706  1e-06 
 3.32353  84.5  1e-06 
 3.275  83.5294  1e-06 
 3.273  83.5  1e-06 
 3.275  83.4412  1e-06 
 3.32206  82.5  1e-06 
 3.275  81.5588  1e-06 
 3.27381  81.5  1e-06 
 3.27206  80.5  1e-06 
 3.27206  79.5  1e-06 
 3.26875  78.5  1e-06 
 3.275  78.4412  1e-06 
 3.32206  77.5  1e-06 
 3.275  76.5588  1e-06 
 3.27206  76.5  1e-06 
 3.27353  75.5  1e-06 
 3.26875  74.5  1e-06 
 3.27206  73.5  1e-06 
 3.26875  72.5  1e-06 
 3.275  72.375  1e-06 
 3.325  72.375  1e-06 
 3.36875  71.5  1e-06 
 3.36875  70.5  1e-06 

 2.575  99.375  1e-06 
 2.576  99.5  1e-06 
 2.575  99.625  1e-06 
 2.53125  100.5  1e-06 
 2.575  101.375  1e-06 
 2.57619  101.5  1e-06 
 2.575  101.625  1e-06 
 2.53125  102.5  1e-06 
 2.52794  103.5  1e-06 
 2.53125  104.5  1e-06 
 2.53125  105.5  1e-06 
 2.575  106.375  1e-06 
 2.57794  106.5  1e-06 
 2.575  106.625  1e-06 
 2.53125  107.5  1e-06 
 2.53125  108.5  1e-06 
 2.575  109.375  1e-06 
 2.57585  109.5  1e-06 
 2.577  110.5  1e-06 
 2.575  110.625  1e-06 
 2.53125  111.5  1e-06 
 2.53125  112.5  1e-06 
 2.575  113.375  1e-06 
 2.577  113.5  1e-06 
 2.625  114.46  1e-06 
 2.62647  114.5  1e-06 
 2.625  114.625  1e-06 
 2.575  114.625  1e-06 
 2.53125  115.5  1e-06 
 2.575  116.375  1e-06 
 2.625  116.375  1e-06 
 2.626  116.5  1e-06 
 2.62647  117.5  1e-06 
 2.62794  118.5  1e-06 
 2.63125  119.5  1e-06 
 2.675  120.375  1e-06 
 2.68125  120.5  1e-06 
 2.725  121.375  1e-06 
 2.775  121.375  1e-06 
 2.825  121.375  1e-06 
 2.83125  121.5  1e-06 
 2.83125  122.5  1e-06 
 2.875  123.375  1e-06 
 2.925  123.375  1e-06 
 2.96875  122.5  1e-06 
 2.925  121.625  1e-06 
 2.91875  121.5  1e-06 
 2.92206  120.5  1e-06 
 2.875  119.559  1e-06 
 2.87353  119.5  1e-06 
 2.875  119.46  1e-06 
 2.88125  119.5  1e-06 
 2.925  120.375  1e-06 
 2.975  120.375  1e-06 
 3.01875  119.5  1e-06 
 3.01875  118.5  1e-06 
 3.025  118.441  1e-06 
 3.07206  117.5  1e-06 
 3.075  117.375  1e-06 
 3.11875  116.5  1e-06 
 3.12206  115.5  1e-06 
 3.12206  114.5  1e-06 
 3.075  113.559  1e-06 
 3.07454  113.5  1e-06 
 3.075  113.375  1e-06 
 3.125  113.441  1e-06 
 3.17206  112.5  1e-06 
 3.17206  111.5  1e-06 
 3.175  111.375  1e-06 
 3.21875  110.5  1e-06 
 3.175  109.625  1e-06 
 3.173  109.5  1e-06 
 3.17353  108.5  1e-06 
 3.175  108.375  1e-06 
 3.21875  107.5  1e-06 
 3.225  107.46  1e-06 
 3.273  106.5  1e-06 
 3.273  105.5  1e-06 
 3.225  104.54  1e-06 
 3.22415  104.5  1e-06 
 3.225  104.375  1e-06 
 3.26875  103.5  1e-06 
 3.26875  102.5  1e-06 
 3.275  102.375  1e-06 
 3.31875  101.5  1e-06 
 3.275  100.625  1e-06 
 3.273  100.5  1e-06 
 3.273  99.5  1e-06 
 3.275  99.375  1e-06 
 3.31875  98.5  1e-06 
 3.32206  97.5  1e-06 
 3.31875  96.5  1e-06 
 3.275  95.625  1e-06 
 3.27381  95.5  1e-06 
 3.275  95.4412  1e-06 
 3.325  95.375  1e-06 
 3.36875  94.5  1e-06 
 3.325  93.625  1e-06 
 3.31875  93.5  1e-06 

 2.73125  41.5  1e-06 
 2.775  42.375  1e-06 
 2.77794  42.5  1e-06 
 2.775  42.625  1e-06 
 2.73125  43.5  1e-06 
 2.73125  44.5  1e-06 
 2.775  45.375  1e-06 
 2.77647  45.5  1e-06 
 2.825  46.4706  1e-06 
 2.82546  46.5  1e-06 
 2.825  46.5169  1e-06 
 2.81875  46.5  1e-06 
 2.775  45.625  1e-06 
 2.73125  46.5  1e-06 
 2.725  46.625  1e-06 
 2.71875  46.5  1e-06 
 2.675  45.625  1e-06 
 2.63125  46.5  1e-06 
 2.63125  47.5  1e-06 
 2.675  48.375  1e-06 
 2.677  48.5  1e-06 
 2.725  49.46  1e-06 
 2.72585  49.5  1e-06 
 2.725  49.625  1e-06 
 2.68125  50.5  1e-06 
 2.677  51.5  1e-06 
 2.725  52.46  1e-06 
 2.727  52.5  1e-06 
 2.72575  53.5  1e-06 
 2.725  53.625  1e-06 
 2.68125  54.5  1e-06 
 2.675  54.625  1e-06 
 2.63125  55.5  1e-06 
 2.62794  56.5  1e-06 
 2.63125  57.5  1e-06 
 2.63125  58.5  1e-06 
 2.675  59.375  1e-06 
 2.676  59.5  1e-06 
 2.67567  60.5  1e-06 
 2.675  60.54  1e-06 
 2.625  60.625  1e-06 
 2.58125  61.5  1e-06 
 2.625  62.375  1e-06 
 2.62794  62.5  1e-06 
 2.63125  63.5  1e-06 
 2.675  64.375  1e-06 
 2.6755  64.5  1e-06 
 2.675  64.5588  1e-06 
 2.625  64.625  1e-06 
 2.58125  65.5  1e-06 
 2.625  66.375  1e-06 
 2.62794  66.5  1e-06 
 2.63125  67.5  1e-06 
 2.62647  68.5  1e-06 
 2.627  69.5  1e-06 
 2.625  69.5588  1e-06 
 2.57794  70.5  1e-06 
 2.58125  71.5  1e-06 
 2.58125  72.5  1e-06 
 2.58125  73.5  1e-06 
 2.58125  74.5  1e-06 
 2.58125  75.5  1e-06 
 2.577  76.5  1e-06 
 2.58125  77.5  1e-06 
 2.625  78.375  1e-06 
 2.62619  78.5  1e-06 
 2.62575  79.5  1e-06 
 2.625  79.625  1e-06 
 2.575  79.625  1e-06 
 2.53125  80.5  1e-06 
 2.575  81.375  1e-06 
 2.577  81.5  1e-06 
 2.577  82.5  1e-06 
 2.57647  83.5  1e-06 
 2.577  84.5  1e-06 
 2.57794  85.5  1e-06 
 2.58125  86.5  1e-06 
 2.57647  87.5  1e-06 
 2.57794  88.5  1e-06 
 2.575  88.625  1e-06 
 2.53125  89.5  1e-06 
 2.575  90.375  1e-06 
 2.5756  90.5  1e-06 
 2.575  90.625  1e-06 
 2.53125  91.5  1e-06 
 2.575  92.375  1e-06 
 2.57794  92.5  1e-06 
 2.575  92.625  1e-06 
 2.53125  93.5  1e-06 
 2.575  94.375  1e-06 
 2.57585  94.5  1e-06 
 2.58125  95.5  1e-06 
 2.575  95.625  1e-06 
 2.53125  96.5  1e-06 
 2.575  97.375  1e-06 
 2.57619  97.5  1e-06 
 2.575  97.625  1e-06 
 2.53125  98.5  1e-06 
 2.575  99.375  1e-06 

 3.36875  70.5  1e-06 
 3.325  69.625  1e-06 
 3.275  69.625  1e-06 
 3.27353  69.5  1e-06 
 3.275  69.375  1e-06 
 3.31875  68.5  1e-06 
 3.31875  67.5  1e-06 
 3.275  66.625  1e-06 
 3.273  66.5  1e-06 
 3.26875  65.5  1e-06 
 3.275  65.46  1e-06 
 3.323  64.5  1e-06 
 3.275  63.54  1e-06 
 3.26875  63.5  1e-06 
 3.225  62.625  1e-06 
 3.224  62.5  1e-06 
 3.225  62.4762  1e-06 
 3.27381  61.5  1e-06 
 3.275  61.375  1e-06 
 3.31875  60.5  1e-06 
 3.275  59.625  1e-06 
 3.26875  59.5  1e-06 
 3.26875  58.5  1e-06 
 3.27353  57.5  1e-06 
 3.27206  56.5  1e-06 
 3.225  55.5588  1e-06 
 3.22425  55.5  1e-06 
 3.225  55.46  1e-06 
 3.23125  55.5  1e-06 
 3.275  56.375  1e-06 
 3.31875  55.5  1e-06 
 3.275  54.625  1e-06 
 3.273  54.5  1e-06 
 3.26875  53.5  1e-06 
 3.273  52.5  1e-06 
 3.26875  51.5  1e-06 
 3.275  51.375  1e-06 
 3.31875  50.5  1e-06 
 3.275  49.625  1e-06 
 3.26875  49.5  1e-06 
 3.26875  48.5  1e-06 
 3.225  47.625  1e-06 
 3.223  47.5  1e-06 
 3.175  46.54  1e-06 
 3.17206  46.5  1e-06 
 3.17206  45.5  1e-06 
 3.173  44.5  1e-06 
 3.175  44.46  1e-06 
 3.18125  44.5  1e-06 
 3.225  45.375  1e-06 
 3.26875  44.5  1e-06 
 3.225  43.625  1e-06 
 3.223  43.5  1e-06 
 3.175  42.54  1e-06 
 3.125  42.625  1e-06 
 3.12353  42.5  1e-06 
 3.125  42.4412  1e-06 
 3.175  42.375  1e-06 
 3.21875  41.5  1e-06 
 3.21875  40.5  1e-06 
 3.21875  39.5  1e-06 
 3.175  38.625  1e-06 
 3.16875  38.5  1e-06 
 3.125  37.625  1e-06 
 3.11875  37.5  1e-06 
 3.075  36.625  1e-06 
 3.06875  36.5  1e-06 
 3.075  36.375  1e-06 
 3.125  36.4412  1e-06 
 3.17206  35.5  1e-06 
 3.125  34.5588  1e-06 
 3.075  34.625  1e-06 
 3.06875  34.5  1e-06 
 3.025  33.625  1e-06 
 3.01875  33.5  1e-06 
 2.975  32.625  1e-06 
 2.96875  32.5  1e-06 
 2.925  31.625  1e-06 
 2.88125  32.5  1e-06 
 2.925  33.375  1e-06 
 2.93125  33.5  1e-06 
 2.925  33.625  1e-06 
 2.88125  34.5  1e-06 
 2.875  34.625  1e-06 
 2.825  34.625  1e-06 
 2.78125  35.5  1e-06 
 2.825  36.375  1e-06 
 2.83125  36.5  1e-06 
 2.83125  37.5  1e-06 
 2.825  37.625  1e-06 
 2.78125  38.5  1e-06 
 2.77794  39.5  1e-06 
 2.78125  40.5  1e-06 
 2.775  40.625  1e-06 
 2.76875  40.5  1e-06 
 2.725  39.625  1e-06 
 2.68125  40.5  1e-06 
 2.725  41.375  1e-06 
 2.73125  41.5  1e-06 

