#Ang Center	  GalNAc 1	  GalNAc 2	  GalNAc 3	  GalNAc 4	All GalNAc
   0.500000  0.000000	  0.000000	  0.000000	  0.000000	  0.000000
   1.500000  0.000000	  0.000000	  0.000000	  0.000000	  0.000000
   2.500000  0.000000	  0.000000	  0.000000	  0.000000	  0.000000
   3.500000  0.000000	  0.000000	  0.000000	  0.000000	  0.000000
   4.500000  0.000000	  0.000000	  0.000000	  0.000000	  0.000000
   5.500000  0.000000	  0.000000	  0.000000	  0.000000	  0.000000
   6.500000  0.000000	  0.000000	  0.000000	  0.000000	  0.000000
   7.500000  0.000000	  0.000000	  0.000000	  0.000000	  0.000000
   8.500000  0.000000	  0.000000	  0.000000	  0.000000	  0.000000
   9.500000  0.000000	  0.000000	  0.000000	  0.000000	  0.000000
  10.500000  0.000000	  0.000000	  0.000000	  0.000000	  0.000000
  11.500000  0.000000	  0.000000	  0.000000	  0.000000	  0.000000
  12.500000  0.000000	  0.000000	  0.000000	  0.000000	  0.000000
  13.500000  0.000000	  0.000000	  0.000000	  0.000000	  0.000000
  14.500000  0.000000	  0.000000	  0.000000	  0.000000	  0.000000
  15.500000  0.000000	  0.000000	  0.000000	  0.000000	  0.000000
  16.500000  0.000000	  0.000000	  0.000000	  0.000000	  0.000000
  17.500000  0.000000	  0.000000	  0.000000	  0.000000	  0.000000
  18.500000  0.000000	  0.000000	  0.000000	  0.000000	  0.000000
  19.500000  0.000000	  0.000000	  0.000000	  0.000000	  0.000000
  20.500000  0.000000	  0.000000	  0.000000	  0.000000	  0.000000
  21.500000  0.000000	  0.000000	  0.000000	  0.000000	  0.000000
  22.500000  0.000000	  0.000000	  0.000000	  0.000000	  0.000000
  23.500000  0.000000	  0.000000	  0.000000	  0.000000	  0.000000
  24.500000  0.000000	  0.000000	  0.000000	  0.000000	  0.000000
  25.500000  0.000000	  0.000000	  0.000000	  0.000000	  0.000000
  26.500000  0.000000	  0.000000	  0.000000	  0.000000	  0.000000
  27.500000  0.000000	  0.000000	  0.000000	  0.000000	  0.000000
  28.500000  0.000000	  0.000000	  0.000000	  0.000000	  0.000000
  29.500000  0.000003	  0.000000	  0.000000	  0.000000	  0.000001
  30.500000  0.000013	  0.000003	  0.000013	  0.000006	  0.000009
  31.500000  0.000050	  0.000028	  0.000060	  0.000047	  0.000046
  32.500000  0.000082	  0.000120	  0.000179	  0.000123	  0.000126
  33.500000  0.000230	  0.000302	  0.000557	  0.000255	  0.000336
  34.500000  0.000412	  0.000601	  0.001149	  0.000699	  0.000715
  35.500000  0.000925	  0.001227	  0.002389	  0.001542	  0.001521
  36.500000  0.001495	  0.001976	  0.004312	  0.002700	  0.002621
  37.500000  0.002574	  0.003132	  0.007116	  0.004359	  0.004295
  38.500000  0.003906	  0.004800	  0.010439	  0.006323	  0.006367
  39.500000  0.005221	  0.006291	  0.014065	  0.008435	  0.008503
  40.500000  0.006682	  0.008142	  0.017247	  0.010786	  0.010714
  41.500000  0.008583	  0.009586	  0.020284	  0.013322	  0.012944
  42.500000  0.009719	  0.011336	  0.022456	  0.014943	  0.014613
  43.500000  0.010833	  0.012724	  0.024190	  0.016504	  0.016063
  44.500000  0.011925	  0.013842	  0.025669	  0.017332	  0.017192
  45.500000  0.013020	  0.015034	  0.026053	  0.018427	  0.018134
  46.500000  0.013640	  0.016104	  0.026830	  0.019022	  0.018899
  47.500000  0.014310	  0.016835	  0.026500	  0.019189	  0.019208
  48.500000  0.015025	  0.017647	  0.026645	  0.019277	  0.019648
  49.500000  0.015267	  0.018981	  0.026043	  0.019617	  0.019977
  50.500000  0.015538	  0.019456	  0.026154	  0.020164	  0.020328
  51.500000  0.016303	  0.020215	  0.025379	  0.019821	  0.020430
  52.500000  0.017212	  0.021439	  0.025609	  0.020388	  0.021162
  53.500000  0.016992	  0.021653	  0.024929	  0.020551	  0.021031
  54.500000  0.017898	  0.021618	  0.024788	  0.020725	  0.021257
  55.500000  0.018421	  0.022906	  0.024542	  0.021448	  0.021829
  56.500000  0.018770	  0.023353	  0.023847	  0.021278	  0.021812
  57.500000  0.019422	  0.023916	  0.024067	  0.021332	  0.022184
  58.500000  0.019620	  0.024492	  0.024026	  0.021870	  0.022502
  59.500000  0.019953	  0.024744	  0.023375	  0.021681	  0.022438
  60.500000  0.020901	  0.025320	  0.023098	  0.022009	  0.022832
  61.500000  0.020523	  0.025398	  0.022355	  0.022503	  0.022695
  62.500000  0.021153	  0.025546	  0.022223	  0.021943	  0.022716
  63.500000  0.020328	  0.025373	  0.021263	  0.022364	  0.022332
  64.500000  0.020778	  0.025209	  0.020054	  0.022327	  0.022092
  65.500000  0.020577	  0.024847	  0.019400	  0.022103	  0.021732
  66.500000  0.020139	  0.024032	  0.018704	  0.022009	  0.021221
  67.500000  0.019894	  0.023384	  0.017445	  0.021458	  0.020545
  68.500000  0.019119	  0.022821	  0.016567	  0.021159	  0.019917
  69.500000  0.019333	  0.022197	  0.015245	  0.020992	  0.019442
  70.500000  0.018553	  0.021039	  0.014178	  0.020611	  0.018595
  71.500000  0.018172	  0.019925	  0.012913	  0.020010	  0.017755
  72.500000  0.017354	  0.019463	  0.012010	  0.018814	  0.016910
  73.500000  0.016425	  0.017955	  0.011034	  0.018468	  0.015971
  74.500000  0.016060	  0.016973	  0.010244	  0.017905	  0.015296
  75.500000  0.015283	  0.015821	  0.009180	  0.017269	  0.014388
  76.500000  0.015280	  0.015066	  0.008419	  0.016595	  0.013840
  77.500000  0.014559	  0.013816	  0.007462	  0.015336	  0.012794
  78.500000  0.013942	  0.013008	  0.007160	  0.014575	  0.012171
  79.500000  0.013385	  0.012230	  0.006219	  0.013643	  0.011369
  80.500000  0.013055	  0.010871	  0.005948	  0.012482	  0.010589
  81.500000  0.012281	  0.009942	  0.005479	  0.011994	  0.009924
  82.500000  0.011594	  0.009269	  0.004894	  0.011103	  0.009215
  83.500000  0.010754	  0.008551	  0.004324	  0.010203	  0.008458
  84.500000  0.010071	  0.007585	  0.003830	  0.008944	  0.007608
  85.500000  0.009668	  0.006817	  0.003755	  0.008340	  0.007145
  86.500000  0.009212	  0.006335	  0.003443	  0.007292	  0.006571
  87.500000  0.008560	  0.005492	  0.003015	  0.006713	  0.005945
  88.500000  0.008261	  0.004740	  0.002703	  0.006033	  0.005434
  89.500000  0.007572	  0.004579	  0.002596	  0.005291	  0.005010
  90.500000  0.006987	  0.004132	  0.002433	  0.004664	  0.004554
  91.500000  0.006578	  0.003755	  0.002106	  0.004277	  0.004179
  92.500000  0.006187	  0.003383	  0.002172	  0.003720	  0.003866
  93.500000  0.006024	  0.003242	  0.001945	  0.003471	  0.003670
  94.500000  0.005624	  0.002984	  0.001973	  0.003169	  0.003438
  95.500000  0.005637	  0.002593	  0.001766	  0.003034	  0.003257
  96.500000  0.005099	  0.002798	  0.001838	  0.002726	  0.003115
  97.500000  0.005272	  0.002427	  0.001901	  0.002581	  0.003045
  98.500000  0.005105	  0.002600	  0.001939	  0.002776	  0.003105
  99.500000  0.004960	  0.002606	  0.002090	  0.002578	  0.003058
 100.500000  0.004696	  0.002615	  0.002194	  0.002546	  0.003013
 101.500000  0.004976	  0.002883	  0.002307	  0.002770	  0.003234
 102.500000  0.005199	  0.003015	  0.002565	  0.002741	  0.003380
 103.500000  0.005360	  0.003002	  0.002735	  0.002845	  0.003486
 104.500000  0.005259	  0.003050	  0.002773	  0.002965	  0.003512
 105.500000  0.005665	  0.003471	  0.003059	  0.002968	  0.003791
 106.500000  0.005788	  0.003399	  0.003245	  0.003163	  0.003899
 107.500000  0.005973	  0.003471	  0.003440	  0.003154	  0.004010
 108.500000  0.006187	  0.003698	  0.003544	  0.003229	  0.004165
 109.500000  0.006102	  0.003626	  0.003578	  0.003317	  0.004156
 110.500000  0.006700	  0.003962	  0.003805	  0.003216	  0.004421
 111.500000  0.006395	  0.003881	  0.004028	  0.003320	  0.004406
 112.500000  0.006417	  0.003748	  0.003887	  0.003437	  0.004372
 113.500000  0.006483	  0.003632	  0.003805	  0.003443	  0.004341
 114.500000  0.006549	  0.003909	  0.004142	  0.003267	  0.004467
 115.500000  0.006411	  0.003506	  0.004054	  0.003298	  0.004317
 116.500000  0.005980	  0.003468	  0.003855	  0.003075	  0.004095
 117.500000  0.005696	  0.003437	  0.003865	  0.002996	  0.003999
 118.500000  0.005366	  0.003094	  0.003418	  0.002672	  0.003637
 119.500000  0.005149	  0.002977	  0.003456	  0.002565	  0.003537
 120.500000  0.004683	  0.002817	  0.003550	  0.002247	  0.003324
 121.500000  0.004529	  0.002571	  0.002908	  0.002039	  0.003012
 122.500000  0.004076	  0.002546	  0.003109	  0.001910	  0.002910
 123.500000  0.003701	  0.002335	  0.002980	  0.001756	  0.002693
 124.500000  0.003235	  0.002109	  0.002650	  0.001593	  0.002397
 125.500000  0.003012	  0.001954	  0.002404	  0.001353	  0.002181
 126.500000  0.002628	  0.001929	  0.002395	  0.001265	  0.002054
 127.500000  0.002370	  0.001835	  0.002090	  0.001120	  0.001854
 128.500000  0.002181	  0.001668	  0.001936	  0.001045	  0.001707
 129.500000  0.001973	  0.001526	  0.001747	  0.000906	  0.001538
 130.500000  0.001926	  0.001419	  0.001674	  0.000853	  0.001468
 131.500000  0.001671	  0.001382	  0.001687	  0.000881	  0.001405
 132.500000  0.001382	  0.001457	  0.001492	  0.000774	  0.001276
 133.500000  0.001344	  0.001130	  0.001552	  0.000790	  0.001204
 134.500000  0.001158	  0.001136	  0.001473	  0.000598	  0.001091
 135.500000  0.001092	  0.001105	  0.001504	  0.000633	  0.001083
 136.500000  0.000972	  0.000995	  0.001246	  0.000522	  0.000934
 137.500000  0.000878	  0.000768	  0.001306	  0.000447	  0.000850
 138.500000  0.000749	  0.000765	  0.001057	  0.000371	  0.000736
 139.500000  0.000692	  0.000532	  0.001070	  0.000365	  0.000665
 140.500000  0.000611	  0.000567	  0.000972	  0.000308	  0.000614
 141.500000  0.000456	  0.000504	  0.000913	  0.000239	  0.000528
 142.500000  0.000456	  0.000425	  0.000894	  0.000183	  0.000489
 143.500000  0.000384	  0.000343	  0.000941	  0.000227	  0.000474
 144.500000  0.000375	  0.000299	  0.000733	  0.000186	  0.000398
 145.500000  0.000337	  0.000223	  0.000585	  0.000129	  0.000319
 146.500000  0.000296	  0.000211	  0.000519	  0.000142	  0.000292
 147.500000  0.000252	  0.000176	  0.000419	  0.000079	  0.000231
 148.500000  0.000220	  0.000123	  0.000327	  0.000098	  0.000192
 149.500000  0.000239	  0.000094	  0.000321	  0.000035	  0.000172
 150.500000  0.000211	  0.000132	  0.000280	  0.000047	  0.000168
 151.500000  0.000192	  0.000072	  0.000214	  0.000031	  0.000127
 152.500000  0.000183	  0.000085	  0.000167	  0.000035	  0.000117
 153.500000  0.000129	  0.000054	  0.000145	  0.000035	  0.000090
 154.500000  0.000145	  0.000057	  0.000126	  0.000025	  0.000088
 155.500000  0.000123	  0.000047	  0.000120	  0.000009	  0.000075
 156.500000  0.000088	  0.000013	  0.000110	  0.000006	  0.000054
 157.500000  0.000076	  0.000028	  0.000063	  0.000016	  0.000046
 158.500000  0.000072	  0.000022	  0.000069	  0.000016	  0.000045
 159.500000  0.000044	  0.000013	  0.000050	  0.000006	  0.000028
 160.500000  0.000035	  0.000013	  0.000050	  0.000016	  0.000028
 161.500000  0.000031	  0.000009	  0.000038	  0.000003	  0.000020
 162.500000  0.000028	  0.000006	  0.000006	  0.000009	  0.000013
 163.500000  0.000038	  0.000013	  0.000016	  0.000003	  0.000017
 164.500000  0.000013	  0.000000	  0.000028	  0.000000	  0.000010
 165.500000  0.000019	  0.000006	  0.000016	  0.000000	  0.000010
 166.500000  0.000013	  0.000000	  0.000013	  0.000003	  0.000007
 167.500000  0.000006	  0.000006	  0.000009	  0.000003	  0.000006
 168.500000  0.000003	  0.000003	  0.000006	  0.000000	  0.000003
 169.500000  0.000006	  0.000000	  0.000006	  0.000003	  0.000004
 170.500000  0.000003	  0.000000	  0.000003	  0.000000	  0.000002
 171.500000  0.000003	  0.000000	  0.000006	  0.000000	  0.000002
 172.500000  0.000000	  0.000003	  0.000003	  0.000000	  0.000002
 173.500000  0.000000	  0.000000	  0.000006	  0.000000	  0.000002
 174.500000  0.000000	  0.000003	  0.000000	  0.000000	  0.000001
 175.500000  0.000000	  0.000000	  0.000000	  0.000000	  0.000000
 176.500000  0.000003	  0.000000	  0.000003	  0.000000	  0.000002
 177.500000  0.000000	  0.000000	  0.000003	  0.000000	  0.000001
 178.500000  0.000000	  0.000000	  0.000000	  0.000000	  0.000000
 179.500000  0.000000	  0.000000	  0.000000	  0.000000	  0.000000
