Site	THR	Test	O-backbone		O-glycosidic		Both
4	3	a	0.391311736991682	0.986208806599127	0.390811326277228
4	3	b	0.544799347892453	0.999723043126591	0.544799347892453
4	3	c	0.536273482323542	0.997992062667787	0.536267187849147

5	4	a	0.553671409553124	0.979203056596766	0.553180440550263
5	4	b	0.731591022820617	0.99924781030972	0.731587875583419
5	4	c	0.804348852359956	0.992018606466313	0.804260729718417

6	5	a	0.641520241456038	0.980852208888427	0.641145720229497
6	5	b	0.798482402223208	0.9989865896223		0.798482402223208
6	5	c	0.824966403242913	0.991899011452796	0.824900311261759

7	6	a	0.578887073982105	0.977396542445214	0.5787485955454
7	6	b	0.765631540352302	0.985066359496316	0.765609509691917
7	6	c	0.86894904308253	0.981138607473429	0.868914423473354

