Site	Test	Frac-both	Frac-only-H	Frac-only-H2N	Frac-Neither
4	a	0.986208806599127	0.010763551216565	0.003008758761122	1.88834231869553E-05
4	b	0.999723043126591	3.46196091760848E-05	0.000242337264233	0
4	c	0.997992062667787	0	0.002007937332213	0

5	a	0.979203056596766	0.007610019544343	0.013092506742956	9.44171159347767E-05
5	b	0.99924781030972	3.14723719782589E-05	0.000720717318302	0
5	c	0.992018606466313	0	0.007981393533686	0

6	a	0.980852208888427	0.007842915096982	0.011226195084645	7.86809299456472E-05
6	b	0.9989865896223	7.23864555499954E-05	0.00094102392215	0
6	c	0.991899011452796	0	0.008100988547204	0

7	a	0.977396542445214	0.003049672844693	0.019393275613003	0.000160509097089
7	b	0.985066359496316	2.8325134780433E-05	0.014905315368903	0
7	c	0.981138607473429	0	0.018861392526571	0

