PHI PSI J_10_22
-165 -165 0.443071E-01
195 -165 0.443071E-01
-165 195 0.443071E-01
195 195 0.443071E-01
-165 -150 0.474922E-01
195 -150 0.474922E-01
-165 210 0.474922E-01
195 210 0.474922E-01
-165 -130 0.534363E-01
195 -130 0.534363E-01
-165 -115 0.568616E-01
195 -115 0.568616E-01
-165 -100 0.579760E-01
195 -100 0.579760E-01
-165 -085 0.605435E-01
195 -085 0.605435E-01
-165 -070 0.661512E-01
195 -070 0.661512E-01
-165 -055 0.766471E-01
195 -055 0.766471E-01
-165 -040 0.908251E-01
195 -040 0.908251E-01
-165 -025 0.975365E-01
195 -025 0.975365E-01
-165 -010 0.138372E+00
195 -010 0.138372E+00
-165 000 0.133909E+00
195 000 0.133909E+00
-165 015 0.965376E-01
195 015 0.965376E-01
-165 030 0.392347E-01
195 030 0.392347E-01
-165 050 -0.223104E-01
195 050 -0.223104E-01
-165 070 -0.284034E-01
195 070 -0.284034E-01
-165 090 -0.111045E-01
195 090 -0.111045E-01
-165 110 0.473055E-02
195 110 0.473055E-02
-165 130 0.171451E-01
195 130 0.171451E-01
-165 145 0.257468E-01
195 145 0.257468E-01
-165 160 0.338270E-01
195 160 0.338270E-01
-165 -200 0.338270E-01
-165 170 0.381317E-01
195 170 0.381317E-01
-165 -190 0.381317E-01
-165 180 0.415146E-01
195 180 0.415146E-01
-165 -180 0.415146E-01
-150 -165 0.424523E-01
210 -165 0.424523E-01
-150 195 0.424523E-01
210 195 0.424523E-01
-150 -150 0.484405E-01
210 -150 0.484405E-01
-150 210 0.484405E-01
210 210 0.484405E-01
-150 -130 0.580335E-01
210 -130 0.580335E-01
-150 -115 0.664542E-01
210 -115 0.664542E-01
-150 -100 0.773320E-01
210 -100 0.773320E-01
-150 -085 0.856913E-01
210 -085 0.856913E-01
-150 -070 0.927898E-01
210 -070 0.927898E-01
-150 -055 0.963990E-01
210 -055 0.963990E-01
-150 -040 0.942076E-01
210 -040 0.942076E-01
-150 -025 0.811556E-01
210 -025 0.811556E-01
-150 -010 0.117817E+00
210 -010 0.117817E+00
-150 000 0.841914E-01
210 000 0.841914E-01
-150 015 0.934521E-02
210 015 0.934521E-02
-150 030 -0.623689E-01
210 030 -0.623689E-01
-150 050 -0.101884E+00
210 050 -0.101884E+00
-150 070 -0.768985E-01
210 070 -0.768985E-01
-150 090 -0.416332E-01
210 090 -0.416332E-01
-150 110 -0.181347E-01
210 110 -0.181347E-01
-150 130 0.997268E-03
210 130 0.997268E-03
-150 145 0.139348E-01
210 145 0.139348E-01
-150 160 0.254365E-01
210 160 0.254365E-01
-150 -200 0.254365E-01
-150 170 0.311123E-01
210 170 0.311123E-01
-150 -190 0.311123E-01
-125 -165 0.430481E-01
-125 195 0.430481E-01
-125 -150 0.575767E-01
-125 210 0.575767E-01
-125 -130 0.773839E-01
-125 -115 0.870396E-01
-125 -100 0.927186E-01
-125 -085 0.973701E-01
-125 -070 0.101639E+00
-125 -055 0.106040E+00
-125 -040 0.100281E+00
-125 -025 0.496862E-01
-125 -010 -0.438078E-01
-125 000 -0.114686E+00
-125 015 -0.199283E+00
-125 030 -0.241267E+00
-125 050 -0.217975E+00
-125 070 -0.139197E+00
-125 090 -0.952383E-01
-125 110 -0.575886E-01
-125 130 -0.259212E-01
-125 145 -0.550417E-02
-125 160 0.830937E-02
-125 -200 0.830937E-02
-125 170 0.184466E-01
-125 -190 0.184466E-01
-100 -165 0.468858E-01
-100 195 0.468858E-01
-100 -150 0.678700E-01
-100 210 0.678700E-01
-100 -130 0.791434E-01
-100 -115 0.814114E-01
-100 -100 0.825460E-01
-100 -085 0.841756E-01
-100 -070 0.802256E-01
-100 -055 0.417071E-01
-100 -040 -0.389146E-01
-100 -025 -0.145888E+00
-100 -010 -0.253020E+00
-100 000 -0.304352E+00
-100 015 -0.360586E+00
-100 030 -0.355437E+00
-100 050 -0.604659E-01
-100 070 0.208221E+00
-100 090 -0.108186E+00
-100 110 -0.122928E+00
-100 130 -0.508790E-01
-100 145 -0.245277E-01
-100 160 -0.457880E-02
-100 -200 -0.457880E-02
-100 170 0.811122E-02
-100 -190 0.811122E-02
-085 -165 0.475168E-01
-085 195 0.475168E-01
-085 -150 0.632128E-01
-085 210 0.632128E-01
-085 -130 0.685057E-01
-085 -115 0.691740E-01
-085 -100 0.719748E-01
-085 -085 0.687653E-01
-085 -070 0.422172E-01
-085 -055 -0.367883E-01
-085 -040 -0.143545E+00
-085 -025 -0.245433E+00
-085 -010 -0.340122E+00
-085 000 -0.377515E+00
-085 015 -0.416116E+00
-085 030 -0.180266E+00
-085 050 0.118717E+01
-085 070 0.142407E+01
-085 090 0.372244E+00
-085 110 -0.160764E+00
-085 130 -0.689249E-01
-085 145 -0.296308E-01
-085 160 -0.494628E-02
-085 -200 -0.494628E-02
-085 170 0.823561E-02
-085 -190 0.823561E-02
-085 180 0.242332E-01
-085 -180 0.242332E-01
-070 -165 0.407613E-01
-070 195 0.407613E-01
-070 -150 0.478405E-01
-070 210 0.478405E-01
-070 -130 0.469352E-01
-070 -115 0.510940E-01
-070 -100 0.535436E-01
-070 -085 0.398206E-01
-070 -070 -0.178388E-01
-070 -055 -0.111772E+00
-070 -040 -0.212230E+00
-070 -025 -0.315936E+00
-070 -010 -0.393457E+00
-070 000 -0.463325E+00
-070 015 -0.245349E+00
-070 030 0.106477E+01
-070 050 0.282015E+01
-070 070 0.273475E+01
-070 090 0.970456E+00
-070 110 -0.181702E+00
-070 130 -0.945588E-01
-070 145 -0.242408E-01
-070 160 -0.305313E-02
-070 -200 -0.305313E-02
-070 170 0.734782E-02
-070 -190 0.734782E-02
-055 -165 0.251435E-01
-055 195 0.251435E-01
-055 -150 0.198919E-01
-055 210 0.198919E-01
-055 -130 0.157425E-01
-055 -115 0.212424E-01
-055 -100 0.198403E-01
-055 -085 -0.148382E-01
-055 -070 -0.763129E-01
-055 -055 -0.153967E+00
-055 -040 -0.272052E+00
-055 -025 -0.379181E+00
-055 -010 -0.502088E+00
-055 000 -0.370310E+00
-055 015 0.116746E+01
-055 030 0.339191E+01
-055 050 0.432374E+01
-055 070 0.359499E+01
-055 090 0.116366E+01
-055 110 -0.242721E+00
-055 130 -0.975015E-01
-055 145 -0.137230E-01
-055 160 -0.365168E-02
-055 -200 -0.365168E-02
-055 170 0.231678E-02
-055 -190 0.231678E-02
-055 180 0.111073E-01
-055 -180 0.111073E-01
-040 -165 0.323354E-02
-040 195 0.323354E-02
-040 -150 -0.104587E-01
-040 210 -0.104587E-01
-040 -130 -0.143157E-01
-040 -115 -0.141545E-01
-040 -100 -0.297325E-01
-040 -085 -0.427829E-01
-040 -070 -0.856669E-01
-040 -055 -0.205564E+00
-040 -040 -0.341294E+00
-040 -025 -0.522234E+00
-040 -010 -0.255910E+00
-040 000 0.115993E+01
-040 015 0.426621E+01
-040 030 0.526749E+01
-040 050 0.532820E+01
-040 070 0.376573E+01
-040 090 0.497893E+00
-040 110 -0.260593E+00
-040 130 -0.217470E-01
-040 145 0.128036E-02
-040 160 -0.897703E-02
-040 -200 -0.897703E-02
-040 170 -0.322864E-02
-040 -190 -0.322864E-02
-040 180 0.568466E-02
-040 -180 0.568466E-02
-025 -165 -0.208469E-01
-025 195 -0.208469E-01
-025 -150 -0.359542E-01
-025 210 -0.359542E-01
-025 -130 -0.831447E-02
-025 -115 0.101103E-01
-025 -100 0.565973E-02
-025 -085 -0.239095E-01
-025 -070 -0.120835E+00
-025 -055 -0.310867E+00
-025 -040 -0.504447E+00
-025 -025 -0.355521E+00
-025 -010 0.378164E+01
-025 000 0.514368E+01
-025 015 0.609072E+01
-025 030 0.634051E+01
-025 050 0.557818E+01
-025 070 0.265691E+01
-025 090 -0.371426E+00
-025 110 -0.719513E-01
-025 130 0.103923E-01
-025 145 -0.723243E-02
-025 160 -0.771187E-02
-025 -200 -0.771187E-02
-025 170 -0.895276E-03
-025 -190 -0.895276E-03
-025 180 0.148166E-02
-025 -180 0.148166E-02
-010 -150 -0.138411E-01
-010 210 -0.138411E-01
-010 -130 0.888164E-02
-010 -115 0.194953E-01
-010 -100 0.173695E-01
-010 -085 -0.616470E-01
-010 -070 -0.239883E+00
-010 -055 -0.461301E+00
-010 -040 -0.326211E+00
-010 -025 0.430253E+01
-010 -010 0.594499E+01
-010 000 0.635193E+01
-010 015 0.657850E+01
-010 030 0.635033E+01
-010 050 0.462198E+01
-010 070 -0.402525E+00
-010 090 -0.772007E-01
-010 110 0.345170E-01
-010 130 0.123838E-01
-010 145 -0.439500E-02
-010 160 0.104967E-02
-010 -200 0.104967E-02
-010 170 -0.119259E-02
-010 -190 -0.119259E-02
-010 180 -0.956709E-02
-010 -180 -0.956709E-02
000 -165 -0.250174E-01
000 195 -0.250174E-01
000 -150 -0.658427E-02
000 210 -0.658427E-02
000 -115 0.199241E-01
000 -100 -0.137882E-01
000 -085 -0.135757E+00
000 -070 -0.352957E+00
000 -055 -0.490831E+00
000 -040 0.347046E+01
000 -025 0.564625E+01
000 -010 0.637710E+01
000 000 0.661384E+01
000 015 0.659011E+01
000 030 0.595668E+01
000 050 0.214157E+01
000 070 -0.285179E+00
000 090 0.122744E-01
000 110 0.456951E-01
000 130 0.112702E-01
000 145 0.453757E-02
000 160 0.664382E-02
000 -200 0.664382E-02
000 170 -0.397179E-02
000 -190 -0.397179E-02
000 180 -0.270725E-01
000 -180 -0.270725E-01
015 -150 -0.830923E-02
015 210 -0.830923E-02
015 -130 0.925900E-02
015 -115 -0.205247E-01
015 -100 -0.120755E+00
015 -085 -0.307558E+00
015 -070 -0.371757E+00
015 -055 0.368138E+01
015 -040 0.519900E+01
015 -025 0.630473E+01
015 -010 0.657881E+01
015 000 0.654882E+01
015 015 0.587006E+01
015 030 0.389751E+01
015 070 -0.616712E-01
015 090 0.494355E-01
015 110 0.305931E-01
015 130 0.173471E-01
015 145 0.160107E-01
015 160 -0.101373E-01
015 -200 -0.101373E-01
015 170 -0.235001E-01
015 -190 -0.235001E-01
015 180 -0.220686E-01
015 -180 -0.220686E-01
030 -150 -0.671281E-02
030 210 -0.671281E-02
030 -130 -0.110278E-01
030 -115 -0.100732E+00
030 -100 -0.308770E+00
030 -085 0.307029E+00
030 -070 0.321666E+01
030 -055 0.494786E+01
030 -040 0.587994E+01
030 -025 0.614386E+01
030 -010 0.601068E+01
030 000 0.543818E+01
030 015 0.349151E+01
030 030 -0.454492E+00
030 050 -0.211310E+00
030 070 -0.143622E-01
030 090 0.149106E-01
030 110 0.174246E-01
030 130 0.381108E-01
030 145 -0.232787E-02
030 160 -0.113366E-01
030 -200 -0.113366E-01
030 170 -0.404433E-01
030 -190 -0.404433E-01
030 180 -0.132674E-01
030 -180 -0.132674E-01
050 -165 -0.163492E-02
050 195 -0.163492E-02
050 -150 -0.256778E-02
050 210 -0.256778E-02
050 -130 -0.847631E-01
050 -115 -0.254043E+00
050 -100 -0.353063E-01
050 -085 0.188149E+01
050 -070 0.367631E+01
050 -055 0.466695E+01
050 -040 0.530248E+01
050 -025 0.389490E+01
050 -010 0.304835E+01
050 000 0.162274E+01
050 015 -0.477520E+00
050 030 -0.308251E+00
050 050 -0.103428E+00
050 070 -0.393923E-01
050 090 -0.647623E-02
050 110 0.348352E-01
050 130 0.327247E-01
050 145 0.268768E-01
050 160 0.201384E-01
050 -200 0.201384E-01
050 170 0.151120E-01
050 -190 0.151120E-01
050 180 0.952344E-02
050 -180 0.952344E-02
070 -165 0.117759E-01
070 195 0.117759E-01
070 -150 -0.423540E-02
070 210 -0.423540E-02
070 -130 -0.791485E-01
070 -115 -0.191321E+00
070 -100 0.227321E-01
070 -085 0.132748E+01
070 -070 0.267944E+01
070 -055 0.318062E+01
070 -040 0.301324E+01
070 -025 0.190849E+01
070 -010 0.172411E+00
070 000 -0.376846E+00
070 015 -0.321788E+00
070 030 -0.206320E+00
070 050 -0.922829E-01
070 070 -0.137734E-01
070 090 0.580926E-01
070 110 0.652100E-01
070 130 0.603800E-01
070 145 0.571733E-01
070 160 0.489406E-01
070 -200 0.489406E-01
070 170 0.395495E-01
070 -190 0.395495E-01
090 -165 0.139536E-01
090 195 0.139536E-01
090 -150 -0.962222E-03
090 210 -0.962222E-03
090 -130 -0.389906E-01
090 -115 -0.103975E+00
090 -100 -0.146717E+00
090 -085 0.248207E+00
090 -070 0.985039E+00
090 -055 0.118833E+01
090 -040 0.567817E+00
090 -025 -0.161453E+00
090 -010 -0.318971E+00
090 000 -0.308273E+00
090 015 -0.235215E+00
090 030 -0.155199E+00
090 050 -0.295601E-01
090 070 0.559040E-01
090 090 0.788053E-01
090 110 0.752917E-01
090 130 0.713299E-01
090 145 0.648383E-01
090 160 0.562605E-01
090 -200 0.562605E-01
090 170 0.466555E-01
090 -190 0.466555E-01
090 180 0.344801E-01
090 -180 0.344801E-01
110 -165 0.259388E-01
110 195 0.259388E-01
110 -150 0.674172E-02
110 210 0.674172E-02
110 -130 -0.169034E-01
110 -115 -0.431766E-01
110 -100 -0.807531E-01
110 -085 -0.103373E+00
110 -070 -0.864402E-01
110 -055 -0.120034E+00
110 -040 -0.215953E+00
110 -025 -0.266391E+00
110 -010 -0.253368E+00
110 000 -0.223583E+00
110 015 -0.152643E+00
110 030 -0.535422E-01
110 050 0.550362E-01
110 070 0.883585E-01
110 090 0.833642E-01
110 110 0.773108E-01
110 130 0.708916E-01
110 145 0.632815E-01
110 160 0.542549E-01
110 -200 0.542549E-01
110 170 0.484159E-01
110 -190 0.484159E-01
110 180 0.417748E-01
110 -180 0.417748E-01
130 -165 0.390539E-01
130 195 0.390539E-01
130 -150 0.269374E-01
130 210 0.269374E-01
130 -130 0.250287E-02
130 -115 -0.152290E-01
130 -100 -0.378767E-01
130 -085 -0.676448E-01
130 -070 -0.107933E+00
130 -055 -0.158474E+00
130 -040 -0.194526E+00
130 -010 -0.149326E+00
130 000 -0.100368E+00
130 015 -0.135305E-01
130 030 0.574135E-01
130 050 0.115921E+00
130 070 0.103743E+00
130 090 0.872946E-01
130 110 0.775062E-01
130 130 0.659956E-01
130 145 0.543929E-01
130 160 0.485203E-01
130 -200 0.485203E-01
130 170 0.457954E-01
130 -190 0.457954E-01
130 180 0.443289E-01
130 -180 0.443289E-01
150 -165 0.456488E-01
-210 -165 0.456488E-01
150 195 0.456488E-01
150 -150 0.419927E-01
-210 -150 0.419927E-01
150 210 0.419927E-01
150 -130 0.299317E-01
-210 -130 0.299317E-01
150 -115 0.149112E-01
-210 -115 0.149112E-01
150 -100 -0.565657E-02
-210 -100 -0.565657E-02
150 -085 -0.330682E-01
-210 -085 -0.330682E-01
150 -070 -0.711364E-01
-210 -070 -0.711364E-01
150 -055 -0.940274E-01
-210 -055 -0.940274E-01
150 -040 -0.832198E-01
-210 -040 -0.832198E-01
150 -025 -0.406843E-01
-210 -025 -0.406843E-01
150 -010 0.193293E-01
-210 -010 0.193293E-01
150 000 0.604847E-01
-210 000 0.604847E-01
150 015 0.113925E+00
-210 015 0.113925E+00
150 030 0.125711E+00
-210 030 0.125711E+00
150 050 0.120997E+00
-210 050 0.120997E+00
150 070 0.984786E-01
-210 070 0.984786E-01
150 090 0.764354E-01
-210 090 0.764354E-01
150 110 0.630850E-01
-210 110 0.630850E-01
150 130 0.559984E-01
-210 130 0.559984E-01
150 145 0.524084E-01
-210 145 0.524084E-01
150 160 0.482243E-01
-210 160 0.482243E-01
150 -200 0.482243E-01
-210 -200 0.482243E-01
150 170 0.467551E-01
-210 170 0.467551E-01
150 -190 0.467551E-01
-210 -190 0.467551E-01
150 180 0.458501E-01
-210 180 0.458501E-01
150 -180 0.458501E-01
-210 -180 0.458501E-01
165 -165 0.465532E-01
-195 -165 0.465532E-01
165 195 0.465532E-01
165 -150 0.467205E-01
-195 -150 0.467205E-01
165 210 0.467205E-01
165 -130 0.443706E-01
-195 -130 0.443706E-01
165 -115 0.350781E-01
-195 -115 0.350781E-01
165 -100 0.189219E-01
-195 -100 0.189219E-01
165 -085 -0.487663E-02
-195 -085 -0.487663E-02
165 -070 -0.267104E-01
-195 -070 -0.267104E-01
165 -055 -0.242108E-01
-195 -055 -0.242108E-01
165 -040 0.894219E-02
-195 -040 0.894219E-02
165 -025 0.560945E-01
-195 -025 0.560945E-01
165 -010 0.989592E-01
-195 -010 0.989592E-01
165 000 0.111108E+00
-195 000 0.111108E+00
165 015 0.126319E+00
-195 015 0.126319E+00
165 030 0.124593E+00
-195 030 0.124593E+00
165 050 0.972040E-01
-195 050 0.972040E-01
165 070 0.671211E-01
-195 070 0.671211E-01
165 090 0.528556E-01
-195 090 0.528556E-01
165 110 0.486071E-01
-195 110 0.486071E-01
165 130 0.471034E-01
-195 130 0.471034E-01
165 145 0.469267E-01
-195 145 0.469267E-01
165 160 0.468680E-01
-195 160 0.468680E-01
165 -200 0.468680E-01
-195 -200 0.468680E-01
165 170 0.466582E-01
-195 170 0.466582E-01
165 -190 0.466582E-01
-195 -190 0.466582E-01
165 180 0.465738E-01
-195 180 0.465738E-01
165 -180 0.465738E-01
-195 -180 0.465738E-01
180 -165 0.459472E-01
-180 -165 0.459472E-01
180 195 0.459472E-01
180 -150 0.479190E-01
-180 -150 0.479190E-01
180 210 0.479190E-01
180 -130 0.509349E-01
-180 -130 0.509349E-01
180 -115 0.483893E-01
-180 -115 0.483893E-01
180 -100 0.399432E-01
-180 -100 0.399432E-01
180 -085 0.272659E-01
-180 -085 0.272659E-01
180 -070 0.244980E-01
-180 -070 0.244980E-01
180 -055 0.353996E-01
-180 -055 0.353996E-01
180 -040 0.650315E-01
-180 -040 0.650315E-01
180 -025 0.967430E-01
-180 -025 0.967430E-01
180 -010 0.117975E+00
-180 -010 0.117975E+00
180 000 0.130984E+00
-180 000 0.130984E+00
180 015 0.129761E+00
-180 015 0.129761E+00
180 030 0.101551E+00
-180 030 0.101551E+00
180 070 0.226595E-01
-180 070 0.226595E-01
180 090 0.224157E-01
-180 090 0.224157E-01
180 110 0.286873E-01
-180 110 0.286873E-01
180 130 0.334874E-01
-180 130 0.334874E-01
180 145 0.374642E-01
-180 145 0.374642E-01
180 160 0.416191E-01
-180 160 0.416191E-01
180 -200 0.416191E-01
-180 -200 0.416191E-01
180 170 0.437310E-01
-180 170 0.437310E-01
180 -190 0.437310E-01
-180 -190 0.437310E-01
180 180 0.451116E-01
-180 180 0.451116E-01
180 -180 0.451116E-01
-180 -180 0.451116E-01
