PHI PSI J_12_15
-165 -165 0.119694E+01
195 -165 0.119694E+01
-165 195 0.119694E+01
195 195 0.119694E+01
-165 -150 0.181461E+01
195 -150 0.181461E+01
-165 210 0.181461E+01
195 210 0.181461E+01
-165 -130 0.223984E+01
195 -130 0.223984E+01
-165 -115 0.222501E+01
195 -115 0.222501E+01
-165 -100 0.167078E+01
195 -100 0.167078E+01
-165 -085 -0.201543E+00
195 -085 -0.201543E+00
-165 -070 -0.155098E+00
195 -070 -0.155098E+00
-165 -055 0.565997E+00
195 -055 0.565997E+00
-165 -040 0.156509E+01
195 -040 0.156509E+01
-165 -025 0.227244E+01
195 -025 0.227244E+01
-165 -010 0.176625E+00
195 -010 0.176625E+00
-165 000 0.100830E+00
195 000 0.100830E+00
-165 015 -0.767687E-01
195 015 -0.767687E-01
-165 050 -0.319424E+00
195 050 -0.319424E+00
-165 070 -0.296145E+00
195 070 -0.296145E+00
-165 090 -0.286006E+00
195 090 -0.286006E+00
-165 110 -0.357331E+00
195 110 -0.357331E+00
-165 130 -0.428868E+00
195 130 -0.428868E+00
-165 145 -0.399468E+00
195 145 -0.399468E+00
-165 160 -0.182843E+00
195 160 -0.182843E+00
-165 -200 -0.182843E+00
-165 170 0.106531E+00
195 170 0.106531E+00
-165 -190 0.106531E+00
-165 180 0.535549E+00
195 180 0.535549E+00
-165 -180 0.535549E+00
-150 -165 0.969862E+00
210 -165 0.969862E+00
-150 195 0.969862E+00
210 195 0.969862E+00
-150 -150 0.143021E+01
210 -150 0.143021E+01
-150 210 0.143021E+01
210 210 0.143021E+01
-150 -130 0.149178E+01
210 -130 0.149178E+01
-150 -115 0.989170E+00
210 -115 0.989170E+00
-150 -100 -0.395599E+00
210 -100 -0.395599E+00
-150 -085 -0.507064E+00
210 -085 -0.507064E+00
-150 -070 -0.488598E+00
210 -070 -0.488598E+00
-150 -055 -0.125905E+00
210 -055 -0.125905E+00
-150 -040 0.590662E+00
210 -040 0.590662E+00
-150 -025 0.105758E+01
210 -025 0.105758E+01
-150 -010 0.761362E+00
210 -010 0.761362E+00
-150 000 0.591210E+00
210 000 0.591210E+00
-150 015 0.393511E+00
210 015 0.393511E+00
-150 030 0.220384E+00
210 030 0.220384E+00
-150 050 0.193885E-01
210 050 0.193885E-01
-150 070 0.147599E-01
210 070 0.147599E-01
-150 090 0.521914E-02
210 090 0.521914E-02
-150 110 -0.208875E+00
210 110 -0.208875E+00
-150 130 -0.409707E+00
210 130 -0.409707E+00
-150 145 -0.439013E+00
210 145 -0.439013E+00
-150 160 -0.247867E+00
210 160 -0.247867E+00
-150 -200 -0.247867E+00
-150 170 0.363653E-01
210 170 0.363653E-01
-150 -190 0.363653E-01
-125 -165 -0.151768E+00
-125 195 -0.151768E+00
-125 -150 -0.168675E+00
-125 210 -0.168675E+00
-125 -130 -0.502925E+00
-125 -115 -0.490887E+00
-125 -100 -0.333104E+00
-125 -085 -0.229288E+00
-125 -070 -0.245458E+00
-125 -055 0.934280E+00
-125 -040 0.206407E+01
-125 -025 0.199184E+01
-125 -010 0.182719E+01
-125 000 0.167043E+01
-125 015 0.140347E+01
-125 030 0.109992E+01
-125 050 0.843284E+00
-125 070 0.915895E+00
-125 090 0.697485E+00
-125 110 0.201062E+00
-125 130 -0.236618E+00
-125 145 -0.406442E+00
-125 160 -0.459425E+00
-125 -200 -0.459425E+00
-125 170 -0.410478E+00
-125 -190 -0.410478E+00
-100 -165 -0.238858E+00
-100 195 -0.238858E+00
-100 -150 -0.186929E+00
-100 210 -0.186929E+00
-100 -130 0.370009E-01
-100 -115 0.186978E+00
-100 -100 0.316772E+00
-100 -085 0.722485E+00
-100 -070 0.130254E+01
-100 -055 0.287181E+01
-100 -040 0.316397E+01
-100 -025 0.300082E+01
-100 -010 0.295015E+01
-100 000 0.271221E+01
-100 015 0.222238E+01
-100 030 0.178772E+01
-100 050 0.203823E+01
-100 070 0.237716E+01
-100 090 0.183255E+01
-100 110 0.106060E+01
-100 130 0.438825E+00
-100 145 0.153241E+00
-100 160 -0.567325E-01
-100 -200 -0.567325E-01
-100 170 -0.155632E+00
-100 -190 -0.155632E+00
-085 -165 0.687972E+00
-085 195 0.687972E+00
-085 -150 0.538772E+00
-085 210 0.538772E+00
-085 -130 0.573741E+00
-085 -115 0.633890E+00
-085 -100 0.100172E+01
-085 -085 0.148139E+01
-085 -070 0.239240E+01
-085 -055 0.352833E+01
-085 -040 0.369126E+01
-085 -025 0.363910E+01
-085 -010 0.330192E+01
-085 000 0.300191E+01
-085 015 0.254722E+01
-085 030 0.239405E+01
-085 050 0.278231E+01
-085 070 0.279753E+01
-085 090 0.242972E+01
-085 110 0.196533E+01
-085 130 0.147865E+01
-085 145 0.114099E+01
-085 160 0.970419E+00
-085 -200 0.970419E+00
-085 170 0.900226E+00
-085 -190 0.900226E+00
-085 180 0.838221E+00
-085 -180 0.838221E+00
-070 -165 0.172621E+01
-070 195 0.172621E+01
-070 -150 0.144757E+01
-070 210 0.144757E+01
-070 -130 0.137515E+01
-070 -115 0.148342E+01
-070 -100 0.196302E+01
-070 -085 0.254422E+01
-070 -070 0.356209E+01
-070 -055 0.399021E+01
-070 -040 0.389867E+01
-070 -025 0.368588E+01
-070 -010 0.340724E+01
-070 000 0.319273E+01
-070 015 0.297846E+01
-070 030 0.297534E+01
-070 050 0.311219E+01
-070 070 0.312246E+01
-070 090 0.289728E+01
-070 110 0.282260E+01
-070 130 0.263230E+01
-055 -165 0.288821E+01
-055 195 0.288821E+01
-055 -150 0.262544E+01
-055 210 0.262544E+01
-055 -130 0.252944E+01
-055 -115 0.289943E+01
-055 -100 0.340638E+01
-055 -085 0.397418E+01
-055 -070 0.423890E+01
-055 -055 0.386722E+01
-055 -040 0.380320E+01
-055 -025 0.379533E+01
-055 -010 0.366592E+01
-055 000 0.359431E+01
-055 015 0.355868E+01
-055 030 0.366074E+01
-055 050 0.372604E+01
-055 070 0.374764E+01
-055 090 0.364970E+01
-055 110 0.372320E+01
-055 130 0.370025E+01
-055 145 0.360526E+01
-055 160 0.348978E+01
-055 -200 0.348978E+01
-055 170 0.332825E+01
-055 -190 0.332825E+01
-055 180 0.325065E+01
-055 -180 0.325065E+01
-040 -165 0.424456E+01
-040 195 0.424456E+01
-040 -150 0.403063E+01
-040 210 0.403063E+01
-040 -130 0.404383E+01
-040 -115 0.442903E+01
-040 -100 0.472909E+01
-040 -085 0.382335E+01
-040 -070 0.362519E+01
-040 -055 0.375518E+01
-040 -040 0.397254E+01
-040 -025 0.412617E+01
-040 -010 0.411572E+01
-040 000 0.406850E+01
-040 015 0.394949E+01
-040 030 0.399444E+01
-040 050 0.413214E+01
-040 070 0.425416E+01
-040 090 0.429724E+01
-040 110 0.431431E+01
-040 130 0.432741E+01
-040 145 0.441679E+01
-040 160 0.444729E+01
-040 -200 0.444729E+01
-040 170 0.442730E+01
-040 -190 0.442730E+01
-040 180 0.440034E+01
-040 -180 0.440034E+01
-025 -165 0.540325E+01
-025 195 0.540325E+01
-025 -150 0.518137E+01
-025 210 0.518137E+01
-025 -130 0.138301E+01
-025 -115 0.944032E+00
-025 -100 0.145101E+01
-025 -085 0.214162E+01
-025 -070 0.300397E+01
-025 -055 0.378052E+01
-025 -040 0.423159E+01
-025 -025 0.415684E+01
-025 -010 0.353013E+01
-025 000 0.324576E+01
-025 015 0.309327E+01
-025 030 0.328322E+01
-025 050 0.374189E+01
-025 070 0.405276E+01
-025 090 0.357566E+01
-025 110 0.393624E+01
-025 130 0.451955E+01
-025 145 0.489401E+01
-025 160 0.518740E+01
-025 -200 0.518740E+01
-025 170 0.533601E+01
-025 -190 0.533601E+01
-025 180 0.545871E+01
-025 -180 0.545871E+01
-010 -165 0.240742E+00
-010 195 0.240742E+00
-010 -150 -0.115403E+00
-010 210 -0.115403E+00
-010 -130 -0.121870E+00
-010 -115 0.910555E-02
-010 -100 0.269864E+00
-010 -085 0.135836E+01
-010 -070 0.294863E+01
-010 -055 0.383851E+01
-010 -040 0.388030E+01
-010 -025 0.215133E+01
-010 -010 0.197945E+01
-010 000 0.192718E+01
-010 015 0.198133E+01
-010 030 0.221925E+01
-010 050 0.255828E+01
-010 070 0.126561E+01
-010 090 0.184212E+01
-010 110 0.340183E+01
-010 130 0.438617E+01
-010 145 0.489632E+01
-010 160 0.534200E+01
-010 -200 0.534200E+01
-010 170 0.554785E+01
-010 -190 0.554785E+01
-010 180 0.569166E+01
-010 -180 0.569166E+01
000 -165 -0.273738E+00
000 195 -0.273738E+00
000 -150 -0.295251E+00
000 210 -0.295251E+00
000 -130 -0.343841E+00
000 -115 -0.341683E+00
000 -100 0.678355E-02
000 -085 0.107580E+01
000 -070 0.265702E+01
000 -055 0.325639E+01
000 -040 0.143319E+01
000 -025 0.104317E+01
000 -010 0.112886E+01
000 000 0.113591E+01
000 015 0.127009E+01
000 030 0.144949E+01
000 050 0.110369E+01
000 070 0.295697E+00
000 090 0.136233E+01
000 110 0.305668E+01
000 130 0.401476E+01
000 145 0.449642E+01
000 160 0.490661E+01
000 -200 0.490661E+01
000 170 0.489486E+01
000 -190 0.489486E+01
000 180 -0.247102E+00
000 -180 -0.247102E+00
015 -165 0.712574E+00
015 195 0.712574E+00
015 -150 0.389900E+00
015 210 0.389900E+00
015 -130 -0.666876E-01
015 -115 -0.362994E+00
015 -100 -0.233792E+00
015 -085 0.517300E+00
015 -070 0.140966E+01
015 -055 -0.113146E+00
015 -040 0.189134E+00
015 -025 0.519997E-02
015 -010 0.165737E+00
015 000 0.211039E+00
015 015 0.286116E+00
015 030 0.236424E+00
015 050 -0.289564E+00
015 070 -0.162815E+00
015 090 0.931121E+00
015 110 0.226102E+01
015 130 0.288026E+01
015 145 0.305073E+01
015 160 0.159202E+00
015 -200 0.159202E+00
015 170 0.950595E+00
015 -190 0.950595E+00
015 180 0.100417E+01
015 -180 0.100417E+01
030 -165 0.222265E+01
030 195 0.222265E+01
030 -150 0.146752E+01
030 210 0.146752E+01
030 -130 0.546730E+00
030 -115 -0.273572E-01
030 -100 -0.340067E+00
030 -085 -0.117236E-01
030 -070 0.136723E+00
030 -055 0.623965E-01
030 -040 -0.253511E+00
030 -025 -0.152654E+00
030 -010 -0.207646E+00
030 000 -0.210029E+00
030 015 -0.220452E+00
030 030 -0.860426E-01
030 050 -0.295518E+00
030 070 -0.310429E+00
030 090 0.178161E+00
030 110 0.812695E+00
030 130 0.497951E+00
030 145 0.261293E+01
030 160 0.342640E+01
030 -200 0.342640E+01
030 170 0.328333E+01
030 -190 0.328333E+01
030 180 0.296349E+01
030 -180 0.296349E+01
050 -165 0.336850E+01
050 195 0.336850E+01
050 -150 0.272216E+01
050 210 0.272216E+01
050 -130 0.177310E+01
050 -115 0.168510E+01
050 -100 0.187757E+01
050 -085 0.185617E+01
050 -070 0.174447E+01
050 -055 0.169605E+01
050 -040 0.110592E+01
050 -025 0.255624E+01
050 -010 0.755526E+00
050 000 0.573356E+00
050 015 0.824775E+00
050 030 0.251939E+00
050 050 -0.252229E+00
050 070 -0.374988E+00
050 090 0.537854E+00
050 110 0.295845E+01
050 130 0.427992E+01
050 145 0.479374E+01
050 160 0.463089E+01
050 -200 0.463089E+01
050 170 0.432709E+01
050 -190 0.432709E+01
050 180 0.407955E+01
050 -180 0.407955E+01
070 -165 0.397244E+01
070 195 0.397244E+01
070 -150 0.357816E+01
070 210 0.357816E+01
070 -130 0.305839E+01
070 -115 0.278666E+01
070 -100 0.255468E+01
070 -085 0.229817E+01
070 -070 0.218495E+01
070 -055 0.217067E+01
070 -040 0.177696E+01
070 -025 0.142817E+01
070 -010 0.119997E+01
070 000 0.121437E+01
070 015 0.583929E+00
070 030 0.165401E+00
070 050 0.109293E-01
070 070 0.378499E+00
070 090 0.286756E+01
070 110 0.398236E+01
070 130 0.465303E+01
090 -165 0.506356E+01
090 195 0.506356E+01
090 -150 0.467812E+01
090 210 0.467812E+01
090 -130 0.446338E+01
090 -115 0.397486E+01
090 -100 0.327618E+01
090 -085 0.244653E+01
090 -070 0.209331E+01
090 -055 0.199074E+01
090 -040 0.201689E+01
090 -025 0.221778E+01
090 -010 0.191718E+01
090 000 0.168738E+01
090 015 0.113242E+01
090 030 0.101755E+01
090 050 0.104062E+01
090 070 0.267261E+01
090 090 0.388229E+01
090 110 0.441507E+01
090 130 0.479091E+01
090 145 0.482144E+01
090 160 0.496396E+01
090 -200 0.496396E+01
090 170 0.497396E+01
090 -190 0.497396E+01
090 180 0.503285E+01
090 -180 0.503285E+01
110 -165 0.513714E+01
110 195 0.513714E+01
110 -150 0.512394E+01
110 210 0.512394E+01
110 -130 0.500859E+01
110 -115 0.491103E+01
110 -100 0.464295E+01
110 -085 0.426651E+01
110 -070 0.396017E+01
110 -055 0.390041E+01
110 -040 0.386377E+01
110 -025 0.369545E+01
110 -010 0.324900E+01
110 000 0.293509E+01
110 015 0.269315E+01
110 030 0.257433E+01
110 050 0.309707E+01
110 070 0.463248E+01
110 090 0.471905E+01
110 110 0.492487E+01
110 130 0.511383E+01
110 145 0.519603E+01
110 160 0.517503E+01
110 -200 0.517503E+01
110 170 0.510007E+01
110 -190 0.510007E+01
110 180 0.512265E+01
110 -180 0.512265E+01
130 -165 0.376337E+01
130 195 0.376337E+01
130 -150 0.419941E+01
130 210 0.419941E+01
130 -130 0.463284E+01
130 -115 0.488251E+01
130 -100 0.501696E+01
130 -085 0.511388E+01
130 -070 0.513946E+01
130 -055 0.506819E+01
130 -040 0.495463E+01
130 -025 0.481242E+01
130 -010 0.461562E+01
130 000 0.448371E+01
130 015 0.432756E+01
130 030 0.430771E+01
130 050 0.372521E+01
130 070 0.417891E+01
130 090 0.449835E+01
130 110 0.450639E+01
130 130 0.338554E+01
130 145 0.267223E+01
130 160 0.253832E+01
130 -200 0.253832E+01
130 170 0.269280E+01
130 -190 0.269280E+01
130 180 0.312558E+01
130 -180 0.312558E+01
150 -165 0.230344E+01
-210 -165 0.230344E+01
150 195 0.230344E+01
150 -150 0.306836E+01
-210 -150 0.306836E+01
150 210 0.306836E+01
150 -130 0.380026E+01
-210 -130 0.380026E+01
150 -115 0.425514E+01
-210 -115 0.425514E+01
150 -100 0.448527E+01
-210 -100 0.448527E+01
150 -085 0.463958E+01
-210 -085 0.463958E+01
150 -070 0.455802E+01
-210 -070 0.455802E+01
150 -055 0.450759E+01
-210 -055 0.450759E+01
150 -040 0.456678E+01
-210 -040 0.456678E+01
150 -025 0.472526E+01
-210 -025 0.472526E+01
150 -010 0.490431E+01
-210 -010 0.490431E+01
150 000 0.496848E+01
-210 000 0.496848E+01
150 015 0.307911E+00
-210 015 0.307911E+00
150 030 0.549310E+00
-210 030 0.549310E+00
150 050 0.127295E+01
-210 050 0.127295E+01
150 070 0.232947E+01
-210 070 0.232947E+01
150 090 0.232027E+01
-210 090 0.232027E+01
150 110 0.756712E+00
-210 110 0.756712E+00
150 130 0.394401E+00
-210 130 0.394401E+00
150 145 0.433122E+00
-210 145 0.433122E+00
150 160 0.676967E+00
-210 160 0.676967E+00
150 -200 0.676967E+00
-210 -200 0.676967E+00
150 170 0.100641E+01
-210 170 0.100641E+01
150 -190 0.100641E+01
-210 -190 0.100641E+01
150 180 0.147859E+01
-210 180 0.147859E+01
150 -180 0.147859E+01
-210 -180 0.147859E+01
165 -165 0.168756E+01
-195 -165 0.168756E+01
165 195 0.168756E+01
165 -150 0.242622E+01
-195 -150 0.242622E+01
165 210 0.242622E+01
165 -130 0.319324E+01
-195 -130 0.319324E+01
165 -115 0.360875E+01
-195 -115 0.360875E+01
165 -100 0.382184E+01
-195 -100 0.382184E+01
165 -085 0.353309E+01
-195 -085 0.353309E+01
165 -070 0.312922E+01
-195 -070 0.312922E+01
165 -055 0.298165E+01
-195 -055 0.298165E+01
165 -040 0.341608E+01
-195 -040 0.341608E+01
165 -025 0.394484E+01
-195 -025 0.394484E+01
165 -010 -0.332614E+00
-195 -010 -0.332614E+00
165 000 -0.343755E+00
-195 000 -0.343755E+00
165 015 -0.319844E+00
-195 015 -0.319844E+00
165 030 -0.237178E+00
-195 030 -0.237178E+00
165 050 0.948673E-01
-195 050 0.948673E-01
165 070 0.323806E+00
-195 070 0.323806E+00
165 090 -0.128193E+00
-195 090 -0.128193E+00
165 110 -0.262583E+00
-195 110 -0.262583E+00
165 130 -0.261110E+00
-195 130 -0.261110E+00
165 145 -0.136915E+00
-195 145 -0.136915E+00
165 160 0.102943E+00
-195 160 0.102943E+00
165 -200 0.102943E+00
-195 -200 0.102943E+00
165 170 0.385282E+00
-195 170 0.385282E+00
165 -190 0.385282E+00
-195 -190 0.385282E+00
165 180 0.858574E+00
-195 180 0.858574E+00
165 -180 0.858574E+00
-195 -180 0.858574E+00
180 -165 0.134831E+01
-180 -165 0.134831E+01
180 195 0.134831E+01
180 -150 0.208863E+01
-180 -150 0.208863E+01
180 210 0.208863E+01
180 -130 0.276054E+01
-180 -130 0.276054E+01
180 -115 0.298825E+01
-180 -115 0.298825E+01
180 -100 0.294230E+01
-180 -100 0.294230E+01
180 -085 0.146218E+01
-180 -085 0.146218E+01
180 -070 0.764982E+00
-180 -070 0.764982E+00
180 -055 0.160468E+01
-180 -055 0.160468E+01
180 -040 0.238291E+01
-180 -040 0.238291E+01
180 -025 0.307265E+01
-180 -025 0.307265E+01
180 -010 -0.260690E+00
-180 -010 -0.260690E+00
180 000 -0.275640E+00
-180 000 -0.275640E+00
180 015 -0.351040E+00
-180 015 -0.351040E+00
180 030 -0.405380E+00
-180 030 -0.405380E+00
180 050 -0.395250E+00
-180 050 -0.395250E+00
180 070 -0.400622E+00
-180 070 -0.400622E+00
180 090 -0.411950E+00
-180 090 -0.411950E+00
180 110 -0.412786E+00
-180 110 -0.412786E+00
180 130 -0.414430E+00
-180 130 -0.414430E+00
180 145 -0.340962E+00
-180 145 -0.340962E+00
180 160 -0.115011E+00
-180 160 -0.115011E+00
180 -200 -0.115011E+00
-180 -200 -0.115011E+00
180 170 0.154157E+00
-180 170 0.154157E+00
180 -190 0.154157E+00
-180 -190 0.154157E+00
180 180 0.581939E+00
-180 180 0.581939E+00
180 -180 0.581939E+00
-180 -180 0.581939E+00
