PHI PSI J_10_20
-165 -165 0.192929E+00
195 -165 0.192929E+00
-165 195 0.192929E+00
195 195 0.192929E+00
-165 -150 0.170457E+00
195 -150 0.170457E+00
-165 210 0.170457E+00
195 210 0.170457E+00
-165 -130 0.107026E+00
195 -130 0.107026E+00
-165 -115 0.528986E-01
195 -115 0.528986E-01
-165 -100 0.686601E-02
195 -100 0.686601E-02
-165 -085 -0.391466E-02
195 -085 -0.391466E-02
-165 -070 -0.869363E-02
195 -070 -0.869363E-02
-165 -055 -0.178601E-01
195 -055 -0.178601E-01
-165 -040 -0.255873E-01
195 -040 -0.255873E-01
-165 -025 -0.250209E-01
195 -025 -0.250209E-01
-165 -010 -0.141933E-01
195 -010 -0.141933E-01
-165 000 -0.188697E-01
195 000 -0.188697E-01
-165 015 -0.147292E-01
195 015 -0.147292E-01
-165 030 0.533521E-02
195 030 0.533521E-02
-165 050 0.338308E-01
195 050 0.338308E-01
-165 070 0.575659E-01
195 070 0.575659E-01
-165 090 0.111394E+00
195 090 0.111394E+00
-165 110 0.177999E+00
195 110 0.177999E+00
-165 130 0.200247E+00
195 130 0.200247E+00
-165 145 0.194017E+00
195 145 0.194017E+00
-165 160 0.185609E+00
195 160 0.185609E+00
-165 -200 0.185609E+00
-165 170 0.186342E+00
195 170 0.186342E+00
-165 -190 0.186342E+00
-165 180 0.199239E+00
195 180 0.199239E+00
-165 -180 0.199239E+00
-150 -165 0.163402E+00
210 -165 0.163402E+00
-150 195 0.163402E+00
210 195 0.163402E+00
-150 -150 0.130255E+00
210 -150 0.130255E+00
-150 210 0.130255E+00
210 210 0.130255E+00
-150 -130 0.564646E-01
210 -130 0.564646E-01
-150 -115 0.146120E-02
210 -115 0.146120E-02
-150 -100 -0.156125E-01
210 -100 -0.156125E-01
-150 -085 -0.513991E-02
210 -085 -0.513991E-02
-150 -070 -0.751851E-02
210 -070 -0.751851E-02
-150 -055 -0.242701E-01
210 -055 -0.242701E-01
-150 -040 -0.419065E-01
210 -040 -0.419065E-01
-150 -025 -0.472499E-01
210 -025 -0.472499E-01
-150 -010 -0.387446E-01
210 -010 -0.387446E-01
-150 000 -0.410472E-01
210 000 -0.410472E-01
-150 015 -0.271143E-01
210 015 -0.271143E-01
-150 030 0.242297E-02
210 030 0.242297E-02
-150 050 0.476845E-01
210 050 0.476845E-01
-150 070 0.107325E+00
210 070 0.107325E+00
-150 090 0.186483E+00
210 090 0.186483E+00
-150 110 0.245496E+00
210 110 0.245496E+00
-150 130 0.239156E+00
210 130 0.239156E+00
-150 145 0.207406E+00
210 145 0.207406E+00
-150 160 0.180053E+00
210 160 0.180053E+00
-150 -200 0.180053E+00
-150 170 0.174808E+00
210 170 0.174808E+00
-150 -190 0.174808E+00
-125 -165 0.128306E+00
-125 195 0.128306E+00
-125 -150 0.723304E-01
-125 210 0.723304E-01
-125 -130 -0.110969E-01
-125 -115 -0.446682E-02
-125 -100 0.399504E-01
-125 -085 0.692500E-01
-125 -070 0.455523E-01
-125 -055 -0.651474E-02
-125 -040 -0.391286E-01
-125 -025 -0.546214E-01
-125 -010 -0.611833E-01
-125 000 -0.548605E-01
-125 015 -0.254019E-01
-125 030 0.241712E-01
-125 050 0.116614E+00
-125 070 0.207532E+00
-125 090 0.256670E+00
-125 110 0.248355E+00
-125 130 0.196210E+00
-125 145 0.142923E+00
-125 160 0.133506E+00
-125 -200 0.133506E+00
-125 170 0.146078E+00
-125 -190 0.146078E+00
-100 -165 0.155891E-01
-100 195 0.155891E-01
-100 -150 0.203364E-02
-100 210 0.203364E-02
-100 -130 0.118729E+00
-100 -115 0.218204E+00
-100 -100 0.284028E+00
-100 -085 0.305573E+00
-100 -070 0.213097E+00
-100 -055 0.108386E+00
-100 -040 0.468104E-01
-100 -025 0.110416E-01
-100 -010 -0.119584E-01
-100 000 -0.150614E-01
-100 015 0.102708E-01
-100 030 0.796583E-01
-100 050 0.204191E+00
-100 070 0.213388E+00
-100 090 0.174044E+00
-100 110 0.141476E+00
-100 130 0.104424E+00
-100 145 0.911755E-01
-100 160 0.806129E-01
-100 -200 0.806129E-01
-100 170 0.729269E-01
-100 -190 0.729269E-01
-085 -165 0.184746E-01
-085 195 0.184746E-01
-085 -150 0.141365E+00
-085 210 0.141365E+00
-085 -130 0.387644E+00
-085 -115 0.537717E+00
-085 -100 0.598668E+00
-085 -085 0.532287E+00
-085 -070 0.357130E+00
-085 -055 0.228368E+00
-085 -040 0.137607E+00
-085 -025 0.644872E-01
-085 -010 0.172682E-01
-085 000 0.416262E-02
-085 015 0.317508E-01
-085 030 0.121870E+00
-085 050 0.237209E+00
-085 070 0.181443E+00
-085 090 0.801056E-01
-085 110 0.664225E-01
-085 130 0.552653E-01
-085 145 0.376259E-01
-085 160 0.149017E-01
-085 -200 0.149017E-01
-085 170 -0.118209E-03
-085 -190 -0.118209E-03
-085 180 -0.638306E-02
-085 -180 -0.638306E-02
-070 -165 0.244727E+00
-070 195 0.244727E+00
-070 -150 0.588050E+00
-070 210 0.588050E+00
-070 -130 0.954441E+00
-070 -115 0.105589E+01
-070 -100 0.105247E+01
-070 -085 0.800923E+00
-070 -070 0.576090E+00
-070 -055 0.397164E+00
-070 -040 0.209796E+00
-070 -025 0.810244E-01
-070 -010 0.140956E-01
-070 000 0.595752E-02
-070 015 0.511407E-01
-070 030 0.167476E+00
-070 050 0.266633E+00
-070 070 0.139179E+00
-070 090 0.183786E-01
-070 110 0.203111E-01
-070 130 0.285539E-01
-070 145 0.210864E-01
-070 160 0.187398E-01
-070 -200 0.187398E-01
-070 170 0.294534E-01
-070 -190 0.294534E-01
-055 -165 0.871653E+00
-055 195 0.871653E+00
-055 -150 0.135470E+01
-055 210 0.135470E+01
-055 -130 0.173440E+01
-055 -115 0.181458E+01
-055 -100 0.151350E+01
-055 -085 0.110204E+01
-055 -070 0.767734E+00
-055 -055 0.478559E+00
-055 -040 0.189855E+00
-055 -025 0.261137E-01
-055 -010 -0.106015E-01
-055 000 0.268159E-02
-055 015 0.802376E-01
-055 030 0.192737E+00
-055 050 0.219868E+00
-055 070 0.573759E-01
-055 090 -0.246546E-01
-055 110 0.210278E-01
-055 130 0.809039E-01
-055 145 0.127982E+00
-055 160 0.212012E+00
-055 -200 0.212012E+00
-055 170 0.324032E+00
-055 -190 0.324032E+00
-055 180 0.460661E+00
-055 -180 0.460661E+00
-040 -165 0.161418E+01
-040 195 0.161418E+01
-040 -150 0.211491E+01
-040 210 0.211491E+01
-040 -130 0.245529E+01
-040 -115 0.234970E+01
-040 -100 0.190552E+01
-040 -085 0.124208E+01
-040 -070 0.784348E+00
-040 -055 0.395291E+00
-040 -040 0.588960E-01
-040 -025 -0.312837E-01
-040 -010 -0.119849E-01
-040 000 0.246229E-01
-040 015 0.103479E+00
-040 030 0.140708E+00
-040 050 0.852490E-01
-040 070 -0.328620E-01
-040 090 -0.414949E-01
-040 110 0.790135E-01
-040 130 0.223358E+00
-040 145 0.385785E+00
-040 160 0.625817E+00
-040 -200 0.625817E+00
-040 170 0.842508E+00
-040 -190 0.842508E+00
-040 180 0.111088E+01
-040 -180 0.111088E+01
-025 -165 0.234207E+01
-025 195 0.234207E+01
-025 -150 0.279190E+01
-025 210 0.279190E+01
-025 -130 0.279033E+01
-025 -115 0.193286E+01
-025 -100 0.140221E+01
-025 -085 0.913380E+00
-025 -070 0.529624E+00
-025 -055 0.122249E+00
-025 -040 -0.475163E-01
-025 -025 -0.924298E-02
-025 -010 0.729767E-01
-025 000 0.909959E-01
-025 015 0.705713E-01
-025 030 0.300477E-01
-025 050 -0.328738E-01
-025 070 -0.784704E-01
-025 090 -0.109499E-01
-025 110 0.221460E+00
-025 130 0.541735E+00
-025 145 0.823216E+00
-025 160 0.116377E+01
-025 -200 0.116377E+01
-025 170 0.143247E+01
-025 -190 0.143247E+01
-025 180 0.178613E+01
-025 -180 0.178613E+01
-010 -150 0.279953E+01
-010 210 0.279953E+01
-010 -130 0.193665E+01
-010 -115 0.146343E+01
-010 -100 0.942972E+00
-010 -085 0.562549E+00
-010 -070 0.226485E+00
-010 -055 -0.473151E-01
-010 -040 -0.130616E-01
-010 -025 0.874383E-01
-010 -010 0.903477E-01
-010 000 0.741257E-01
-010 015 0.423100E-01
-010 030 0.144509E-01
-010 050 -0.262422E-01
-010 070 -0.679552E-01
-010 090 0.101083E+00
-010 110 0.484868E+00
-010 130 0.985230E+00
-010 145 0.137999E+01
-010 160 0.182726E+01
-010 -200 0.182726E+01
-010 170 0.218819E+01
-010 -190 0.218819E+01
-010 180 0.260765E+01
-010 -180 0.260765E+01
000 -165 0.288614E+01
000 195 0.288614E+01
000 -150 0.225237E+01
000 210 0.225237E+01
000 -115 0.108072E+01
000 -100 0.706662E+00
000 -085 0.333621E+00
000 -070 0.336292E-01
000 -055 -0.574778E-01
000 -040 0.527672E-01
000 -025 0.661183E-01
000 -010 0.652291E-01
000 000 0.556292E-01
000 015 0.426589E-01
000 030 0.376700E-01
000 050 0.369691E-02
000 070 -0.588514E-01
000 090 0.261427E+00
000 110 0.743779E+00
000 130 0.136038E+01
000 145 0.182645E+01
000 160 0.234133E+01
000 -200 0.234133E+01
000 170 0.288788E+01
000 -190 0.288788E+01
000 180 0.391529E+01
000 -180 0.391529E+01
015 -150 0.139641E+01
015 210 0.139641E+01
015 -130 0.961682E+00
015 -115 0.650073E+00
015 -100 0.364501E+00
015 -085 0.616204E-01
015 -070 -0.664254E-01
015 -055 -0.348807E-01
015 -040 0.126404E-01
015 -025 0.276797E-01
015 -010 0.486957E-01
015 000 0.558304E-01
015 015 0.651532E-01
015 030 0.461166E-01
015 070 0.150586E+00
015 090 0.654776E+00
015 110 0.125996E+01
015 130 0.200482E+01
015 145 0.261371E+01
015 160 0.358822E+01
015 -200 0.358822E+01
015 170 0.298323E+01
015 -190 0.298323E+01
015 180 0.241570E+01
015 -180 0.241570E+01
030 -150 0.846986E+00
030 210 0.846986E+00
030 -130 0.531788E+00
030 -115 0.312406E+00
030 -100 0.100187E+00
030 -085 -0.456313E-01
030 -070 -0.723041E-01
030 -055 -0.371265E-01
030 -040 -0.348238E-02
030 -025 0.608735E-01
030 -010 0.742300E-01
030 000 0.681984E-01
030 015 0.335868E-01
030 030 -0.387073E-01
030 050 0.591381E-01
030 070 0.514931E+00
030 090 0.113784E+01
030 110 0.182720E+01
030 130 0.176092E+01
030 145 0.289898E+01
030 160 0.220524E+01
030 -200 0.220524E+01
030 170 0.297777E+01
030 -190 0.297777E+01
030 180 0.154714E+01
030 -180 0.154714E+01
050 -165 0.428833E+00
050 195 0.428833E+00
050 -150 0.280298E+00
050 210 0.280298E+00
050 -130 0.173945E+00
050 -115 0.703285E-01
050 -100 -0.599528E-02
050 -085 -0.460802E-01
050 -070 -0.162136E-01
050 -055 0.737817E-01
050 -040 0.114741E+00
050 -025 0.179837E+00
050 -010 0.565779E-01
050 000 0.106468E-01
050 015 -0.235743E-01
050 030 0.416197E-01
050 050 0.370508E+00
050 070 0.889113E+00
050 090 0.156705E+01
050 110 0.199072E+01
050 130 0.191704E+01
050 145 0.155609E+01
050 160 0.114732E+01
050 -200 0.114732E+01
050 170 0.892284E+00
050 -190 0.892284E+00
050 180 0.627398E+00
050 -180 0.627398E+00
070 -165 0.673567E-01
070 195 0.673567E-01
070 -150 0.417549E-01
070 210 0.417549E-01
070 -130 0.364022E-01
070 -115 0.216355E-01
070 -100 -0.128194E-01
070 -085 -0.310815E-01
070 -070 0.209473E-01
070 -055 0.105447E+00
070 -040 0.121853E+00
070 -025 0.674278E-01
070 -010 0.479289E-02
070 000 -0.107433E-01
070 015 0.146246E-01
070 030 0.122592E+00
070 050 0.394115E+00
070 070 0.690624E+00
070 090 0.910067E+00
070 110 0.105207E+01
070 130 0.887572E+00
070 145 0.624339E+00
070 160 0.366024E+00
070 -200 0.366024E+00
070 170 0.224826E+00
070 -190 0.224826E+00
090 -165 -0.812258E-02
090 195 -0.812258E-02
090 -150 0.364825E-02
090 210 0.364825E-02
090 -130 0.267330E-01
090 -115 0.328628E-01
090 -100 0.147091E-01
090 -085 -0.765164E-02
090 -070 0.145787E-01
090 -055 0.504446E-01
090 -040 0.465591E-01
090 -025 0.157458E-01
090 -010 -0.789987E-02
090 000 -0.511929E-02
090 015 0.246357E-01
090 030 0.904082E-01
090 050 0.197776E+00
090 070 0.338890E+00
090 090 0.444115E+00
090 110 0.432257E+00
090 130 0.295085E+00
090 145 0.183717E+00
090 160 0.475852E-01
090 -200 0.475852E-01
090 170 -0.107778E-02
090 -190 -0.107778E-02
090 180 -0.102641E-01
090 -180 -0.102641E-01
110 -165 0.879366E-02
110 195 0.879366E-02
110 -150 0.224068E-01
110 210 0.224068E-01
110 -130 0.608413E-01
110 -115 0.849342E-01
110 -100 0.752275E-01
110 -085 0.496278E-01
110 -070 0.329698E-01
110 -055 0.275100E-01
110 -040 0.135220E-01
110 -025 -0.488483E-02
110 -010 -0.159503E-01
110 000 -0.154732E-01
110 015 -0.396620E-02
110 030 0.170328E-01
110 050 0.659627E-01
110 070 0.100672E+00
110 090 0.116951E+00
110 110 0.792812E-01
110 130 0.172074E-01
110 145 -0.121332E-01
110 160 -0.765938E-02
110 -200 -0.765938E-02
110 170 0.535122E-02
110 -190 0.535122E-02
110 180 0.965285E-02
110 -180 0.965285E-02
130 -165 0.661463E-01
130 195 0.661463E-01
130 -150 0.981311E-01
130 210 0.981311E-01
130 -130 0.146143E+00
130 -115 0.155640E+00
130 -100 0.124873E+00
130 -085 0.655313E-01
130 -070 0.193451E-01
130 -055 -0.162453E-02
130 -040 -0.100714E-01
130 -010 -0.188985E-01
130 000 -0.200191E-01
130 015 -0.200177E-01
130 030 -0.161086E-01
130 050 -0.535640E-02
130 070 0.502060E-02
130 090 -0.389975E-02
130 110 -0.193156E-01
130 130 -0.515648E-02
130 145 0.166499E-01
130 160 0.328163E-01
130 -200 0.328163E-01
130 170 0.459902E-01
130 -190 0.459902E-01
130 180 0.530335E-01
130 -180 0.530335E-01
150 -165 0.151820E+00
-210 -165 0.151820E+00
150 195 0.151820E+00
150 -150 0.186630E+00
-210 -150 0.186630E+00
150 210 0.186630E+00
150 -130 0.216246E+00
-210 -130 0.216246E+00
150 -115 0.198337E+00
-210 -115 0.198337E+00
150 -100 0.137206E+00
-210 -100 0.137206E+00
150 -085 0.571481E-01
-210 -085 0.571481E-01
150 -070 0.799585E-02
-210 -070 0.799585E-02
150 -055 -0.807472E-02
-210 -055 -0.807472E-02
150 -040 -0.108136E-01
-210 -040 -0.108136E-01
150 -025 -0.960356E-02
-210 -025 -0.960356E-02
150 -010 -0.459478E-02
-210 -010 -0.459478E-02
150 000 0.150720E-02
-210 000 0.150720E-02
150 015 0.272410E-02
-210 015 0.272410E-02
150 030 0.784217E-02
-210 030 0.784217E-02
150 050 0.127442E-01
-210 050 0.127442E-01
150 070 0.958438E-03
-210 070 0.958438E-03
150 090 -0.151728E-01
-210 090 -0.151728E-01
150 110 -0.122279E-01
-210 110 -0.122279E-01
150 130 0.123685E-01
-210 130 0.123685E-01
150 145 0.349561E-01
-210 145 0.349561E-01
150 160 0.680657E-01
-210 160 0.680657E-01
150 -200 0.680657E-01
-210 -200 0.680657E-01
150 170 0.940426E-01
-210 170 0.940426E-01
150 -190 0.940426E-01
-210 -190 0.940426E-01
150 180 0.117945E+00
-210 180 0.117945E+00
150 -180 0.117945E+00
-210 -180 0.117945E+00
165 -165 0.196705E+00
-195 -165 0.196705E+00
165 195 0.196705E+00
165 -150 0.216142E+00
-195 -150 0.216142E+00
165 210 0.216142E+00
165 -130 0.213336E+00
-195 -130 0.213336E+00
165 -115 0.175559E+00
-195 -115 0.175559E+00
165 -100 0.105625E+00
-195 -100 0.105625E+00
165 -085 0.387939E-01
-195 -085 0.387939E-01
165 -070 0.320691E-02
-195 -070 0.320691E-02
165 -055 -0.709394E-02
-195 -055 -0.709394E-02
165 -040 -0.898553E-02
-195 -040 -0.898553E-02
165 -025 -0.502894E-02
-195 -025 -0.502894E-02
165 -010 0.547934E-02
-195 -010 0.547934E-02
165 000 0.208066E-02
-195 000 0.208066E-02
165 015 0.278592E-02
-195 015 0.278592E-02
165 030 0.141965E-01
-195 030 0.141965E-01
165 050 0.256016E-01
-195 050 0.256016E-01
165 070 0.881279E-02
-195 070 0.881279E-02
165 090 -0.935104E-02
-195 090 -0.935104E-02
165 110 0.129881E-01
-195 110 0.129881E-01
165 130 0.484316E-01
-195 130 0.484316E-01
165 145 0.755940E-01
-195 145 0.755940E-01
165 160 0.111596E+00
-195 160 0.111596E+00
165 -200 0.111596E+00
-195 -200 0.111596E+00
165 170 0.137837E+00
-195 170 0.137837E+00
165 -190 0.137837E+00
-195 -190 0.137837E+00
165 180 0.163965E+00
-195 180 0.163965E+00
165 -180 0.163965E+00
-195 -180 0.163965E+00
180 -165 0.209092E+00
-180 -165 0.209092E+00
180 195 0.209092E+00
180 -150 0.204126E+00
-180 -150 0.204126E+00
180 210 0.204126E+00
180 -130 0.166033E+00
-180 -130 0.166033E+00
180 -115 0.115398E+00
-180 -115 0.115398E+00
180 -100 0.558737E-01
-180 -100 0.558737E-01
180 -085 0.127233E-01
-180 -085 0.127233E-01
180 -070 -0.348419E-02
-180 -070 -0.348419E-02
180 -055 -0.106491E-01
-180 -055 -0.106491E-01
180 -040 -0.142220E-01
-180 -040 -0.142220E-01
180 -025 -0.100098E-01
-180 -025 -0.100098E-01
180 -010 0.144744E-02
-180 -010 0.144744E-02
180 000 -0.397270E-02
-180 000 -0.397270E-02
180 015 -0.317781E-02
-180 015 -0.317781E-02
180 030 0.119368E-01
-180 030 0.119368E-01
180 070 0.258804E-01
-180 070 0.258804E-01
180 090 0.389327E-01
-180 090 0.389327E-01
180 110 0.853593E-01
-180 110 0.853593E-01
180 130 0.122243E+00
-180 130 0.122243E+00
180 145 0.139664E+00
-180 145 0.139664E+00
180 160 0.157169E+00
-180 160 0.157169E+00
180 -200 0.157169E+00
-180 -200 0.157169E+00
180 170 0.172451E+00
-180 170 0.172451E+00
180 -190 0.172451E+00
-180 -190 0.172451E+00
180 180 0.190033E+00
-180 180 0.190033E+00
180 -180 0.190033E+00
-180 -180 0.190033E+00
