PHI PSI J_11_22
-165 -165 -0.258834E+00
195 -165 -0.258834E+00
-165 195 -0.258834E+00
195 195 -0.258834E+00
-165 -150 -0.213516E+00
195 -150 -0.213516E+00
-165 210 -0.213516E+00
195 210 -0.213516E+00
-165 -130 -0.119659E+00
195 -130 -0.119659E+00
-165 -115 -0.324357E-01
195 -115 -0.324357E-01
-165 -100 0.555903E-01
195 -100 0.555903E-01
-165 -085 0.113907E+00
195 -085 0.113907E+00
-165 -070 0.723148E-01
195 -070 0.723148E-01
-165 -055 -0.612116E-01
195 -055 -0.612116E-01
-165 -040 -0.136997E+00
195 -040 -0.136997E+00
-165 -025 -0.172059E+00
195 -025 -0.172059E+00
-165 -010 -0.890734E-01
195 -010 -0.890734E-01
-165 000 -0.192237E-02
195 000 -0.192237E-02
-165 015 0.801874E-01
195 015 0.801874E-01
-165 030 0.104718E+00
195 030 0.104718E+00
-165 050 0.139553E+00
195 050 0.139553E+00
-165 070 0.186022E+00
195 070 0.186022E+00
-165 090 0.142088E+00
195 090 0.142088E+00
-165 110 -0.239506E-01
195 110 -0.239506E-01
-165 130 -0.177902E+00
195 130 -0.177902E+00
-165 145 -0.251084E+00
195 145 -0.251084E+00
-165 160 -0.282965E+00
195 160 -0.282965E+00
-165 -200 -0.282965E+00
-165 170 -0.285894E+00
195 170 -0.285894E+00
-165 -190 -0.285894E+00
-165 180 -0.294601E+00
195 180 -0.294601E+00
-165 -180 -0.294601E+00
-150 -165 -0.229630E+00
210 -165 -0.229630E+00
-150 195 -0.229630E+00
210 195 -0.229630E+00
-150 -150 -0.186114E+00
210 -150 -0.186114E+00
-150 210 -0.186114E+00
210 210 -0.186114E+00
-150 -130 -0.927220E-01
210 -130 -0.927220E-01
-150 -115 -0.111804E-01
210 -115 -0.111804E-01
-150 -100 0.679221E-01
210 -100 0.679221E-01
-150 -085 0.105407E+00
210 -085 0.105407E+00
-150 -070 0.475285E-01
210 -070 0.475285E-01
-150 -055 -0.992945E-01
210 -055 -0.992945E-01
-150 -040 -0.214044E+00
210 -040 -0.214044E+00
-150 -025 -0.278388E+00
210 -025 -0.278388E+00
-150 -010 0.134627E-01
210 -010 0.134627E-01
-150 000 0.875420E-01
210 000 0.875420E-01
-150 015 0.143272E+00
210 015 0.143272E+00
-150 030 0.135135E+00
210 030 0.135135E+00
-150 050 0.119737E+00
210 050 0.119737E+00
-150 070 0.170467E+00
210 070 0.170467E+00
-150 090 0.131131E+00
210 090 0.131131E+00
-150 110 -0.210149E-01
210 110 -0.210149E-01
-150 130 -0.160684E+00
210 130 -0.160684E+00
-150 145 -0.225641E+00
210 145 -0.225641E+00
-150 160 -0.253068E+00
210 160 -0.253068E+00
-150 -200 -0.253068E+00
-150 170 -0.256394E+00
210 170 -0.256394E+00
-150 -190 -0.256394E+00
-125 -165 -0.131204E+00
-125 195 -0.131204E+00
-125 -150 -0.882657E-01
-125 210 -0.882657E-01
-125 -130 -0.222918E-01
-125 -115 0.194142E-01
-125 -100 0.616052E-01
-125 -085 0.855118E-01
-125 -070 -0.381779E-02
-125 -055 -0.176884E+00
-125 -040 -0.136497E+00
-125 -025 -0.311598E-01
-125 -010 0.814537E-01
-125 000 0.117351E+00
-125 015 0.124587E+00
-125 030 0.860535E-01
-125 050 0.689425E-01
-125 070 0.134804E+00
-125 090 0.107605E+00
-125 110 -0.101107E-01
-125 130 -0.117692E+00
-125 145 -0.161314E+00
-125 160 -0.178504E+00
-125 -200 -0.178504E+00
-125 170 -0.185704E+00
-125 -190 -0.185704E+00
-100 -165 -0.362776E-01
-100 195 -0.362776E-01
-100 -150 -0.109739E-01
-100 210 -0.109739E-01
-100 -130 0.444506E-02
-100 -115 0.219245E-01
-100 -100 0.443507E-01
-100 -085 0.483618E-01
-100 -070 -0.451883E-01
-100 -055 -0.123847E+00
-100 -040 -0.687417E-01
-100 -025 0.522335E-02
-100 -010 0.624730E-01
-100 000 0.616323E-01
-100 015 0.116535E-01
-100 030 -0.338861E-01
-100 050 -0.191122E-01
-100 070 0.769578E-01
-100 090 0.974148E-01
-100 110 0.971385E-02
-100 130 -0.677763E-01
-100 145 -0.970953E-01
-100 160 -0.100841E+00
-100 -200 -0.100841E+00
-100 170 -0.883845E-01
-100 -190 -0.883845E-01
-085 -165 -0.812305E-02
-085 195 -0.812305E-02
-085 -150 0.979561E-02
-085 210 0.979561E-02
-085 -130 0.121797E-01
-085 -115 0.206207E-01
-085 -100 0.390079E-01
-085 -085 0.326353E-01
-085 -070 -0.518777E-01
-085 -055 -0.936342E-01
-085 -040 -0.429966E-01
-085 -025 0.154047E-01
-085 -010 0.155671E-01
-085 000 -0.199699E-01
-085 015 -0.872464E-01
-085 030 -0.118093E+00
-085 050 -0.760578E-01
-085 070 0.473918E-01
-085 090 0.962794E-01
-085 110 0.300852E-01
-085 130 -0.431832E-01
-085 145 -0.662006E-01
-085 160 -0.721261E-01
-085 -200 -0.721261E-01
-085 170 -0.612984E-01
-085 -190 -0.612984E-01
-085 180 -0.407881E-01
-085 -180 -0.407881E-01
-070 -165 0.959677E-02
-070 195 0.959677E-02
-070 -150 0.292723E-01
-070 210 0.292723E-01
-070 -130 0.245093E-01
-070 -115 0.230461E-01
-070 -100 0.333793E-01
-070 -085 0.220111E-01
-070 -070 -0.413019E-01
-070 -055 -0.711661E-01
-070 -040 -0.294069E-01
-070 -025 -0.302673E-01
-070 -010 -0.871091E-01
-070 000 -0.127924E+00
-070 015 -0.179024E+00
-070 030 -0.182386E+00
-070 050 -0.818798E-01
-070 070 0.368500E-01
-070 090 0.962838E-01
-070 110 0.486513E-01
-070 130 -0.313041E-01
-070 145 -0.571137E-01
-070 160 -0.613060E-01
-070 -200 -0.613060E-01
-070 170 -0.485692E-01
-070 -190 -0.485692E-01
-055 -165 0.239032E-01
-055 195 0.239032E-01
-055 -150 0.494268E-01
-055 210 0.494268E-01
-055 -130 0.409818E-01
-055 -115 0.324793E-01
-055 -100 0.327023E-01
-055 -085 0.104123E-01
-055 -070 -0.530697E-01
-055 -055 -0.751091E-01
-055 -040 -0.855023E-01
-055 -025 -0.120133E+00
-055 -010 -0.173127E+00
-055 000 -0.204879E+00
-055 015 -0.227340E+00
-055 030 -0.192978E+00
-055 050 -0.683939E-01
-055 070 0.312332E-01
-055 090 0.100933E+00
-055 110 0.536702E-01
-055 130 -0.263546E-01
-055 145 -0.584955E-01
-055 160 -0.588076E-01
-055 -200 -0.588076E-01
-055 170 -0.446810E-01
-055 -190 -0.446810E-01
-055 180 -0.159781E-01
-055 -180 -0.159781E-01
-040 -165 0.287808E-01
-040 195 0.287808E-01
-040 -150 0.684285E-01
-040 210 0.684285E-01
-040 -130 0.586050E-01
-040 -115 0.429168E-01
-040 -100 0.299998E-01
-040 -085 -0.892817E-02
-040 -070 -0.744024E-01
-040 -055 -0.116865E+00
-040 -040 -0.138386E+00
-040 -025 -0.181595E+00
-040 -010 -0.227538E+00
-040 000 -0.248480E+00
-040 015 -0.235270E+00
-040 030 -0.167100E+00
-040 050 -0.775420E-01
-040 070 0.183960E-01
-040 090 0.951969E-01
-040 110 0.282257E-01
-040 130 -0.357228E-01
-040 145 -0.619063E-01
-040 160 -0.569771E-01
-040 -200 -0.569771E-01
-040 170 -0.446492E-01
-040 -190 -0.446492E-01
-040 180 -0.224010E-01
-040 -180 -0.224010E-01
-025 -165 0.266705E-01
-025 195 0.266705E-01
-025 -150 0.877960E-01
-025 210 0.877960E-01
-025 -130 0.689614E-01
-025 -115 0.455219E-01
-025 -100 0.134922E-01
-025 -085 -0.374564E-01
-025 -070 -0.993108E-01
-025 -055 -0.146294E+00
-025 -040 -0.176234E+00
-025 -025 -0.204535E+00
-025 -010 -0.305116E+00
-025 000 -0.255170E+00
-025 015 -0.211379E+00
-025 030 -0.182543E+00
-025 050 -0.126049E+00
-025 070 -0.105909E-01
-025 090 0.366962E-01
-025 110 -0.104544E-02
-025 130 -0.354159E-01
-025 145 -0.520007E-01
-025 160 -0.584809E-01
-025 -200 -0.584809E-01
-025 170 -0.500912E-01
-025 -190 -0.500912E-01
-025 180 -0.306059E-01
-025 -180 -0.306059E-01
-010 -150 0.584963E-01
-010 210 0.584963E-01
-010 -130 0.402642E-01
-010 -115 0.241423E-01
-010 -100 -0.672439E-02
-010 -085 -0.539851E-01
-010 -070 -0.114833E+00
-010 -055 -0.163531E+00
-010 -040 -0.217520E+00
-010 -025 -0.261582E+00
-010 -010 -0.242323E+00
-010 000 -0.230993E+00
-010 015 -0.233426E+00
-010 030 -0.232291E+00
-010 050 -0.181893E+00
-010 070 -0.523457E-01
-010 090 0.182129E-01
-010 110 0.805512E-02
-010 130 -0.231271E-01
-010 145 -0.472381E-01
-010 160 -0.632402E-01
-010 -200 -0.632402E-01
-010 170 -0.596718E-01
-010 -190 -0.596718E-01
-010 180 -0.377909E-01
-010 -180 -0.377909E-01
000 -165 0.487833E-01
000 195 0.487833E-01
000 -150 0.412666E-01
000 210 0.412666E-01
000 -115 0.948421E-02
000 -100 -0.137815E-01
000 -085 -0.570666E-01
000 -070 -0.117048E+00
000 -055 -0.175676E+00
000 -040 -0.234145E+00
000 -025 -0.231290E+00
000 -010 -0.230958E+00
000 000 -0.238508E+00
000 015 -0.261476E+00
000 030 -0.263511E+00
000 050 -0.209903E+00
000 070 -0.376192E-01
000 090 0.302489E-01
000 110 0.240649E-01
000 130 -0.112913E-01
000 145 -0.438204E-01
000 160 -0.666037E-01
000 -200 -0.666037E-01
000 170 -0.582946E-01
000 -190 -0.582946E-01
000 180 0.565340E-01
000 -180 0.565340E-01
015 -150 0.234792E-01
015 210 0.234792E-01
015 -130 0.926864E-02
015 -115 0.171372E-02
015 -100 -0.130186E-01
015 -085 -0.500097E-01
015 -070 -0.114528E+00
015 -055 -0.141337E+00
015 -040 -0.199403E+00
015 -025 -0.203169E+00
015 -010 -0.233774E+00
015 000 -0.259839E+00
015 015 -0.289736E+00
015 030 -0.302352E+00
015 070 -0.108985E-01
015 090 0.590326E-01
015 110 0.561755E-01
015 130 0.978977E-02
015 145 -0.321212E-01
015 160 -0.253116E-01
015 -200 -0.253116E-01
015 170 -0.187304E-01
015 -190 -0.187304E-01
015 180 0.390239E-02
015 -180 0.390239E-02
030 -150 0.192816E-01
030 210 0.192816E-01
030 -130 0.145857E-02
030 -115 -0.175357E-03
030 -100 0.412574E-02
030 -085 0.159216E-01
030 -070 -0.336012E-01
030 -055 -0.962969E-01
030 -040 -0.153317E+00
030 -025 -0.189270E+00
030 -010 -0.248487E+00
030 000 -0.284334E+00
030 015 -0.322960E+00
030 030 -0.194644E+00
030 050 -0.752947E-01
030 070 0.196596E-01
030 090 0.968169E-01
030 110 0.100424E+00
030 130 0.303361E-01
030 145 -0.424648E-01
030 160 -0.459302E-01
030 -200 -0.459302E-01
030 170 -0.463113E-01
030 -190 -0.463113E-01
030 180 0.380137E-02
030 -180 0.380137E-02
050 -165 0.254168E-01
050 195 0.254168E-01
050 -150 0.248554E-01
050 210 0.248554E-01
050 -130 0.847624E-02
050 -115 0.222698E-01
050 -100 0.529290E-01
050 -085 0.357865E-01
050 -070 -0.271068E-01
050 -055 -0.950488E-01
050 -040 -0.151947E+00
050 -025 -0.253477E+00
050 -010 -0.277524E+00
050 000 -0.286231E+00
050 015 -0.167603E+00
050 030 -0.800139E-01
050 050 -0.118286E-02
050 070 0.683698E-01
050 090 0.156421E+00
050 110 0.743268E-01
050 130 -0.218999E-01
050 145 -0.595181E-01
050 160 -0.479782E-01
050 -200 -0.479782E-01
050 170 -0.260132E-01
050 -190 -0.260132E-01
050 180 0.728970E-02
050 -180 0.728970E-02
070 -165 0.196708E-01
070 195 0.196708E-01
070 -150 0.299410E-01
070 210 0.299410E-01
070 -130 0.180820E-01
070 -115 0.300273E-01
070 -100 0.555921E-01
070 -085 0.303883E-01
070 -070 -0.477818E-01
070 -055 -0.138107E+00
070 -040 -0.210390E+00
070 -025 -0.256523E+00
070 -010 -0.219094E+00
070 000 -0.115789E+00
070 015 0.115275E-01
070 030 0.712700E-01
070 050 0.644785E-01
070 070 0.107190E+00
070 090 0.138366E+00
070 110 0.515386E-01
070 130 -0.411822E-01
070 145 -0.759165E-01
070 160 -0.686871E-01
070 -200 -0.686871E-01
070 170 -0.457406E-01
070 -190 -0.457406E-01
090 -165 0.168665E-01
090 195 0.168665E-01
090 -150 0.204626E-01
090 210 0.204626E-01
090 -130 0.221519E-01
090 -115 0.277648E-01
090 -100 0.537614E-01
090 -085 0.390944E-01
090 -070 -0.522044E-01
090 -055 -0.146830E+00
090 -040 -0.178621E+00
090 -025 -0.113380E+00
090 -010 0.472587E-02
090 000 0.691065E-01
090 015 0.150216E+00
090 030 0.125286E+00
090 050 0.575507E-01
090 070 0.137102E+00
090 090 0.138085E+00
090 110 0.393013E-01
090 130 -0.628952E-01
090 145 -0.985049E-01
090 160 -0.939294E-01
090 -200 -0.939294E-01
090 170 -0.643960E-01
090 -190 -0.643960E-01
090 180 -0.249289E-01
090 -180 -0.249289E-01
110 -165 -0.357358E-01
110 195 -0.357358E-01
110 -150 -0.196702E-01
110 210 -0.196702E-01
110 -130 -0.558368E-02
110 -115 0.170745E-01
110 -100 0.527751E-01
110 -085 0.594860E-01
110 -070 -0.678922E-03
110 -055 -0.585014E-01
110 -040 -0.450366E-01
110 -025 0.108152E-01
110 -010 0.961584E-01
110 000 0.145167E+00
110 015 0.146091E+00
110 030 0.812817E-01
110 050 -0.157564E-01
110 070 0.156893E+00
110 090 0.149659E+00
110 110 0.378934E-01
110 130 -0.680068E-01
110 145 -0.112998E+00
110 160 -0.115229E+00
110 -200 -0.115229E+00
110 170 -0.937719E-01
110 -190 -0.937719E-01
110 180 -0.651147E-01
110 -180 -0.651147E-01
130 -165 -0.124235E+00
130 195 -0.124235E+00
130 -150 -0.102749E+00
130 210 -0.102749E+00
130 -130 -0.532082E-01
130 -115 -0.732847E-02
130 -100 0.477702E-01
130 -085 0.713891E-01
130 -070 0.306471E-01
130 -055 -0.192722E-01
130 -040 0.200034E-02
130 -010 0.108612E+00
130 000 0.114278E+00
130 015 0.751132E-01
130 030 -0.193979E-01
130 050 -0.225076E-01
130 070 0.202305E+00
130 090 0.169870E+00
130 110 0.396869E-01
130 130 -0.880565E-01
130 145 -0.156700E+00
130 160 -0.182709E+00
130 -200 -0.182709E+00
130 170 -0.180579E+00
130 -190 -0.180579E+00
130 180 -0.162943E+00
130 -180 -0.162943E+00
150 -165 -0.218264E+00
-210 -165 -0.218264E+00
150 195 -0.218264E+00
150 -150 -0.166118E+00
-210 -150 -0.166118E+00
150 210 -0.166118E+00
150 -130 -0.992158E-01
-210 -130 -0.992158E-01
150 -115 -0.320959E-01
-210 -115 -0.320959E-01
150 -100 0.423202E-01
-210 -100 0.423202E-01
150 -085 0.802828E-01
-210 -085 0.802828E-01
150 -070 0.549540E-01
-210 -070 0.549540E-01
150 -055 0.136309E-01
-210 -055 0.136309E-01
150 -040 0.105442E-01
-210 -040 0.105442E-01
150 -025 0.369595E-01
-210 -025 0.369595E-01
150 -010 0.608073E-01
-210 -010 0.608073E-01
150 000 0.407327E-01
-210 000 0.407327E-01
150 015 -0.326742E+00
-210 015 -0.326742E+00
150 030 -0.186715E+00
-210 030 -0.186715E+00
150 050 0.423142E-01
-210 050 0.423142E-01
150 070 0.233118E+00
-210 070 0.233118E+00
150 090 0.174525E+00
-210 090 0.174525E+00
150 110 0.116065E-01
-210 110 0.116065E-01
150 130 -0.150861E+00
-210 130 -0.150861E+00
150 145 -0.225837E+00
-210 145 -0.225837E+00
150 160 -0.259398E+00
-210 160 -0.259398E+00
150 -200 -0.259398E+00
-210 -200 -0.259398E+00
150 170 -0.260031E+00
-210 170 -0.260031E+00
150 -190 -0.260031E+00
-210 -190 -0.260031E+00
150 180 -0.249649E+00
-210 180 -0.249649E+00
150 -180 -0.249649E+00
-210 -180 -0.249649E+00
165 -165 -0.252333E+00
-195 -165 -0.252333E+00
165 195 -0.252333E+00
165 -150 -0.208476E+00
-195 -150 -0.208476E+00
165 210 -0.208476E+00
165 -130 -0.126373E+00
-195 -130 -0.126373E+00
165 -115 -0.421836E-01
-195 -115 -0.421836E-01
165 -100 0.427777E-01
-195 -100 0.427777E-01
165 -085 0.900068E-01
-195 -085 0.900068E-01
165 -070 0.715379E-01
-195 -070 0.715379E-01
165 -055 0.149510E-01
-195 -055 0.149510E-01
165 -040 -0.125100E-01
-195 -040 -0.125100E-01
165 -025 -0.170258E-01
-195 -025 -0.170258E-01
165 -010 -0.368428E+00
-195 -010 -0.368428E+00
165 000 -0.290194E+00
-195 000 -0.290194E+00
165 015 -0.170719E+00
-195 015 -0.170719E+00
165 030 -0.598416E-01
-195 030 -0.598416E-01
165 050 0.911620E-01
-195 050 0.911620E-01
165 070 0.217219E+00
-195 070 0.217219E+00
165 090 0.157565E+00
-195 090 0.157565E+00
165 110 -0.144119E-01
-195 110 -0.144119E-01
165 130 -0.180025E+00
-195 130 -0.180025E+00
165 145 -0.258218E+00
-195 145 -0.258218E+00
165 160 -0.291291E+00
-195 160 -0.291291E+00
165 -200 -0.291291E+00
-195 -200 -0.291291E+00
165 170 -0.291845E+00
-195 170 -0.291845E+00
165 -190 -0.291845E+00
-195 -190 -0.291845E+00
165 180 -0.281845E+00
-195 180 -0.281845E+00
165 -180 -0.281845E+00
-195 -180 -0.281845E+00
180 -165 -0.266581E+00
-180 -165 -0.266581E+00
180 195 -0.266581E+00
180 -150 -0.219393E+00
-180 -150 -0.219393E+00
180 210 -0.219393E+00
180 -130 -0.127245E+00
-180 -130 -0.127245E+00
180 -115 -0.423703E-01
-180 -115 -0.423703E-01
180 -100 0.469945E-01
-180 -100 0.469945E-01
180 -085 0.102223E+00
-180 -085 0.102223E+00
180 -070 0.781148E-01
-180 -070 0.781148E-01
180 -055 -0.600714E-02
-180 -055 -0.600714E-02
180 -040 -0.710143E-01
-180 -040 -0.710143E-01
180 -025 -0.935775E-01
-180 -025 -0.935775E-01
180 -010 -0.224945E+00
-180 -010 -0.224945E+00
180 000 -0.133275E+00
-180 000 -0.133275E+00
180 015 -0.246605E-01
-180 015 -0.246605E-01
180 030 0.454810E-01
-180 030 0.454810E-01
180 070 0.204230E+00
-180 070 0.204230E+00
180 090 0.150339E+00
-180 090 0.150339E+00
180 110 -0.240687E-01
-180 110 -0.240687E-01
180 130 -0.187677E+00
-180 130 -0.187677E+00
180 145 -0.264801E+00
-180 145 -0.264801E+00
180 160 -0.297389E+00
-180 160 -0.297389E+00
180 -200 -0.297389E+00
-180 -200 -0.297389E+00
180 170 -0.298899E+00
-180 170 -0.298899E+00
180 -190 -0.298899E+00
-180 -190 -0.298899E+00
180 180 -0.291546E+00
-180 180 -0.291546E+00
180 -180 -0.291546E+00
-180 -180 -0.291546E+00
