       -151.000          -7.000      9.5901
       -143.000         -12.000      9.5905
       -124.000         -50.000      9.5942
       -147.000          -2.000      9.5970
       -153.000         -10.000      9.5983
       -150.000          -6.000      9.5993
       -146.000          -1.000      9.6050
       -125.000         -47.000      9.6064
       -149.000          -5.000      9.6073
       -152.000          -9.000      9.6074
       -145.000         -11.000      9.6118
       -144.000         -12.000      9.6144
       -148.000          -4.000      9.6153
       -154.000         -12.000      9.6156
       -151.000          -8.000      9.6165
       -147.000          -3.000      9.6234
       -153.000         -11.000      9.6247
       -150.000          -7.000      9.6257
       -125.000         -48.000      9.6270
       -146.000          -2.000      9.6314
       -152.000         -10.000      9.6338
       -149.000          -6.000      9.6348
       -145.000         -12.000      9.6382
