PHI PSI J_12_20
-165 -165 0.161994E+01
195 -165 0.161994E+01
-165 195 0.161994E+01
195 195 0.161994E+01
-165 -150 0.126755E+01
195 -150 0.126755E+01
-165 210 0.126755E+01
195 210 0.126755E+01
-165 -130 0.509599E+00
195 -130 0.509599E+00
-165 -115 0.315598E-01
195 -115 0.315598E-01
-165 -100 -0.264699E+00
195 -100 -0.264699E+00
-165 -085 -0.180766E+00
195 -085 -0.180766E+00
-165 -070 -0.329091E-01
195 -070 -0.329091E-01
-165 -055 0.902613E-01
195 -055 0.902613E-01
-165 -040 0.224626E+00
195 -040 0.224626E+00
-165 -025 0.371487E+00
195 -025 0.371487E+00
-165 -010 0.423240E+00
195 -010 0.423240E+00
-165 000 0.356489E+00
195 000 0.356489E+00
-165 015 0.241397E+00
195 015 0.241397E+00
-165 030 0.115147E+00
195 030 0.115147E+00
-165 050 -0.649183E-01
195 050 -0.649183E-01
-165 070 -0.218121E+00
195 070 -0.218121E+00
-165 090 -0.217680E+00
195 090 -0.217680E+00
-165 110 -0.844609E-02
195 110 -0.844609E-02
-165 130 0.353567E+00
195 130 0.353567E+00
-165 145 0.728859E+00
195 145 0.728859E+00
-165 160 0.116575E+01
195 160 0.116575E+01
-165 -200 0.116575E+01
-165 170 0.142859E+01
195 170 0.142859E+01
-165 -190 0.142859E+01
-165 180 0.173769E+01
195 180 0.173769E+01
-165 -180 0.173769E+01
-150 -165 0.149480E+01
210 -165 0.149480E+01
-150 195 0.149480E+01
210 195 0.149480E+01
-150 -150 0.109920E+01
210 -150 0.109920E+01
-150 210 0.109920E+01
210 210 0.109920E+01
-150 -130 0.296499E+00
210 -130 0.296499E+00
-150 -115 -0.148769E+00
210 -115 -0.148769E+00
-150 -100 -0.211408E+00
210 -100 -0.211408E+00
-150 -085 -0.969378E-01
210 -085 -0.969378E-01
-150 -070 0.322795E-01
210 -070 0.322795E-01
-150 -055 0.162486E+00
210 -055 0.162486E+00
-150 -040 0.307093E+00
210 -040 0.307093E+00
-150 -025 0.444047E+00
210 -025 0.444047E+00
-150 -010 0.334660E+00
210 -010 0.334660E+00
-150 000 0.285197E+00
210 000 0.285197E+00
-150 015 0.192224E+00
210 015 0.192224E+00
-150 030 0.998279E-01
210 030 0.998279E-01
-150 050 -0.280114E-01
210 050 -0.280114E-01
-150 070 -0.150268E+00
210 070 -0.150268E+00
-150 090 -0.154193E+00
210 090 -0.154193E+00
-150 110 -0.956918E-02
210 110 -0.956918E-02
-150 130 0.297045E+00
210 130 0.297045E+00
-150 145 0.635156E+00
210 145 0.635156E+00
-150 160 0.107528E+01
210 160 0.107528E+01
-150 -200 0.107528E+01
-150 170 0.137695E+01
210 170 0.137695E+01
-150 -190 0.137695E+01
-125 -165 0.790713E+00
-125 195 0.790713E+00
-125 -150 0.305490E+00
-125 210 0.305490E+00
-125 -130 -0.133724E+00
-125 -115 -0.157152E+00
-125 -100 -0.103105E+00
-125 -085 -0.750263E-02
-125 -070 0.122515E+00
-125 -055 0.246097E+00
-125 -040 0.236175E+00
-125 -025 0.238317E+00
-125 -010 0.203602E+00
-125 000 0.171748E+00
-125 015 0.127570E+00
-125 030 0.944288E-01
-125 050 0.358930E-01
-125 070 -0.370271E-01
-125 090 -0.568710E-01
-125 110 0.656568E-02
-125 130 0.243841E+00
-125 145 0.505928E+00
-125 160 0.855099E+00
-125 -200 0.855099E+00
-125 170 0.107575E+01
-125 -190 0.107575E+01
-100 -165 0.524520E-01
-100 195 0.524520E-01
-100 -150 -0.187215E-01
-100 210 -0.187215E-01
-100 -130 -0.676352E-01
-100 -115 -0.806804E-01
-100 -100 -0.378936E-01
-100 -085 0.639201E-01
-100 -070 0.158207E+00
-100 -055 0.123446E+00
-100 -040 0.100916E+00
-100 -025 0.972081E-01
-100 -010 0.744446E-01
-100 000 0.773556E-01
-100 015 0.904046E-01
-100 030 0.980249E-01
-100 050 0.923582E-01
-100 070 0.731346E-01
-100 090 0.360531E-01
-100 110 0.348504E-01
-100 130 0.132692E+00
-100 145 0.262296E+00
-100 160 0.340659E+00
-100 -200 0.340659E+00
-100 170 0.316630E+00
-100 -190 0.316630E+00
-085 -165 0.577064E-01
-085 195 0.577064E-01
-085 -150 0.328157E-01
-085 210 0.328157E-01
-085 -130 -0.465191E-01
-085 -115 -0.598096E-01
-085 -100 0.391103E-02
-085 -085 0.977148E-01
-085 -070 0.138228E+00
-085 -055 0.402997E-01
-085 -040 -0.322598E-03
-085 -025 -0.171655E-01
-085 -010 0.213611E-01
-085 000 0.466796E-01
-085 015 0.799549E-01
-085 030 0.100414E+00
-085 050 0.121188E+00
-085 070 0.104297E+00
-085 090 0.727011E-01
-085 110 0.653201E-01
-085 130 0.496481E-01
-085 145 0.688517E-01
-085 160 0.675269E-01
-085 -200 0.675269E-01
-085 170 0.491445E-01
-085 -190 0.491445E-01
-085 180 0.420803E-01
-085 -180 0.420803E-01
-070 -165 0.100314E+00
-070 195 0.100314E+00
-070 -150 0.507486E-01
-070 210 0.507486E-01
-070 -130 -0.297648E-01
-070 -115 -0.250856E-01
-070 -100 0.606759E-01
-070 -085 0.126001E+00
-070 -070 0.693437E-01
-070 -055 -0.623705E-01
-070 -040 -0.116115E+00
-070 -025 -0.639566E-01
-070 -010 0.177708E-02
-070 000 0.335609E-01
-070 015 0.719256E-01
-070 030 0.109465E+00
-070 050 0.139964E+00
-070 070 0.127198E+00
-070 090 0.101796E+00
-070 110 0.792772E-01
-070 130 0.369552E-01
-070 145 0.139297E-01
-070 160 0.290675E-01
-070 -200 0.290675E-01
-070 170 0.538060E-01
-070 -190 0.538060E-01
-055 -165 0.112414E+00
-055 195 0.112414E+00
-055 -150 0.493216E-01
-055 210 0.493216E-01
-055 -130 -0.127830E-01
-055 -115 0.464983E-01
-055 -100 0.122274E+00
-055 -085 0.969749E-01
-055 -070 -0.717226E-01
-055 -055 -0.159299E+00
-055 -040 -0.143325E+00
-055 -025 -0.873082E-01
-055 -010 -0.198541E-01
-055 000 0.124383E-01
-055 015 0.625681E-01
-055 030 0.101922E+00
-055 050 0.138322E+00
-055 070 0.143400E+00
-055 090 0.129354E+00
-055 110 0.848265E-01
-055 130 0.403600E-01
-055 145 0.344730E-01
-055 160 0.644531E-01
-055 -200 0.644531E-01
-055 170 0.934782E-01
-055 -190 0.934782E-01
-055 180 0.111774E+00
-055 -180 0.111774E+00
-040 -165 0.106375E+00
-040 195 0.106375E+00
-040 -150 0.373602E-01
-040 210 0.373602E-01
-040 -130 0.422408E-01
-040 -115 0.133100E+00
-040 -100 0.100993E+00
-040 -085 -0.896689E-01
-040 -070 -0.168197E+00
-040 -055 -0.179701E+00
-040 -040 -0.158254E+00
-040 -025 -0.113388E+00
-040 -010 -0.610175E-01
-040 000 -0.261934E-01
-040 015 0.551716E-02
-040 030 0.479916E-01
-040 050 0.948068E-01
-040 070 0.131655E+00
-040 090 0.122423E+00
-040 110 0.768425E-01
-040 130 0.647204E-01
-040 145 0.628826E-01
-040 160 0.953663E-01
-040 -200 0.953663E-01
-040 170 0.116474E+00
-040 -190 0.116474E+00
-040 180 0.126245E+00
-040 -180 0.126245E+00
-025 -165 0.899928E-01
-025 195 0.899928E-01
-025 -150 0.558678E-01
-025 210 0.558678E-01
-025 -130 0.179615E+00
-025 -115 0.955378E-01
-025 -100 0.243071E-02
-025 -085 -0.998347E-01
-025 -070 -0.178091E+00
-025 -055 -0.201332E+00
-025 -040 -0.199088E+00
-025 -025 -0.135131E+00
-025 -010 -0.140587E+00
-025 000 -0.118064E+00
-025 015 -0.103928E+00
-025 030 -0.757687E-01
-025 050 -0.139881E-01
-025 070 0.394021E-01
-025 090 0.717019E-02
-025 110 0.493565E-01
-025 130 0.733613E-01
-025 145 0.864155E-01
-025 160 0.117517E+00
-025 -200 0.117517E+00
-025 170 0.132951E+00
-025 -190 0.132951E+00
-025 180 0.129041E+00
-025 -180 0.129041E+00
-010 -150 0.198619E+00
-010 210 0.198619E+00
-010 -130 0.138374E+00
-010 -115 0.861061E-01
-010 -100 0.212546E-01
-010 -085 -0.791845E-01
-010 -070 -0.170348E+00
-010 -055 -0.216486E+00
-010 -040 -0.242442E+00
-010 -025 -0.180797E+00
-010 -010 -0.161338E+00
-010 000 -0.160582E+00
-010 015 -0.169371E+00
-010 030 -0.170159E+00
-010 050 -0.156689E+00
-010 070 -0.197759E+00
-010 090 -0.776196E-01
-010 110 0.378891E-01
-010 130 0.881576E-01
-010 145 0.118253E+00
-010 160 0.142263E+00
-010 -200 0.142263E+00
-010 170 0.148263E+00
-010 -190 0.148263E+00
-010 180 0.140875E+00
-010 -180 0.140875E+00
000 -165 0.195158E+00
000 195 0.195158E+00
000 -150 0.172108E+00
000 210 0.172108E+00
000 -115 0.778983E-01
000 -100 0.242264E-01
000 -085 -0.688469E-01
000 -070 -0.165778E+00
000 -055 -0.229762E+00
000 -040 -0.170176E+00
000 -025 -0.136783E+00
000 -010 -0.145580E+00
000 000 -0.155950E+00
000 015 -0.181601E+00
000 030 -0.206162E+00
000 050 -0.251006E+00
000 070 -0.221108E+00
000 090 -0.944682E-01
000 110 0.325783E-01
000 130 0.101436E+00
000 145 0.139824E+00
000 160 0.164079E+00
000 -200 0.164079E+00
000 170 0.173312E+00
000 -190 0.173312E+00
000 180 0.225825E+00
000 -180 0.225825E+00
015 -150 0.132231E+00
015 210 0.132231E+00
015 -130 0.877161E-01
015 -115 0.690633E-01
015 -100 0.288297E-01
015 -085 -0.474957E-01
015 -070 -0.139445E+00
015 -055 -0.273916E-01
015 -040 -0.687859E-01
015 -025 -0.481287E-01
015 -010 -0.839182E-01
015 000 -0.106123E+00
015 015 -0.150438E+00
015 030 -0.206294E+00
015 070 -0.213850E+00
015 090 -0.111177E+00
015 110 0.213394E-01
015 130 0.117810E+00
015 145 0.172435E+00
015 160 0.173602E+00
015 -200 0.173602E+00
015 170 0.134936E+00
015 -190 0.134936E+00
015 180 0.152161E+00
015 -180 0.152161E+00
030 -150 0.939095E-01
030 210 0.939095E-01
030 -130 0.685185E-01
030 -115 0.666931E-01
030 -100 0.568469E-01
030 -085 0.113431E+00
030 -070 0.137762E+00
030 -055 0.122342E+00
030 -040 0.477610E-01
030 -025 0.616340E-01
030 -010 0.128805E-01
030 000 -0.185326E-01
030 015 -0.780169E-01
030 030 -0.993629E-01
030 050 -0.158301E+00
030 070 -0.207089E+00
030 090 -0.131100E+00
030 110 0.381051E-02
030 130 0.123256E+00
030 145 0.849556E-01
030 160 0.732611E-01
030 -200 0.732611E-01
030 170 0.120504E+00
030 -190 0.120504E+00
030 180 0.142693E+00
030 -180 0.142693E+00
050 -165 0.603764E-01
050 195 0.603764E-01
050 -150 0.318336E-01
050 210 0.318336E-01
050 -130 0.406959E-01
050 -115 0.750045E-01
050 -100 0.128819E+00
050 -085 0.168900E+00
050 -070 0.183663E+00
050 -055 0.184074E+00
050 -040 0.166566E+00
050 -025 0.161322E+00
050 -010 0.107946E+00
050 000 0.650801E-01
050 015 0.398837E-01
050 030 -0.249702E-01
050 050 -0.132128E+00
050 070 -0.159144E+00
050 090 0.482201E-01
050 110 0.133534E+00
050 130 0.276217E-01
050 145 0.189677E-01
050 160 0.733896E-01
050 -200 0.733896E-01
050 170 0.105510E+00
050 -190 0.105510E+00
050 180 0.104455E+00
050 -180 0.104455E+00
070 -165 -0.548893E-02
070 195 -0.548893E-02
070 -150 -0.190206E-01
070 210 -0.190206E-01
070 -130 0.275416E-01
070 -115 0.756788E-01
070 -100 0.114145E+00
070 -085 0.142664E+00
070 -070 0.159949E+00
070 -055 0.172370E+00
070 -040 0.171467E+00
070 -025 0.145881E+00
070 -010 0.986479E-01
070 000 0.771267E-01
070 015 0.214081E-01
070 030 -0.369952E-01
070 050 -0.799408E-01
070 070 -0.127718E-01
070 090 0.153432E+00
070 110 0.589702E-01
070 130 -0.136675E-01
070 145 0.152916E-01
070 160 0.557382E-01
070 -200 0.557382E-01
070 170 0.642991E-01
070 -190 0.642991E-01
090 -165 0.793919E-01
090 195 0.793919E-01
090 -150 0.548474E-01
090 210 0.548474E-01
090 -130 0.784295E-01
090 -115 0.684669E-01
090 -100 0.948483E-01
090 -085 0.119938E+00
090 -070 0.137416E+00
090 -055 0.150600E+00
090 -040 0.149123E+00
090 -025 0.131468E+00
090 -010 0.106731E+00
090 000 0.966380E-01
090 015 0.653203E-01
090 030 0.671819E-01
090 050 0.680591E-01
090 070 0.197517E+00
090 090 0.123353E+00
090 110 0.928244E-02
090 130 -0.253101E-01
090 145 0.325443E-02
090 160 0.202353E-01
090 -200 0.202353E-01
090 170 0.166698E-02
090 -190 0.166698E-02
090 180 -0.258034E-03
090 -180 -0.258034E-03
110 -165 0.663332E+00
110 195 0.663332E+00
110 -150 0.590330E+00
110 210 0.590330E+00
110 -130 0.286590E+00
110 -115 0.128454E+00
110 -100 0.370790E-01
110 -085 0.346917E-01
110 -070 0.699419E-01
110 -055 0.108116E+00
110 -040 0.135313E+00
110 -025 0.150528E+00
110 -010 0.158539E+00
110 000 0.165524E+00
110 015 0.196972E+00
110 030 0.228215E+00
110 050 0.281199E+00
110 070 0.228900E+00
110 090 0.481848E-01
110 110 -0.597771E-01
110 130 -0.758041E-01
110 145 -0.515063E-01
110 160 0.278880E-01
110 -200 0.278880E-01
110 170 0.289904E+00
110 -190 0.289904E+00
110 180 0.504135E+00
110 -180 0.504135E+00
130 -165 0.179543E+01
130 195 0.179543E+01
130 -150 0.133873E+01
130 210 0.133873E+01
130 -130 0.585696E+00
130 -115 0.223550E+00
130 -100 -0.560455E-02
130 -085 -0.808781E-01
130 -070 -0.570694E-01
130 -055 0.327938E-01
130 -040 0.110327E+00
130 -010 0.234511E+00
130 000 0.278337E+00
130 015 0.347651E+00
130 030 0.401390E+00
130 050 0.331739E+00
130 070 0.826761E-01
130 090 -0.896165E-01
130 110 -0.196590E+00
130 130 -0.125343E+00
130 145 0.347421E+00
130 160 0.120703E+01
130 -200 0.120703E+01
130 170 0.173903E+01
130 -190 0.173903E+01
130 180 0.194904E+01
130 -180 0.194904E+01
150 -165 0.208685E+01
-210 -165 0.208685E+01
150 195 0.208685E+01
150 -150 0.157955E+01
-210 -150 0.157955E+01
150 210 0.157955E+01
150 -130 0.733773E+00
-210 -130 0.733773E+00
150 -115 0.256947E+00
-210 -115 0.256947E+00
150 -100 -0.599741E-01
-210 -100 -0.599741E-01
150 -085 -0.196753E+00
-210 -085 -0.196753E+00
150 -070 -0.168541E+00
-210 -070 -0.168541E+00
150 -055 -0.404297E-01
-210 -055 -0.404297E-01
150 -040 0.903848E-01
-210 -040 0.903848E-01
150 -025 0.209837E+00
-210 -025 0.209837E+00
150 -010 0.314773E+00
-210 -010 0.314773E+00
150 000 0.381210E+00
-210 000 0.381210E+00
150 015 0.479813E+00
-210 015 0.479813E+00
150 030 0.321418E+00
-210 030 0.321418E+00
150 050 0.917129E-01
-210 050 0.917129E-01
150 070 -0.112997E+00
-210 070 -0.112997E+00
150 090 -0.298211E+00
-210 090 -0.298211E+00
150 110 -0.220639E+00
-210 110 -0.220639E+00
150 130 0.415833E+00
-210 130 0.415833E+00
150 145 0.113665E+01
-210 145 0.113665E+01
150 160 0.184107E+01
-210 160 0.184107E+01
150 -200 0.184107E+01
-210 -200 0.184107E+01
150 170 0.213951E+01
-210 170 0.213951E+01
150 -190 0.213951E+01
-210 -190 0.213951E+01
150 180 0.226739E+01
-210 180 0.226739E+01
150 -180 0.226739E+01
-210 -180 0.226739E+01
165 -165 0.194929E+01
-195 -165 0.194929E+01
165 195 0.194929E+01
165 -150 0.151001E+01
-195 -150 0.151001E+01
165 210 0.151001E+01
165 -130 0.720665E+00
-195 -130 0.720665E+00
165 -115 0.217114E+00
-195 -115 0.217114E+00
165 -100 -0.120061E+00
-195 -100 -0.120061E+00
165 -085 -0.270412E+00
-195 -085 -0.270412E+00
165 -070 -0.201489E+00
-195 -070 -0.201489E+00
165 -055 -0.373865E-01
-195 -055 -0.373865E-01
165 -040 0.116989E+00
-195 -040 0.116989E+00
165 -025 0.252613E+00
-195 -025 0.252613E+00
165 -010 0.576678E+00
-195 -010 0.576678E+00
165 000 0.525903E+00
-195 000 0.525903E+00
165 015 0.387425E+00
-195 015 0.387425E+00
165 030 0.211287E+00
-195 030 0.211287E+00
165 050 -0.291004E-01
-195 050 -0.291004E-01
165 070 -0.271544E+00
-195 070 -0.271544E+00
165 090 -0.356390E+00
-195 090 -0.356390E+00
165 110 -0.505834E-01
-195 110 -0.505834E-01
165 130 0.549436E+00
-195 130 0.549436E+00
165 145 0.112578E+01
-195 145 0.112578E+01
165 160 0.167990E+01
-195 160 0.167990E+01
165 -200 0.167990E+01
-195 -200 0.167990E+01
165 170 0.191987E+01
-195 170 0.191987E+01
165 -190 0.191987E+01
-195 -190 0.191987E+01
165 180 0.204865E+01
-195 180 0.204865E+01
165 -180 0.204865E+01
-195 -180 0.204865E+01
180 -165 0.175811E+01
-180 -165 0.175811E+01
180 195 0.175811E+01
180 -150 0.138954E+01
-180 -150 0.138954E+01
180 210 0.138954E+01
180 -130 0.631349E+00
-180 -130 0.631349E+00
180 -115 0.138495E+00
-180 -115 0.138495E+00
180 -100 -0.192518E+00
-180 -100 -0.192518E+00
180 -085 -0.286006E+00
-180 -085 -0.286006E+00
180 -070 -0.123405E+00
-180 -070 -0.123405E+00
180 -055 0.155315E-01
-180 -055 0.155315E-01
180 -040 0.167871E+00
-180 -040 0.167871E+00
180 -025 0.308790E+00
-180 -025 0.308790E+00
180 -010 0.512209E+00
-180 -010 0.512209E+00
180 000 0.442953E+00
-180 000 0.442953E+00
180 015 0.303433E+00
-180 015 0.303433E+00
180 030 0.147183E+00
-180 030 0.147183E+00
180 070 -0.282135E+00
-180 070 -0.282135E+00
180 090 -0.287702E+00
-180 090 -0.287702E+00
180 110 0.149126E-02
-180 110 0.149126E-02
180 130 0.456891E+00
-180 130 0.456891E+00
180 145 0.903546E+00
-180 145 0.903546E+00
180 160 0.137344E+01
-180 160 0.137344E+01
180 -200 0.137344E+01
-180 -200 0.137344E+01
180 170 0.161126E+01
-180 170 0.161126E+01
180 -190 0.161126E+01
-180 -190 0.161126E+01
180 180 0.177222E+01
-180 180 0.177222E+01
180 -180 0.177222E+01
-180 -180 0.177222E+01
