PHI PSI J_14_20
-165 -165 -0.356072E+00
195 -165 -0.356072E+00
-165 195 -0.356072E+00
195 195 -0.356072E+00
-165 -150 -0.429097E+00
195 -150 -0.429097E+00
-165 210 -0.429097E+00
195 210 -0.429097E+00
-165 -130 -0.625122E+00
195 -130 -0.625122E+00
-165 -115 -0.801946E+00
195 -115 -0.801946E+00
-165 -100 -0.101211E+01
195 -100 -0.101211E+01
-165 -085 -0.115558E+01
195 -085 -0.115558E+01
-165 -070 -0.123206E+01
195 -070 -0.123206E+01
-165 -055 -0.118106E+01
195 -055 -0.118106E+01
-165 -040 -0.107167E+01
195 -040 -0.107167E+01
-165 -025 -0.955875E+00
195 -025 -0.955875E+00
-165 -010 -0.588420E+00
195 -010 -0.588420E+00
-165 000 -0.524063E+00
195 000 -0.524063E+00
-165 015 -0.483708E+00
195 015 -0.483708E+00
-165 030 -0.484563E+00
195 030 -0.484563E+00
-165 050 -0.544922E+00
195 050 -0.544922E+00
-165 070 -0.687285E+00
195 070 -0.687285E+00
-165 090 -0.824532E+00
195 090 -0.824532E+00
-165 110 -0.855120E+00
195 110 -0.855120E+00
-165 130 -0.779526E+00
195 130 -0.779526E+00
-165 145 -0.652045E+00
195 145 -0.652045E+00
-165 160 -0.513264E+00
195 160 -0.513264E+00
-165 -200 -0.513264E+00
-165 170 -0.432186E+00
195 170 -0.432186E+00
-165 -190 -0.432186E+00
-165 180 -0.386529E+00
195 180 -0.386529E+00
-165 -180 -0.386529E+00
-150 -165 -0.399236E+00
210 -165 -0.399236E+00
-150 195 -0.399236E+00
210 195 -0.399236E+00
-150 -150 -0.463432E+00
210 -150 -0.463432E+00
-150 210 -0.463432E+00
210 210 -0.463432E+00
-150 -130 -0.647299E+00
210 -130 -0.647299E+00
-150 -115 -0.836756E+00
210 -115 -0.836756E+00
-150 -100 -0.102324E+01
210 -100 -0.102324E+01
-150 -085 -0.114840E+01
210 -085 -0.114840E+01
-150 -070 -0.122421E+01
210 -070 -0.122421E+01
-150 -055 -0.122646E+01
210 -055 -0.122646E+01
-150 -040 -0.115341E+01
210 -040 -0.115341E+01
-150 -025 -0.102826E+01
210 -025 -0.102826E+01
-150 -010 -0.564030E+00
210 -010 -0.564030E+00
-150 000 -0.507099E+00
210 000 -0.507099E+00
-150 015 -0.465011E+00
210 015 -0.465011E+00
-150 030 -0.472346E+00
210 030 -0.472346E+00
-150 050 -0.560162E+00
210 050 -0.560162E+00
-150 070 -0.731217E+00
210 070 -0.731217E+00
-150 090 -0.875802E+00
210 090 -0.875802E+00
-150 110 -0.929821E+00
210 110 -0.929821E+00
-150 130 -0.851486E+00
210 130 -0.851486E+00
-150 145 -0.722584E+00
210 145 -0.722584E+00
-150 160 -0.572996E+00
210 160 -0.572996E+00
-150 -200 -0.572996E+00
-150 170 -0.484606E+00
210 170 -0.484606E+00
-150 -190 -0.484606E+00
-125 -165 -0.414291E+00
-125 195 -0.414291E+00
-125 -150 -0.476500E+00
-125 210 -0.476500E+00
-125 -130 -0.657495E+00
-125 -115 -0.817645E+00
-125 -100 -0.975779E+00
-125 -085 -0.108966E+01
-125 -070 -0.113497E+01
-125 -055 -0.105858E+01
-125 -040 -0.815638E+00
-125 -025 -0.605158E+00
-125 -010 -0.486481E+00
-125 000 -0.447093E+00
-125 015 -0.429818E+00
-125 030 -0.466210E+00
-125 050 -0.595701E+00
-125 070 -0.792443E+00
-125 090 -0.902124E+00
-125 110 -0.949629E+00
-125 130 -0.871077E+00
-125 145 -0.742803E+00
-125 160 -0.586220E+00
-125 -200 -0.586220E+00
-125 170 -0.529972E+00
-125 -190 -0.529972E+00
-100 -165 -0.412456E+00
-100 195 -0.412456E+00
-100 -150 -0.463088E+00
-100 210 -0.463088E+00
-100 -130 -0.600942E+00
-100 -115 -0.742916E+00
-100 -100 -0.875042E+00
-100 -085 -0.961630E+00
-100 -070 -0.955684E+00
-100 -055 -0.817775E+00
-100 -040 -0.634847E+00
-100 -025 -0.500217E+00
-100 -010 -0.409646E+00
-100 000 -0.392030E+00
-100 015 -0.406440E+00
-100 030 -0.472781E+00
-100 050 -0.680900E+00
-100 070 -0.833440E+00
-100 090 -0.903217E+00
-100 110 -0.939377E+00
-100 130 -0.855665E+00
-100 145 -0.730042E+00
-100 160 -0.589372E+00
-100 -200 -0.589372E+00
-100 170 -0.507654E+00
-100 -190 -0.507654E+00
-085 -165 -0.379231E+00
-085 195 -0.379231E+00
-085 -150 -0.411171E+00
-085 210 -0.411171E+00
-085 -130 -0.521760E+00
-085 -115 -0.655733E+00
-085 -100 -0.775264E+00
-085 -085 -0.857585E+00
-085 -070 -0.842891E+00
-085 -055 -0.715891E+00
-085 -040 -0.560644E+00
-085 -025 -0.456795E+00
-085 -010 -0.396512E+00
-085 000 -0.391194E+00
-085 015 -0.409152E+00
-085 030 -0.509300E+00
-085 050 -0.723939E+00
-085 070 -0.836011E+00
-085 090 -0.889518E+00
-085 110 -0.939135E+00
-085 130 -0.871189E+00
-085 145 -0.747047E+00
-085 160 -0.596737E+00
-085 -200 -0.596737E+00
-085 170 -0.506229E+00
-085 -190 -0.506229E+00
-085 180 -0.428549E+00
-085 -180 -0.428549E+00
-070 -165 -0.323951E+00
-070 195 -0.323951E+00
-070 -150 -0.330717E+00
-070 210 -0.330717E+00
-070 -130 -0.426064E+00
-070 -115 -0.560044E+00
-070 -100 -0.685825E+00
-070 -085 -0.764215E+00
-070 -070 -0.737481E+00
-070 -055 -0.645438E+00
-070 -040 -0.552622E+00
-070 -025 -0.475391E+00
-070 -010 -0.435746E+00
-070 000 -0.428103E+00
-070 015 -0.427280E+00
-070 030 -0.544608E+00
-070 050 -0.726829E+00
-070 070 -0.840331E+00
-070 090 -0.908324E+00
-070 110 -0.940395E+00
-070 130 -0.874685E+00
-070 145 -0.751829E+00
-070 160 -0.593455E+00
-070 -200 -0.593455E+00
-070 170 -0.481703E+00
-070 -190 -0.481703E+00
-055 -165 -0.278871E+00
-055 195 -0.278871E+00
-055 -150 -0.265601E+00
-055 210 -0.265601E+00
-055 -130 -0.385091E+00
-055 -115 -0.542640E+00
-055 -100 -0.670020E+00
-055 -085 -0.735574E+00
-055 -070 -0.738333E+00
-055 -055 -0.678085E+00
-055 -040 -0.611124E+00
-055 -025 -0.576369E+00
-055 -010 -0.531698E+00
-055 000 -0.469742E+00
-055 015 -0.447247E+00
-055 030 -0.518555E+00
-055 050 -0.672426E+00
-055 070 -0.807773E+00
-055 090 -0.924361E+00
-055 110 -0.958779E+00
-055 130 -0.862360E+00
-055 145 -0.745275E+00
-055 160 -0.585054E+00
-055 -200 -0.585054E+00
-055 170 -0.475365E+00
-055 -190 -0.475365E+00
-055 180 -0.373050E+00
-055 -180 -0.373050E+00
-040 -165 -0.281583E+00
-040 195 -0.281583E+00
-040 -150 -0.260545E+00
-040 210 -0.260545E+00
-040 -130 -0.443150E+00
-040 -115 -0.629826E+00
-040 -100 -0.798171E+00
-040 -085 -0.100152E+01
-040 -070 -0.920465E+00
-040 -055 -0.783065E+00
-040 -040 -0.754266E+00
-040 -025 -0.718269E+00
-040 -010 -0.597196E+00
-040 000 -0.503262E+00
-040 015 -0.421927E+00
-040 030 -0.430602E+00
-040 050 -0.569791E+00
-040 070 -0.767721E+00
-040 090 -0.937913E+00
-040 110 -0.972423E+00
-040 130 -0.870778E+00
-040 145 -0.755936E+00
-040 160 -0.628105E+00
-040 -200 -0.628105E+00
-040 170 -0.519285E+00
-040 -190 -0.519285E+00
-040 180 -0.406998E+00
-040 -180 -0.406998E+00
-025 -165 -0.311670E+00
-025 195 -0.311670E+00
-025 -150 -0.324854E+00
-025 210 -0.324854E+00
-025 -130 -0.102269E+01
-025 -115 -0.128465E+01
-025 -100 -0.133725E+01
-025 -085 -0.126177E+01
-025 -070 -0.106659E+01
-025 -055 -0.945102E+00
-025 -040 -0.929327E+00
-025 -025 -0.671265E+00
-025 -010 -0.601949E+00
-025 000 -0.488514E+00
-025 015 -0.367903E+00
-025 030 -0.331359E+00
-025 050 -0.469632E+00
-025 070 -0.712042E+00
-025 090 -0.916807E+00
-025 110 -0.969396E+00
-025 130 -0.900035E+00
-025 145 -0.822486E+00
-025 160 -0.698043E+00
-025 -200 -0.698043E+00
-025 170 -0.587476E+00
-025 -190 -0.587476E+00
-025 180 -0.458509E+00
-025 -180 -0.458509E+00
-010 -150 -0.722645E+00
-010 210 -0.722645E+00
-010 -130 -0.108912E+01
-010 -115 -0.128087E+01
-010 -100 -0.137965E+01
-010 -085 -0.132039E+01
-010 -070 -0.112743E+01
-010 -055 -0.107864E+01
-010 -040 -0.106404E+01
-010 -025 -0.822398E+00
-010 -010 -0.618121E+00
-010 000 -0.511150E+00
-010 015 -0.388032E+00
-010 030 -0.340000E+00
-010 050 -0.449941E+00
-010 070 -0.749368E+00
-010 090 -0.903785E+00
-010 110 -0.979284E+00
-010 130 -0.956895E+00
-010 145 -0.902746E+00
-010 160 -0.789946E+00
-010 -200 -0.789946E+00
-010 170 -0.678504E+00
-010 -190 -0.678504E+00
-010 180 -0.542711E+00
-010 -180 -0.542711E+00
000 -165 -0.471913E+00
000 195 -0.471913E+00
000 -150 -0.698231E+00
000 210 -0.698231E+00
000 -115 -0.121673E+01
000 -100 -0.131952E+01
000 -085 -0.130359E+01
000 -070 -0.118446E+01
000 -055 -0.119439E+01
000 -040 -0.105045E+01
000 -025 -0.853208E+00
000 -010 -0.658645E+00
000 000 -0.550040E+00
000 015 -0.425170E+00
000 030 -0.379505E+00
000 050 -0.485437E+00
000 070 -0.722034E+00
000 090 -0.888570E+00
000 110 -0.991679E+00
000 130 -0.100563E+01
000 145 -0.976070E+00
000 160 -0.867023E+00
000 -200 -0.867023E+00
000 170 -0.779136E+00
000 -190 -0.779136E+00
000 180 -0.395339E+00
000 -180 -0.395339E+00
015 -150 -0.607759E+00
015 210 -0.607759E+00
015 -130 -0.902169E+00
015 -115 -0.109413E+01
015 -100 -0.120652E+01
015 -085 -0.127546E+01
015 -070 -0.131473E+01
015 -055 -0.127555E+01
015 -040 -0.107726E+01
015 -025 -0.908784E+00
015 -010 -0.722022E+00
015 000 -0.616125E+00
015 015 -0.509813E+00
015 030 -0.439771E+00
015 070 -0.675200E+00
015 090 -0.874336E+00
015 110 -0.101685E+01
015 130 -0.108608E+01
015 145 -0.107805E+01
015 160 -0.590843E+00
015 -200 -0.590843E+00
015 170 -0.439661E+00
015 -190 -0.439661E+00
015 180 -0.376133E+00
015 -180 -0.376133E+00
030 -150 -0.517949E+00
030 210 -0.517949E+00
030 -130 -0.770371E+00
030 -115 -0.965832E+00
030 -100 -0.115492E+01
030 -085 -0.138114E+01
030 -070 -0.137792E+01
030 -055 -0.125880E+01
030 -040 -0.110119E+01
030 -025 -0.925496E+00
030 -010 -0.765952E+00
030 000 -0.670513E+00
030 015 -0.528100E+00
030 030 -0.362245E+00
030 050 -0.463926E+00
030 070 -0.626986E+00
030 090 -0.819881E+00
030 110 -0.973889E+00
030 130 -0.101579E+01
030 145 -0.760201E+00
030 160 -0.552931E+00
030 -200 -0.552931E+00
030 170 -0.436209E+00
030 -190 -0.436209E+00
030 180 -0.367464E+00
030 -180 -0.367464E+00
050 -165 -0.382234E+00
050 195 -0.382234E+00
050 -150 -0.476296E+00
050 210 -0.476296E+00
050 -130 -0.697188E+00
050 -115 -0.937203E+00
050 -100 -0.119855E+01
050 -085 -0.131686E+01
050 -070 -0.127286E+01
050 -055 -0.115877E+01
050 -040 -0.103088E+01
050 -025 -0.881602E+00
050 -010 -0.709652E+00
050 000 -0.589592E+00
050 015 -0.336494E+00
050 030 -0.331328E+00
050 050 -0.431683E+00
050 070 -0.596650E+00
050 090 -0.769114E+00
050 110 -0.983556E+00
050 130 -0.971689E+00
050 145 -0.798194E+00
050 160 -0.596936E+00
050 -200 -0.596936E+00
050 170 -0.482186E+00
050 -190 -0.482186E+00
050 180 -0.397452E+00
050 -180 -0.397452E+00
070 -165 -0.428250E+00
070 195 -0.428250E+00
070 -150 -0.519583E+00
070 210 -0.519583E+00
070 -130 -0.735340E+00
070 -115 -0.975282E+00
070 -100 -0.119169E+01
070 -085 -0.126097E+01
070 -070 -0.118820E+01
070 -055 -0.105599E+01
070 -040 -0.907457E+00
070 -025 -0.765591E+00
070 -010 -0.570046E+00
070 000 -0.396417E+00
070 015 -0.313627E+00
070 030 -0.339963E+00
070 050 -0.471829E+00
070 070 -0.706044E+00
070 090 -0.102326E+01
070 110 -0.111824E+01
070 130 -0.104356E+01
070 145 -0.866078E+00
070 160 -0.661310E+00
070 -200 -0.661310E+00
070 170 -0.544447E+00
070 -190 -0.544447E+00
090 -165 -0.462393E+00
090 195 -0.462393E+00
090 -150 -0.564504E+00
090 210 -0.564504E+00
090 -130 -0.819325E+00
090 -115 -0.100357E+01
090 -100 -0.117656E+01
090 -085 -0.122383E+01
090 -070 -0.111696E+01
090 -055 -0.971050E+00
090 -040 -0.808123E+00
090 -025 -0.604430E+00
090 -010 -0.422720E+00
090 000 -0.356741E+00
090 015 -0.330889E+00
090 030 -0.370618E+00
090 050 -0.555364E+00
090 070 -0.906936E+00
090 090 -0.108019E+01
090 110 -0.109947E+01
090 130 -0.960844E+00
090 145 -0.847700E+00
090 160 -0.648381E+00
090 -200 -0.648381E+00
090 170 -0.528647E+00
090 -190 -0.528647E+00
090 180 -0.457778E+00
090 -180 -0.457778E+00
110 -165 -0.464966E+00
110 195 -0.464966E+00
110 -150 -0.574317E+00
110 210 -0.574317E+00
110 -130 -0.808250E+00
110 -115 -0.993393E+00
110 -100 -0.115243E+01
110 -085 -0.118965E+01
110 -070 -0.108455E+01
110 -055 -0.882487E+00
110 -040 -0.680526E+00
110 -025 -0.505285E+00
110 -010 -0.406894E+00
110 000 -0.371130E+00
110 015 -0.365160E+00
110 030 -0.416229E+00
110 050 -0.649649E+00
110 070 -0.987746E+00
110 090 -0.100171E+01
110 110 -0.971301E+00
110 130 -0.861437E+00
110 145 -0.715329E+00
110 160 -0.552870E+00
110 -200 -0.552870E+00
110 170 -0.458902E+00
110 -190 -0.458902E+00
110 180 -0.417055E+00
110 -180 -0.417055E+00
130 -165 -0.407407E+00
130 195 -0.407407E+00
130 -150 -0.528561E+00
130 210 -0.528561E+00
130 -130 -0.760898E+00
130 -115 -0.949684E+00
130 -100 -0.110626E+01
130 -085 -0.117475E+01
130 -070 -0.107593E+01
130 -055 -0.862002E+00
130 -040 -0.667407E+00
130 -010 -0.446954E+00
130 000 -0.421952E+00
130 015 -0.411438E+00
130 030 -0.464243E+00
130 050 -0.862989E+00
130 070 -0.905525E+00
130 090 -0.875245E+00
130 110 -0.834404E+00
130 130 -0.694257E+00
130 145 -0.540573E+00
130 160 -0.378870E+00
130 -200 -0.378870E+00
130 170 -0.317230E+00
130 -190 -0.317230E+00
130 180 -0.319746E+00
130 -180 -0.319746E+00
150 -165 -0.332181E+00
-210 -165 -0.332181E+00
150 195 -0.332181E+00
150 -150 -0.468081E+00
-210 -150 -0.468081E+00
150 210 -0.468081E+00
150 -130 -0.700525E+00
-210 -130 -0.700525E+00
150 -115 -0.883658E+00
-210 -115 -0.883658E+00
150 -100 -0.105355E+01
-210 -100 -0.105355E+01
150 -085 -0.116599E+01
-210 -085 -0.116599E+01
150 -070 -0.110413E+01
-210 -070 -0.110413E+01
150 -055 -0.936851E+00
-210 -055 -0.936851E+00
150 -040 -0.764842E+00
-210 -040 -0.764842E+00
150 -025 -0.628886E+00
-210 -025 -0.628886E+00
150 -010 -0.543135E+00
-210 -010 -0.543135E+00
150 000 -0.512697E+00
-210 000 -0.512697E+00
150 015 -0.553245E+00
-210 015 -0.553245E+00
150 030 -0.628986E+00
-210 030 -0.628986E+00
150 050 -0.725893E+00
-210 050 -0.725893E+00
150 070 -0.776228E+00
-210 070 -0.776228E+00
150 090 -0.743109E+00
-210 090 -0.743109E+00
150 110 -0.686073E+00
-210 110 -0.686073E+00
150 130 -0.548023E+00
-210 130 -0.548023E+00
150 145 -0.400065E+00
-210 145 -0.400065E+00
150 160 -0.289490E+00
-210 160 -0.289490E+00
150 -200 -0.289490E+00
-210 -200 -0.289490E+00
150 170 -0.252853E+00
-210 170 -0.252853E+00
150 -190 -0.252853E+00
-210 -190 -0.252853E+00
150 180 -0.258083E+00
-210 180 -0.258083E+00
150 -180 -0.258083E+00
-210 -180 -0.258083E+00
165 -165 -0.311829E+00
-195 -165 -0.311829E+00
165 195 -0.311829E+00
165 -150 -0.429588E+00
-195 -150 -0.429588E+00
165 210 -0.429588E+00
165 -130 -0.647509E+00
-195 -130 -0.647509E+00
165 -115 -0.845594E+00
-195 -115 -0.845594E+00
165 -100 -0.103242E+01
-195 -100 -0.103242E+01
165 -085 -0.116121E+01
-195 -085 -0.116121E+01
165 -070 -0.116209E+01
-195 -070 -0.116209E+01
165 -055 -0.102757E+01
-195 -055 -0.102757E+01
165 -040 -0.875652E+00
-195 -040 -0.875652E+00
165 -025 -0.740862E+00
-195 -025 -0.740862E+00
165 -010 -0.589134E+00
-195 -010 -0.589134E+00
165 000 -0.531441E+00
-195 000 -0.531441E+00
165 015 -0.519876E+00
-195 015 -0.519876E+00
165 030 -0.555031E+00
-195 030 -0.555031E+00
165 050 -0.618258E+00
-195 050 -0.618258E+00
165 070 -0.671442E+00
-195 070 -0.671442E+00
165 090 -0.701067E+00
-195 090 -0.701067E+00
165 110 -0.677861E+00
-195 110 -0.677861E+00
165 130 -0.555625E+00
-195 130 -0.555625E+00
165 145 -0.432753E+00
-195 145 -0.432753E+00
165 160 -0.324332E+00
-195 160 -0.324332E+00
165 -200 -0.324332E+00
-195 -200 -0.324332E+00
165 170 -0.275810E+00
-195 170 -0.275810E+00
165 -190 -0.275810E+00
-195 -190 -0.275810E+00
165 180 -0.263358E+00
-195 180 -0.263358E+00
165 -180 -0.263358E+00
-195 -180 -0.263358E+00
180 -165 -0.320965E+00
-180 -165 -0.320965E+00
180 195 -0.320965E+00
180 -150 -0.419604E+00
-180 -150 -0.419604E+00
180 210 -0.419604E+00
180 -130 -0.622228E+00
-180 -130 -0.622228E+00
180 -115 -0.822849E+00
-180 -115 -0.822849E+00
180 -100 -0.101508E+01
-180 -100 -0.101508E+01
180 -085 -0.117082E+01
-180 -085 -0.117082E+01
180 -070 -0.120531E+01
-180 -070 -0.120531E+01
180 -055 -0.111450E+01
-180 -055 -0.111450E+01
180 -040 -0.972375E+00
-180 -040 -0.972375E+00
180 -025 -0.853795E+00
-180 -025 -0.853795E+00
180 -010 -0.588486E+00
-180 -010 -0.588486E+00
180 000 -0.526920E+00
-180 000 -0.526920E+00
180 015 -0.493689E+00
-180 015 -0.493689E+00
180 030 -0.503074E+00
-180 030 -0.503074E+00
180 070 -0.641524E+00
-180 070 -0.641524E+00
180 090 -0.739482E+00
-180 090 -0.739482E+00
180 110 -0.752031E+00
-180 110 -0.752031E+00
180 130 -0.656434E+00
-180 130 -0.656434E+00
180 145 -0.536078E+00
-180 145 -0.536078E+00
180 160 -0.414927E+00
-180 160 -0.414927E+00
180 -200 -0.414927E+00
-180 -200 -0.414927E+00
180 170 -0.349522E+00
-180 170 -0.349522E+00
180 -190 -0.349522E+00
-180 -190 -0.349522E+00
180 180 -0.309611E+00
-180 180 -0.309611E+00
180 -180 -0.309611E+00
-180 -180 -0.309611E+00
