PHI PSI J_13_21
-165 -165 -0.957744E+01
195 -165 -0.957744E+01
-165 195 -0.957744E+01
195 195 -0.957744E+01
-165 -150 -0.948544E+01
195 -150 -0.948544E+01
-165 210 -0.948544E+01
195 210 -0.948544E+01
-165 -130 -0.954209E+01
195 -130 -0.954209E+01
-165 -115 -0.961356E+01
195 -115 -0.961356E+01
-165 -100 -0.968831E+01
195 -100 -0.968831E+01
-165 -085 -0.963702E+01
195 -085 -0.963702E+01
-165 -070 -0.927721E+01
195 -070 -0.927721E+01
-165 -055 -0.886618E+01
195 -055 -0.886618E+01
-165 -040 -0.841808E+01
195 -040 -0.841808E+01
-165 -025 -0.809673E+01
195 -025 -0.809673E+01
-165 -010 -0.790252E+01
195 -010 -0.790252E+01
-165 000 -0.787352E+01
195 000 -0.787352E+01
-165 015 -0.791837E+01
195 015 -0.791837E+01
-165 030 -0.816697E+01
195 030 -0.816697E+01
-165 050 -0.874210E+01
195 050 -0.874210E+01
-165 070 -0.954361E+01
195 070 -0.954361E+01
-165 090 -0.103216E+02
195 090 -0.103216E+02
-165 110 -0.108424E+02
195 110 -0.108424E+02
-165 130 -0.110561E+02
195 130 -0.110561E+02
-165 145 -0.109302E+02
195 145 -0.109302E+02
-165 160 -0.105602E+02
195 160 -0.105602E+02
-165 -200 -0.105602E+02
-165 170 -0.102415E+02
195 170 -0.102415E+02
-165 -190 -0.102415E+02
-165 180 -0.993845E+01
195 180 -0.993845E+01
-165 -180 -0.993845E+01
-150 -165 -0.969019E+01
210 -165 -0.969019E+01
-150 195 -0.969019E+01
210 195 -0.969019E+01
-150 -150 -0.961505E+01
210 -150 -0.961505E+01
-150 210 -0.961505E+01
210 210 -0.961505E+01
-150 -130 -0.974857E+01
210 -130 -0.974857E+01
-150 -115 -0.990289E+01
210 -115 -0.990289E+01
-150 -100 -0.100880E+02
210 -100 -0.100880E+02
-150 -085 -0.976360E+01
210 -085 -0.976360E+01
-150 -070 -0.932778E+01
210 -070 -0.932778E+01
-150 -055 -0.883076E+01
210 -055 -0.883076E+01
-150 -040 -0.843130E+01
210 -040 -0.843130E+01
-150 -025 -0.816247E+01
210 -025 -0.816247E+01
-150 -010 -0.807800E+01
210 -010 -0.807800E+01
-150 000 -0.802852E+01
210 000 -0.802852E+01
-150 015 -0.815670E+01
210 015 -0.815670E+01
-150 030 -0.842495E+01
210 030 -0.842495E+01
-150 050 -0.900948E+01
210 050 -0.900948E+01
-150 070 -0.972907E+01
210 070 -0.972907E+01
-150 090 -0.104628E+02
210 090 -0.104628E+02
-150 110 -0.110114E+02
210 110 -0.110114E+02
-150 130 -0.111723E+02
210 130 -0.111723E+02
-150 145 -0.110096E+02
210 145 -0.110096E+02
-150 160 -0.106064E+02
210 160 -0.106064E+02
-150 -200 -0.106064E+02
-150 170 -0.102754E+02
210 170 -0.102754E+02
-150 -190 -0.102754E+02
-125 -165 -0.999927E+01
-125 195 -0.999927E+01
-125 -150 -0.100585E+02
-125 210 -0.100585E+02
-125 -130 -0.103980E+02
-125 -115 -0.104110E+02
-125 -100 -0.102802E+02
-125 -085 -0.986050E+01
-125 -070 -0.951964E+01
-125 -055 -0.924186E+01
-125 -040 -0.878691E+01
-125 -025 -0.849777E+01
-125 -010 -0.840352E+01
-125 000 -0.840397E+01
-125 015 -0.851309E+01
-125 030 -0.872342E+01
-125 050 -0.921763E+01
-125 070 -0.989260E+01
-125 090 -0.106949E+02
-125 110 -0.112029E+02
-125 130 -0.112783E+02
-125 145 -0.110667E+02
-125 160 -0.106942E+02
-125 -200 -0.106942E+02
-125 170 -0.105013E+02
-125 -190 -0.105013E+02
-100 -165 -0.106105E+02
-100 195 -0.106105E+02
-100 -150 -0.105983E+02
-100 210 -0.105983E+02
-100 -130 -0.105980E+02
-100 -115 -0.105224E+02
-100 -100 -0.103866E+02
-100 -085 -0.101336E+02
-100 -070 -0.985297E+01
-100 -055 -0.943820E+01
-100 -040 -0.904289E+01
-100 -025 -0.882772E+01
-100 -010 -0.872984E+01
-100 000 -0.873003E+01
-100 015 -0.875259E+01
-100 030 -0.885309E+01
-100 050 -0.909427E+01
-100 070 -0.996642E+01
-100 090 -0.109172E+02
-100 110 -0.113938E+02
-100 130 -0.115045E+02
-100 145 -0.112800E+02
-100 160 -0.110598E+02
-100 -200 -0.110598E+02
-100 170 -0.108784E+02
-100 -190 -0.108784E+02
-085 -165 -0.108313E+02
-085 195 -0.108313E+02
-085 -150 -0.106806E+02
-085 210 -0.106806E+02
-085 -130 -0.106183E+02
-085 -115 -0.105722E+02
-085 -100 -0.105040E+02
-085 -085 -0.103288E+02
-085 -070 -0.100424E+02
-085 -055 -0.958492E+01
-085 -040 -0.921111E+01
-085 -025 -0.901275E+01
-085 -010 -0.888609E+01
-085 000 -0.885725E+01
-085 015 -0.882279E+01
-085 030 -0.874963E+01
-085 050 -0.899477E+01
-085 070 -0.994972E+01
-085 090 -0.110815E+02
-085 110 -0.116239E+02
-085 130 -0.117117E+02
-085 145 -0.116442E+02
-085 160 -0.114489E+02
-085 -200 -0.114489E+02
-085 170 -0.113086E+02
-085 -190 -0.113086E+02
-085 180 -0.111141E+02
-085 -180 -0.111141E+02
-070 -165 -0.109317E+02
-070 195 -0.109317E+02
-070 -150 -0.107417E+02
-070 210 -0.107417E+02
-070 -130 -0.107451E+02
-070 -115 -0.107792E+02
-070 -100 -0.108024E+02
-070 -085 -0.105650E+02
-070 -070 -0.102110E+02
-070 -055 -0.974546E+01
-070 -040 -0.932644E+01
-070 -025 -0.914145E+01
-070 -010 -0.902371E+01
-070 000 -0.895200E+01
-070 015 -0.879391E+01
-070 030 -0.866705E+01
-070 050 -0.899169E+01
-070 070 -0.100100E+02
-070 090 -0.111520E+02
-070 110 -0.118695E+02
-070 130 -0.120177E+02
-070 145 -0.120411E+02
-070 160 -0.118705E+02
-070 -200 -0.118705E+02
-070 170 -0.115986E+02
-070 -190 -0.115986E+02
-055 -165 -0.110999E+02
-055 195 -0.110999E+02
-055 -150 -0.109972E+02
-055 210 -0.109972E+02
-055 -130 -0.110704E+02
-055 -115 -0.112463E+02
-055 -100 -0.111661E+02
-055 -085 -0.108488E+02
-055 -070 -0.103175E+02
-055 -055 -0.974797E+01
-055 -040 -0.940595E+01
-055 -025 -0.923933E+01
-055 -010 -0.909475E+01
-055 000 -0.896038E+01
-055 015 -0.877080E+01
-055 030 -0.878877E+01
-055 050 -0.923719E+01
-055 070 -0.102962E+02
-055 090 -0.113934E+02
-055 110 -0.120957E+02
-055 130 -0.123417E+02
-055 145 -0.123833E+02
-055 160 -0.121654E+02
-055 -200 -0.121654E+02
-055 170 -0.118426E+02
-055 -190 -0.118426E+02
-055 180 -0.115105E+02
-055 -180 -0.115105E+02
-040 -165 -0.113840E+02
-040 195 -0.113840E+02
-040 -150 -0.114036E+02
-040 210 -0.114036E+02
-040 -130 -0.116590E+02
-040 -115 -0.117678E+02
-040 -100 -0.114521E+02
-040 -085 -0.108718E+02
-040 -070 -0.102577E+02
-040 -055 -0.972816E+01
-040 -040 -0.946814E+01
-040 -025 -0.927843E+01
-040 -010 -0.907337E+01
-040 000 -0.893390E+01
-040 015 -0.901558E+01
-040 030 -0.915910E+01
-040 050 -0.972676E+01
-040 070 -0.106967E+02
-040 090 -0.116891E+02
-040 110 -0.123343E+02
-040 130 -0.125845E+02
-040 145 -0.125784E+02
-040 160 -0.123966E+02
-040 -200 -0.123966E+02
-040 170 -0.120567E+02
-040 -190 -0.120567E+02
-040 180 -0.117233E+02
-040 -180 -0.117233E+02
-025 -165 -0.116834E+02
-025 195 -0.116834E+02
-025 -150 -0.119705E+02
-025 210 -0.119705E+02
-025 -130 -0.119725E+02
-025 -115 -0.113862E+02
-025 -100 -0.110477E+02
-025 -085 -0.106568E+02
-025 -070 -0.101097E+02
-025 -055 -0.970222E+01
-025 -040 -0.945452E+01
-025 -025 -0.891159E+01
-025 -010 -0.917136E+01
-025 000 -0.935051E+01
-025 015 -0.952798E+01
-025 030 -0.972080E+01
-025 050 -0.101924E+02
-025 070 -0.110461E+02
-025 090 -0.118138E+02
-025 110 -0.124392E+02
-025 130 -0.128173E+02
-025 145 -0.127900E+02
-025 160 -0.126023E+02
-025 -200 -0.126023E+02
-025 170 -0.123030E+02
-025 -190 -0.123030E+02
-025 180 -0.120610E+02
-025 -180 -0.120610E+02
-010 -150 -0.119812E+02
-010 210 -0.119812E+02
-010 -130 -0.114519E+02
-010 -115 -0.111899E+02
-010 -100 -0.108423E+02
-010 -085 -0.105006E+02
-010 -070 -0.100121E+02
-010 -055 -0.967154E+01
-010 -040 -0.940486E+01
-010 -025 -0.954309E+01
-010 -010 -0.966957E+01
-010 000 -0.972733E+01
-010 015 -0.981629E+01
-010 030 -0.992840E+01
-010 050 -0.103472E+02
-010 070 -0.107554E+02
-010 090 -0.117457E+02
-010 110 -0.124558E+02
-010 130 -0.128664E+02
-010 145 -0.129609E+02
-010 160 -0.128624E+02
-010 -200 -0.128624E+02
-010 170 -0.126155E+02
-010 -190 -0.126155E+02
-010 180 -0.124256E+02
-010 -180 -0.124256E+02
000 -165 -0.123279E+02
000 195 -0.123279E+02
000 -150 -0.117292E+02
000 210 -0.117292E+02
000 -115 -0.110211E+02
000 -100 -0.108032E+02
000 -085 -0.104326E+02
000 -070 -0.995031E+01
000 -055 -0.966002E+01
000 -040 -0.966388E+01
000 -025 -0.978737E+01
000 -010 -0.981733E+01
000 000 -0.984130E+01
000 015 -0.987461E+01
000 030 -0.989876E+01
000 050 -0.100986E+02
000 070 -0.107190E+02
000 090 -0.117850E+02
000 110 -0.124907E+02
000 130 -0.129535E+02
000 145 -0.131409E+02
000 160 -0.130935E+02
000 -200 -0.130935E+02
000 170 -0.130521E+02
000 -190 -0.130521E+02
000 180 -0.136762E+02
000 -180 -0.136762E+02
015 -150 -0.113666E+02
015 210 -0.113666E+02
015 -130 -0.111381E+02
015 -115 -0.109973E+02
015 -100 -0.107804E+02
015 -085 -0.104200E+02
015 -070 -0.100284E+02
015 -055 -0.100693E+02
015 -040 -0.993128E+01
015 -025 -0.990784E+01
015 -010 -0.986421E+01
015 000 -0.981178E+01
015 015 -0.966754E+01
015 030 -0.958284E+01
015 070 -0.107650E+02
015 090 -0.118242E+02
015 110 -0.125788E+02
015 130 -0.132484E+02
015 145 -0.136133E+02
015 160 -0.141695E+02
015 -200 -0.141695E+02
015 170 -0.130939E+02
015 -190 -0.130939E+02
015 180 -0.123569E+02
015 -180 -0.123569E+02
030 -150 -0.112032E+02
030 210 -0.112032E+02
030 -130 -0.110663E+02
030 -115 -0.109896E+02
030 -100 -0.108206E+02
030 -085 -0.106052E+02
030 -070 -0.103191E+02
030 -055 -0.100313E+02
030 -040 -0.994867E+01
030 -025 -0.973970E+01
030 -010 -0.962642E+01
030 000 -0.947736E+01
030 015 -0.926040E+01
030 030 -0.917097E+01
030 050 -0.975400E+01
030 070 -0.107892E+02
030 090 -0.119096E+02
030 110 -0.129039E+02
030 130 -0.140254E+02
030 145 -0.135921E+02
030 160 -0.126629E+02
030 -200 -0.126629E+02
030 170 -0.121779E+02
030 -190 -0.121779E+02
030 180 -0.117557E+02
030 -180 -0.117557E+02
050 -165 -0.112165E+02
050 195 -0.112165E+02
050 -150 -0.110657E+02
050 210 -0.110657E+02
050 -130 -0.109750E+02
050 -115 -0.108498E+02
050 -100 -0.107209E+02
050 -085 -0.104280E+02
050 -070 -0.100647E+02
050 -055 -0.972569E+01
050 -040 -0.960516E+01
050 -025 -0.906201E+01
050 -010 -0.915875E+01
050 000 -0.904194E+01
050 015 -0.902995E+01
050 030 -0.917180E+01
050 050 -0.976048E+01
050 070 -0.108100E+02
050 090 -0.120185E+02
050 110 -0.128120E+02
050 130 -0.129616E+02
050 145 -0.125265E+02
050 160 -0.120750E+02
050 -200 -0.120750E+02
050 170 -0.117746E+02
050 -190 -0.117746E+02
050 180 -0.114914E+02
050 -180 -0.114914E+02
070 -165 -0.111830E+02
070 195 -0.111830E+02
070 -150 -0.109600E+02
070 210 -0.109600E+02
070 -130 -0.108122E+02
070 -115 -0.107711E+02
070 -100 -0.106845E+02
070 -085 -0.104119E+02
070 -070 -0.100095E+02
070 -055 -0.965941E+01
070 -040 -0.946256E+01
070 -025 -0.925825E+01
070 -010 -0.908600E+01
070 000 -0.905175E+01
070 015 -0.898124E+01
070 030 -0.909777E+01
070 050 -0.971892E+01
070 070 -0.107279E+02
070 090 -0.115491E+02
070 110 -0.123118E+02
070 130 -0.125480E+02
070 145 -0.124055E+02
070 160 -0.120232E+02
070 -200 -0.120232E+02
070 170 -0.117821E+02
070 -190 -0.117821E+02
090 -165 -0.107760E+02
090 195 -0.107760E+02
090 -150 -0.106355E+02
090 210 -0.106355E+02
090 -130 -0.104606E+02
090 -115 -0.105119E+02
090 -100 -0.105588E+02
090 -085 -0.104093E+02
090 -070 -0.100370E+02
090 -055 -0.969148E+01
090 -040 -0.944785E+01
090 -025 -0.926213E+01
090 -010 -0.912685E+01
090 000 -0.901802E+01
090 015 -0.892684E+01
090 030 -0.904695E+01
090 050 -0.960138E+01
090 070 -0.103715E+02
090 090 -0.112164E+02
090 110 -0.120157E+02
090 130 -0.122786E+02
090 145 -0.124351E+02
090 160 -0.120939E+02
090 -200 -0.120939E+02
090 170 -0.117251E+02
090 -190 -0.117251E+02
090 180 -0.113038E+02
090 -180 -0.113038E+02
110 -165 -0.101610E+02
110 195 -0.101610E+02
110 -150 -0.994961E+01
110 210 -0.994961E+01
110 -130 -0.100351E+02
110 -115 -0.100726E+02
110 -100 -0.101500E+02
110 -085 -0.101221E+02
110 -070 -0.988432E+01
110 -055 -0.962537E+01
110 -040 -0.941452E+01
110 -025 -0.923394E+01
110 -010 -0.902908E+01
110 000 -0.890501E+01
110 015 -0.878892E+01
110 030 -0.889761E+01
110 050 -0.941886E+01
110 070 -0.974644E+01
110 090 -0.109406E+02
110 110 -0.119086E+02
110 130 -0.123679E+02
110 145 -0.122752E+02
110 160 -0.117361E+02
110 -200 -0.117361E+02
110 170 -0.111152E+02
110 -190 -0.111152E+02
110 180 -0.106344E+02
110 -180 -0.106344E+02
130 -165 -0.947834E+01
130 195 -0.947834E+01
130 -150 -0.939596E+01
130 210 -0.939596E+01
130 -130 -0.958187E+01
130 -115 -0.971801E+01
130 -100 -0.982316E+01
130 -085 -0.984663E+01
130 -070 -0.967401E+01
130 -055 -0.945933E+01
130 -040 -0.920391E+01
130 -010 -0.873407E+01
130 000 -0.858259E+01
130 015 -0.845093E+01
130 030 -0.858871E+01
130 050 -0.815780E+01
130 070 -0.927983E+01
130 090 -0.106309E+02
130 110 -0.116490E+02
130 130 -0.118497E+02
130 145 -0.114669E+02
130 160 -0.107109E+02
130 -200 -0.107109E+02
130 170 -0.101868E+02
130 -190 -0.101868E+02
130 180 -0.981036E+01
130 -180 -0.981036E+01
150 -165 -0.933557E+01
-210 -165 -0.933557E+01
150 195 -0.933557E+01
150 -150 -0.928258E+01
-210 -150 -0.928258E+01
150 210 -0.928258E+01
150 -130 -0.938705E+01
-210 -130 -0.938705E+01
150 -115 -0.949544E+01
-210 -115 -0.949544E+01
150 -100 -0.959841E+01
-210 -100 -0.959841E+01
150 -085 -0.959691E+01
-210 -085 -0.959691E+01
150 -070 -0.947046E+01
-210 -070 -0.947046E+01
150 -055 -0.918896E+01
-210 -055 -0.918896E+01
150 -040 -0.887232E+01
-210 -040 -0.887232E+01
150 -025 -0.855728E+01
-210 -025 -0.855728E+01
150 -010 -0.825620E+01
-210 -010 -0.825620E+01
150 000 -0.810739E+01
-210 000 -0.810739E+01
150 015 -0.745445E+01
-210 015 -0.745445E+01
150 030 -0.746725E+01
-210 030 -0.746725E+01
150 050 -0.797653E+01
-210 050 -0.797653E+01
150 070 -0.903245E+01
-210 070 -0.903245E+01
150 090 -0.102935E+02
-210 090 -0.102935E+02
150 110 -0.109744E+02
-210 110 -0.109744E+02
150 130 -0.110599E+02
-210 130 -0.110599E+02
150 145 -0.107949E+02
-210 145 -0.107949E+02
150 160 -0.103120E+02
-210 160 -0.103120E+02
150 -200 -0.103120E+02
-210 -200 -0.103120E+02
150 170 -0.996400E+01
-210 170 -0.996400E+01
150 -190 -0.996400E+01
-210 -190 -0.996400E+01
150 180 -0.964515E+01
-210 180 -0.964515E+01
150 -180 -0.964515E+01
-210 -180 -0.964515E+01
165 -165 -0.939141E+01
-195 -165 -0.939141E+01
165 195 -0.939141E+01
165 -150 -0.930596E+01
-195 -150 -0.930596E+01
165 210 -0.930596E+01
165 -130 -0.936742E+01
-195 -130 -0.936742E+01
165 -115 -0.944994E+01
-195 -115 -0.944994E+01
165 -100 -0.951788E+01
-195 -100 -0.951788E+01
165 -085 -0.950609E+01
-195 -085 -0.950609E+01
165 -070 -0.934800E+01
-195 -070 -0.934800E+01
165 -055 -0.901281E+01
-195 -055 -0.901281E+01
165 -040 -0.863415E+01
-195 -040 -0.863415E+01
165 -025 -0.827667E+01
-195 -025 -0.827667E+01
165 -010 -0.780650E+01
-195 -010 -0.780650E+01
165 000 -0.761405E+01
-195 000 -0.761405E+01
165 015 -0.750337E+01
-195 015 -0.750337E+01
165 030 -0.760723E+01
-195 030 -0.760723E+01
165 050 -0.816594E+01
-195 050 -0.816594E+01
165 070 -0.911626E+01
-195 070 -0.911626E+01
165 090 -0.100789E+02
-195 090 -0.100789E+02
165 110 -0.107054E+02
-195 110 -0.107054E+02
165 130 -0.108591E+02
-195 130 -0.108591E+02
165 145 -0.106945E+02
-195 145 -0.106945E+02
165 160 -0.103135E+02
-195 160 -0.103135E+02
165 -200 -0.103135E+02
-195 -200 -0.103135E+02
165 170 -0.100100E+02
-195 170 -0.100100E+02
165 -190 -0.100100E+02
-195 -190 -0.100100E+02
165 180 -0.970888E+01
-195 180 -0.970888E+01
165 -180 -0.970888E+01
-195 -180 -0.970888E+01
180 -165 -0.949267E+01
-180 -165 -0.949267E+01
180 195 -0.949267E+01
180 -150 -0.938192E+01
-180 -150 -0.938192E+01
180 210 -0.938192E+01
180 -130 -0.942439E+01
-180 -130 -0.942439E+01
180 -115 -0.946904E+01
-180 -115 -0.946904E+01
180 -100 -0.953066E+01
-180 -100 -0.953066E+01
180 -085 -0.952996E+01
-180 -085 -0.952996E+01
180 -070 -0.930941E+01
-180 -070 -0.930941E+01
180 -055 -0.889885E+01
-180 -055 -0.889885E+01
180 -040 -0.848932E+01
-180 -040 -0.848932E+01
180 -025 -0.813765E+01
-180 -025 -0.813765E+01
180 -010 -0.780833E+01
-180 -010 -0.780833E+01
180 000 -0.770005E+01
-180 000 -0.770005E+01
180 015 -0.769278E+01
-180 015 -0.769278E+01
180 030 -0.787415E+01
-180 030 -0.787415E+01
180 070 -0.933215E+01
-180 070 -0.933215E+01
180 090 -0.101527E+02
-180 090 -0.101527E+02
180 110 -0.107028E+02
-180 110 -0.107028E+02
180 130 -0.109173E+02
-180 130 -0.109173E+02
180 145 -0.107970E+02
-180 145 -0.107970E+02
180 160 -0.104425E+02
-180 160 -0.104425E+02
180 -200 -0.104425E+02
-180 -200 -0.104425E+02
180 170 -0.101352E+02
-180 170 -0.101352E+02
180 -190 -0.101352E+02
-180 -190 -0.101352E+02
180 180 -0.983011E+01
-180 180 -0.983011E+01
180 -180 -0.983011E+01
-180 -180 -0.983011E+01
