PHI PSI J_10_21
-165 -165 0.366094E-01
195 -165 0.366094E-01
-165 195 0.366094E-01
195 195 0.366094E-01
-165 -150 0.460918E-01
195 -150 0.460918E-01
-165 210 0.460918E-01
195 210 0.460918E-01
-165 -130 0.474863E-01
195 -130 0.474863E-01
-165 -115 0.431359E-01
195 -115 0.431359E-01
-165 -100 0.387529E-01
195 -100 0.387529E-01
-165 -085 0.513661E-01
195 -085 0.513661E-01
-165 -070 0.642627E-01
195 -070 0.642627E-01
-165 -055 0.747758E-01
195 -055 0.747758E-01
-165 -040 0.850234E-01
195 -040 0.850234E-01
-165 -025 0.859382E-01
195 -025 0.859382E-01
-165 -010 0.140973E+00
195 -010 0.140973E+00
-165 000 0.143686E+00
195 000 0.143686E+00
-165 015 0.134215E+00
195 015 0.134215E+00
-165 030 0.106879E+00
195 030 0.106879E+00
-165 050 0.558505E-01
195 050 0.558505E-01
-165 070 0.189472E-01
195 070 0.189472E-01
-165 090 0.762694E-02
195 090 0.762694E-02
-165 110 0.434583E-02
195 110 0.434583E-02
-165 130 -0.563047E-03
195 130 -0.563047E-03
-165 145 0.787519E-03
195 145 0.787519E-03
-165 160 0.781312E-02
195 160 0.781312E-02
-165 -200 0.781312E-02
-165 170 0.153059E-01
195 170 0.153059E-01
-165 -190 0.153059E-01
-165 180 0.224892E-01
195 180 0.224892E-01
-165 -180 0.224892E-01
-150 -165 0.307693E-01
210 -165 0.307693E-01
-150 195 0.307693E-01
210 195 0.307693E-01
-150 -150 0.407348E-01
210 -150 0.407348E-01
-150 210 0.407348E-01
210 210 0.407348E-01
-150 -130 0.481700E-01
210 -130 0.481700E-01
-150 -115 0.507809E-01
210 -115 0.507809E-01
-150 -100 0.566244E-01
210 -100 0.566244E-01
-150 -085 0.696172E-01
210 -085 0.696172E-01
-150 -070 0.856650E-01
210 -070 0.856650E-01
-150 -055 0.100129E+00
210 -055 0.100129E+00
-150 -040 0.103813E+00
210 -040 0.103813E+00
-150 -025 0.981501E-01
210 -025 0.981501E-01
-150 -010 0.138713E+00
210 -010 0.138713E+00
-150 000 0.138915E+00
210 000 0.138915E+00
-150 015 0.121629E+00
210 015 0.121629E+00
-150 030 0.877370E-01
210 030 0.877370E-01
-150 050 0.387564E-01
210 050 0.387564E-01
-150 070 0.161774E-01
210 070 0.161774E-01
-150 090 0.128745E-01
210 090 0.128745E-01
-150 110 0.948253E-02
210 110 0.948253E-02
-150 130 0.273583E-02
210 130 0.273583E-02
-150 145 0.864255E-03
210 145 0.864255E-03
-150 160 0.482360E-02
210 160 0.482360E-02
-150 -200 0.482360E-02
-150 170 0.116521E-01
210 170 0.116521E-01
-150 -190 0.116521E-01
-125 -165 0.177726E-01
-125 195 0.177726E-01
-125 -150 0.306921E-01
-125 210 0.306921E-01
-125 -130 0.457545E-01
-125 -115 0.610812E-01
-125 -100 0.704397E-01
-125 -085 0.813355E-01
-125 -070 0.880134E-01
-125 -055 0.842177E-01
-125 -040 0.851677E-01
-125 -025 0.925457E-01
-125 -010 0.942663E-01
-125 000 0.859235E-01
-125 015 0.635055E-01
-125 030 0.409912E-01
-125 050 0.380351E-01
-125 070 0.643553E-01
-125 090 0.555594E-01
-125 110 0.355754E-01
-125 130 0.182147E-01
-125 145 0.105315E-01
-125 160 0.480329E-02
-125 -200 0.480329E-02
-125 170 0.491799E-02
-125 -190 0.491799E-02
-100 -165 0.343995E-01
-100 195 0.343995E-01
-100 -150 0.559058E-01
-100 210 0.559058E-01
-100 -130 0.927444E-01
-100 -115 0.102886E+00
-100 -100 0.963619E-01
-100 -085 0.877036E-01
-100 -070 0.694741E-01
-100 -055 0.466585E-01
-100 -040 0.370452E-01
-100 -025 0.368057E-01
-100 -010 0.291885E-01
-100 000 0.278178E-01
-100 015 0.372509E-01
-100 030 0.757047E-01
-100 050 0.322830E+00
-100 070 0.571436E+00
-100 090 0.281060E+00
-100 110 0.111420E+00
-100 130 0.521871E-01
-100 145 0.317854E-01
-100 160 0.206272E-01
-100 -200 0.206272E-01
-100 170 0.181320E-01
-100 -190 0.181320E-01
-085 -165 0.632284E-01
-085 195 0.632284E-01
-085 -150 0.978214E-01
-085 210 0.978214E-01
-085 -130 0.136346E+00
-085 -115 0.137819E+00
-085 -100 0.119872E+00
-085 -085 0.890198E-01
-085 -070 0.567573E-01
-085 -055 0.257634E-01
-085 -040 0.170329E-01
-085 -025 0.210119E-01
-085 -010 0.289022E-01
-085 000 0.453380E-01
-085 015 0.104647E+00
-085 030 0.307662E+00
-085 050 0.137349E+01
-085 070 0.167183E+01
-085 090 0.796800E+00
-085 110 0.210635E+00
-085 130 0.800478E-01
-085 145 0.483521E-01
-085 160 0.353637E-01
-085 -200 0.353637E-01
-085 170 0.337696E-01
-085 -190 0.337696E-01
-085 180 0.396240E-01
-085 -180 0.396240E-01
-070 -165 0.964281E-01
-070 195 0.964281E-01
-070 -150 0.148796E+00
-070 210 0.148796E+00
-070 -130 0.187505E+00
-070 -115 0.169427E+00
-070 -100 0.135034E+00
-070 -085 0.856622E-01
-070 -070 0.418600E-01
-070 -055 0.235124E-01
-070 -040 0.398802E-01
-070 -025 0.564227E-01
-070 -010 0.861194E-01
-070 000 0.145270E+00
-070 015 0.351980E+00
-070 030 0.119580E+01
-070 050 0.278074E+01
-070 070 0.281652E+01
-070 090 0.134234E+01
-070 110 0.343982E+00
-070 130 0.118538E+00
-070 145 0.588815E-01
-070 160 0.386915E-01
-070 -200 0.386915E-01
-070 170 0.418495E-01
-070 -190 0.418495E-01
-055 -165 0.131993E+00
-055 195 0.131993E+00
-055 -150 0.199470E+00
-055 210 0.199470E+00
-055 -130 0.226587E+00
-055 -115 0.194945E+00
-055 -100 0.130681E+00
-055 -085 0.695527E-01
-055 -070 0.416120E-01
-055 -055 0.689951E-01
-055 -040 0.975369E-01
-055 -025 0.137306E+00
-055 -010 0.232830E+00
-055 000 0.371403E+00
-055 015 0.125335E+01
-055 030 0.301557E+01
-055 050 0.419876E+01
-055 070 0.349515E+01
-055 090 0.152180E+01
-055 110 0.400552E+00
-055 130 0.125751E+00
-055 145 0.469459E-01
-055 160 0.249448E-01
-055 -200 0.249448E-01
-055 170 0.385737E-01
-055 -190 0.385737E-01
-055 180 0.667802E-01
-055 -180 0.667802E-01
-040 -165 0.173755E+00
-040 195 0.173755E+00
-040 -150 0.242970E+00
-040 210 0.242970E+00
-040 -130 0.247329E+00
-040 -115 0.185635E+00
-040 -100 0.971407E-01
-040 -085 0.621823E-01
-040 -070 0.972475E-01
-040 -055 0.122665E+00
-040 -040 0.185241E+00
-040 -025 0.277649E+00
-040 -010 0.540972E+00
-040 000 0.129915E+01
-040 015 0.368934E+01
-040 030 0.497503E+01
-040 050 0.520835E+01
-040 070 0.350359E+01
-040 090 0.113693E+01
-040 110 0.319096E+00
-040 130 0.774050E-01
-040 145 0.202533E-01
-040 160 0.514100E-02
-040 -200 0.514100E-02
-040 170 0.383278E-01
-040 -190 0.383278E-01
-040 180 0.866448E-01
-040 -180 0.866448E-01
-025 -165 0.223731E+00
-025 195 0.223731E+00
-025 -150 0.273035E+00
-025 210 0.273035E+00
-025 -130 0.138296E+00
-025 -115 0.622878E-01
-025 -100 0.577218E-01
-025 -085 0.113893E+00
-025 -070 0.163298E+00
-025 -055 0.193206E+00
-025 -040 0.291232E+00
-025 -025 0.300271E+00
-025 -010 0.309328E+01
-025 000 0.458928E+01
-025 015 0.606694E+01
-025 030 0.646539E+01
-025 050 0.525472E+01
-025 070 0.247842E+01
-025 090 0.496913E+00
-025 110 0.248599E+00
-025 130 0.273484E-01
-025 145 -0.263695E-01
-025 160 0.132771E-01
-025 -200 0.132771E-01
-025 170 0.645629E-01
-025 -190 0.645629E-01
-025 180 0.126523E+00
-025 -180 0.126523E+00
-010 -150 0.156474E+00
-010 210 0.156474E+00
-010 -130 0.521482E-01
-010 -115 0.317078E-01
-010 -100 0.104720E+00
-010 -085 0.196384E+00
-010 -070 0.205378E+00
-010 -055 0.265271E+00
-010 -040 0.585665E+00
-010 -025 0.371133E+01
-010 -010 0.574092E+01
-010 000 0.650409E+01
-010 015 0.689560E+01
-010 030 0.632026E+01
-010 050 0.396115E+01
-010 070 0.555940E+00
-010 090 0.369254E+00
-010 110 0.152702E+00
-010 130 -0.230166E-01
-010 145 -0.114796E-01
-010 160 0.621899E-01
-010 -200 0.621899E-01
-010 170 0.122733E+00
-010 -190 0.122733E+00
-010 180 0.187456E+00
-010 -180 0.187456E+00
000 -165 0.178193E+00
000 195 0.178193E+00
000 -150 0.985471E-01
000 210 0.985471E-01
000 -115 0.495675E-01
000 -100 0.158068E+00
000 -085 0.249448E+00
000 -070 0.258316E+00
000 -055 0.429681E+00
000 -040 0.297831E+01
000 -025 0.536750E+01
000 -010 0.658663E+01
000 000 0.697776E+01
000 015 0.674174E+01
000 030 0.552674E+01
000 050 0.195338E+01
000 070 0.451820E+00
000 090 0.311721E+00
000 110 0.802834E-01
000 130 -0.160138E-01
000 145 0.310553E-01
000 160 0.109152E+00
000 -200 0.109152E+00
000 170 0.172709E+00
000 -190 0.172709E+00
000 180 0.240235E+00
000 -180 0.240235E+00
015 -150 0.254275E-01
015 210 0.254275E-01
015 -130 0.179458E-01
015 -115 0.123892E+00
015 -100 0.233473E+00
015 -085 0.355352E+00
015 -070 0.505999E+00
015 -055 0.327094E+01
015 -040 0.480306E+01
015 -025 0.649435E+01
015 -010 0.686508E+01
015 000 0.661279E+01
015 015 0.539519E+01
015 030 0.317933E+01
015 070 0.364959E+00
015 090 0.197115E+00
015 110 0.269714E-01
015 130 0.392616E-01
015 145 0.106118E+00
015 160 0.246241E+00
015 -200 0.246241E+00
015 170 0.240795E+00
015 -190 0.240795E+00
015 180 0.184914E+00
015 -180 0.184914E+00
030 -150 0.132522E-01
030 210 0.132522E-01
030 -130 0.869968E-01
030 -115 0.225274E+00
030 -100 0.388606E+00
030 -085 0.106204E+01
030 -070 0.293936E+01
030 -055 0.468915E+01
030 -040 0.585998E+01
030 -025 0.619051E+01
030 -010 0.576791E+01
030 000 0.487039E+01
030 015 0.283439E+01
030 030 0.597739E+00
030 050 0.389334E+00
030 070 0.250324E+00
030 090 0.917132E-01
030 110 0.426859E-01
030 130 0.710201E-01
030 145 0.248698E+00
030 160 0.229168E+00
030 -200 0.229168E+00
030 170 0.228409E+00
030 -190 0.228409E+00
030 180 0.129540E+00
030 -180 0.129540E+00
050 -165 0.485807E-01
050 195 0.485807E-01
050 -150 0.513261E-01
050 210 0.513261E-01
050 -130 0.148267E+00
050 -115 0.317301E+00
050 -100 0.741684E+00
050 -085 0.195230E+01
050 -070 0.350820E+01
050 -055 0.453552E+01
050 -040 0.516865E+01
050 -025 0.330935E+01
050 -010 0.267210E+01
050 000 0.159357E+01
050 015 0.457905E+00
050 030 0.329451E+00
050 050 0.220078E+00
050 070 0.967600E-01
050 090 0.539901E-01
050 110 0.120260E+00
050 130 0.184773E+00
050 145 0.193667E+00
050 160 0.163968E+00
050 -200 0.163968E+00
050 170 0.127822E+00
050 -190 0.127822E+00
050 180 0.907339E-01
050 -180 0.907339E-01
070 -165 0.477734E-01
070 195 0.477734E-01
070 -150 0.571805E-01
070 210 0.571805E-01
070 -130 0.111999E+00
070 -115 0.210855E+00
070 -100 0.545379E+00
070 -085 0.155306E+01
070 -070 0.270828E+01
070 -055 0.318612E+01
070 -040 0.295547E+01
070 -025 0.191257E+01
070 -010 0.712167E+00
070 000 0.344332E+00
070 015 0.224142E+00
070 030 0.139736E+00
070 050 0.673832E-01
070 070 0.257747E-01
070 090 0.390455E-01
070 110 0.821040E-01
070 130 0.115461E+00
070 145 0.119238E+00
070 160 0.100791E+00
070 -200 0.100791E+00
070 170 0.812970E-01
070 -190 0.812970E-01
090 -165 0.394093E-01
090 195 0.394093E-01
090 -150 0.456597E-01
090 210 0.456597E-01
090 -130 0.689010E-01
090 -115 0.103818E+00
090 -100 0.209352E+00
090 -085 0.609564E+00
090 -070 0.125490E+01
090 -055 0.145638E+01
090 -040 0.955931E+00
090 -025 0.351269E+00
090 -010 0.164610E+00
090 000 0.103485E+00
090 015 0.593437E-01
090 030 0.269200E-01
090 050 0.524050E-02
090 070 0.103820E-02
090 090 0.582449E-02
090 110 0.260153E-01
090 130 0.398857E-01
090 145 0.509487E-01
090 160 0.460923E-01
090 -200 0.460923E-01
090 170 0.418857E-01
090 -190 0.418857E-01
090 180 0.392136E-01
090 -180 0.392136E-01
110 -165 0.323745E-01
110 195 0.323745E-01
110 -150 0.342166E-01
110 210 0.342166E-01
110 -130 0.390252E-01
110 -115 0.472735E-01
110 -100 0.638829E-01
110 -085 0.107769E+00
110 -070 0.167962E+00
110 -055 0.164515E+00
110 -040 0.963061E-01
110 -025 0.439030E-01
110 -010 0.227347E-01
110 000 0.164053E-01
110 015 0.595589E-02
110 030 -0.590898E-02
110 050 -0.140595E-01
110 070 -0.183129E-01
110 090 -0.217623E-01
110 110 -0.141397E-01
110 130 -0.209015E-02
110 145 0.488563E-02
110 160 0.113716E-01
110 -200 0.113716E-01
110 170 0.179523E-01
110 -190 0.179523E-01
110 180 0.252771E-01
110 -180 0.252771E-01
130 -165 0.364637E-01
130 195 0.364637E-01
130 -150 0.352507E-01
130 210 0.352507E-01
130 -130 0.248267E-01
130 -115 0.201111E-01
130 -100 0.190533E-01
130 -085 0.189926E-01
130 -070 0.123439E-01
130 -055 0.291254E-02
130 -040 -0.392236E-02
130 -010 0.568143E-02
130 000 0.726526E-02
130 015 0.262633E-02
130 030 -0.819010E-02
130 050 0.110204E-01
130 070 -0.156413E-01
130 090 -0.313795E-01
130 110 -0.271890E-01
130 130 -0.189848E-01
130 145 -0.101005E-01
130 160 0.274608E-02
130 -200 0.274608E-02
130 170 0.149533E-01
130 -190 0.149533E-01
130 180 0.254971E-01
130 -180 0.254971E-01
150 -165 0.402578E-01
-210 -165 0.402578E-01
150 195 0.402578E-01
150 -150 0.404218E-01
-210 -150 0.404218E-01
150 210 0.404218E-01
150 -130 0.254138E-01
-210 -130 0.254138E-01
150 -115 0.119584E-01
-210 -115 0.119584E-01
150 -100 0.217383E-02
-210 -100 0.217383E-02
150 -085 -0.571721E-02
-210 -085 -0.571721E-02
150 -070 -0.107199E-01
-210 -070 -0.107199E-01
150 -055 -0.798945E-02
-210 -055 -0.798945E-02
150 -040 0.329104E-02
-210 -040 0.329104E-02
150 -025 0.154235E-01
-210 -025 0.154235E-01
150 -010 0.226047E-01
-210 -010 0.226047E-01
150 000 0.235719E-01
-210 000 0.235719E-01
150 015 0.649786E-01
-210 015 0.649786E-01
150 030 0.715537E-01
-210 030 0.715537E-01
150 050 0.465996E-01
-210 050 0.465996E-01
150 070 0.303127E-02
-210 070 0.303127E-02
150 090 -0.214938E-01
-210 090 -0.214938E-01
150 110 -0.218584E-01
-210 110 -0.218584E-01
150 130 -0.158162E-01
-210 130 -0.158162E-01
150 145 -0.697346E-02
-210 145 -0.697346E-02
150 160 0.457893E-02
-210 160 0.457893E-02
150 -200 0.457893E-02
-210 -200 0.457893E-02
150 170 0.154071E-01
-210 170 0.154071E-01
150 -190 0.154071E-01
-210 -190 0.154071E-01
150 180 0.276226E-01
-210 180 0.276226E-01
150 -180 0.276226E-01
-210 -180 0.276226E-01
165 -165 0.398394E-01
-195 -165 0.398394E-01
165 195 0.398394E-01
165 -150 0.442764E-01
-195 -150 0.442764E-01
165 210 0.442764E-01
165 -130 0.317917E-01
-195 -130 0.317917E-01
165 -115 0.173268E-01
-195 -115 0.173268E-01
165 -100 0.384564E-02
-195 -100 0.384564E-02
165 -085 -0.345068E-02
-195 -085 -0.345068E-02
165 -070 -0.142438E-02
-195 -070 -0.142438E-02
165 -055 0.954638E-02
-195 -055 0.954638E-02
165 -040 0.234347E-01
-195 -040 0.234347E-01
165 -025 0.343536E-01
-195 -025 0.343536E-01
165 -010 0.684944E-01
-195 -010 0.684944E-01
165 000 0.906777E-01
-195 000 0.906777E-01
165 015 0.105290E+00
-195 015 0.105290E+00
165 030 0.989561E-01
-195 030 0.989561E-01
165 050 0.618225E-01
-195 050 0.618225E-01
165 070 0.190951E-01
-195 070 0.190951E-01
165 090 -0.257636E-02
-195 090 -0.257636E-02
165 110 -0.103484E-01
-195 110 -0.103484E-01
165 130 -0.893148E-02
-195 130 -0.893148E-02
165 145 -0.324945E-02
-195 145 -0.324945E-02
165 160 0.765259E-02
-195 160 0.765259E-02
165 -200 0.765259E-02
-195 -200 0.765259E-02
165 170 0.165986E-01
-195 170 0.165986E-01
165 -190 0.165986E-01
-195 -190 0.165986E-01
165 180 0.273646E-01
-195 180 0.273646E-01
165 -180 0.273646E-01
-195 -180 0.273646E-01
180 -165 0.383600E-01
-180 -165 0.383600E-01
180 195 0.383600E-01
180 -150 0.450130E-01
-180 -150 0.450130E-01
180 210 0.450130E-01
180 -130 0.401784E-01
-180 -130 0.401784E-01
180 -115 0.291462E-01
-180 -115 0.291462E-01
180 -100 0.181777E-01
-180 -100 0.181777E-01
180 -085 0.183499E-01
-180 -085 0.183499E-01
180 -070 0.286167E-01
-180 -070 0.286167E-01
180 -055 0.384705E-01
-180 -055 0.384705E-01
180 -040 0.520538E-01
-180 -040 0.520538E-01
180 -025 0.611354E-01
-180 -025 0.611354E-01
180 -010 0.117617E+00
-180 -010 0.117617E+00
180 000 0.130057E+00
-180 000 0.130057E+00
180 015 0.129471E+00
-180 015 0.129471E+00
180 030 0.109653E+00
-180 030 0.109653E+00
180 070 0.239877E-01
-180 070 0.239877E-01
180 090 0.546160E-02
-180 090 0.546160E-02
180 110 -0.136676E-02
-180 110 -0.136676E-02
180 130 -0.352553E-02
-180 130 -0.352553E-02
180 145 -0.113483E-03
-180 145 -0.113483E-03
180 160 0.886340E-02
-180 160 0.886340E-02
180 -200 0.886340E-02
-180 -200 0.886340E-02
180 170 0.165220E-01
-180 170 0.165220E-01
180 -190 0.165220E-01
-180 -190 0.165220E-01
180 180 0.262986E-01
-180 180 0.262986E-01
180 -180 0.262986E-01
-180 -180 0.262986E-01
