PHI PSI J_11_16
-165 -165 -0.725806E+00
195 -165 -0.725806E+00
-165 195 -0.725806E+00
195 195 -0.725806E+00
-165 -150 -0.770267E+00
195 -150 -0.770267E+00
-165 210 -0.770267E+00
195 210 -0.770267E+00
-165 -130 -0.773634E+00
195 -130 -0.773634E+00
-165 -115 -0.776385E+00
195 -115 -0.776385E+00
-165 -100 -0.746721E+00
195 -100 -0.746721E+00
-165 -085 -0.800371E+00
195 -085 -0.800371E+00
-165 -070 -0.898156E+00
195 -070 -0.898156E+00
-165 -055 -0.888531E+00
195 -055 -0.888531E+00
-165 -040 -0.895840E+00
195 -040 -0.895840E+00
-165 -025 -0.893199E+00
195 -025 -0.893199E+00
-165 -010 -0.208717E+01
195 -010 -0.208717E+01
-165 000 -0.199626E+01
195 000 -0.199626E+01
-165 015 -0.182783E+01
195 015 -0.182783E+01
-165 030 -0.170249E+01
195 030 -0.170249E+01
-165 050 -0.161442E+01
195 050 -0.161442E+01
-165 070 -0.149436E+01
195 070 -0.149436E+01
-165 090 -0.124627E+01
195 090 -0.124627E+01
-165 110 -0.100202E+01
195 110 -0.100202E+01
-165 130 -0.907884E+00
195 130 -0.907884E+00
-165 145 -0.834920E+00
195 145 -0.834920E+00
-165 160 -0.757361E+00
195 160 -0.757361E+00
-165 -200 -0.757361E+00
-165 170 -0.716151E+00
195 170 -0.716151E+00
-165 -190 -0.716151E+00
-165 180 -0.672992E+00
195 180 -0.672992E+00
-165 -180 -0.672992E+00
-150 -165 -0.581894E+00
210 -165 -0.581894E+00
-150 195 -0.581894E+00
210 195 -0.581894E+00
-150 -150 -0.614267E+00
210 -150 -0.614267E+00
-150 210 -0.614267E+00
210 210 -0.614267E+00
-150 -130 -0.601591E+00
210 -130 -0.601591E+00
-150 -115 -0.541117E+00
210 -115 -0.541117E+00
-150 -100 -0.647469E+00
210 -100 -0.647469E+00
-150 -085 -0.782179E+00
210 -085 -0.782179E+00
-150 -070 -0.782450E+00
210 -070 -0.782450E+00
-150 -055 -0.643409E+00
210 -055 -0.643409E+00
-150 -040 -0.528223E+00
210 -040 -0.528223E+00
-150 -025 -0.464653E+00
210 -025 -0.464653E+00
-150 -010 -0.225903E+01
210 -010 -0.225903E+01
-150 000 -0.211062E+01
210 000 -0.211062E+01
-150 015 -0.196857E+01
210 015 -0.196857E+01
-150 030 -0.184037E+01
210 030 -0.184037E+01
-150 050 -0.164472E+01
210 050 -0.164472E+01
-150 070 -0.143969E+01
210 070 -0.143969E+01
-150 090 -0.111500E+01
210 090 -0.111500E+01
-150 110 -0.814837E+00
210 110 -0.814837E+00
-150 130 -0.680223E+00
210 130 -0.680223E+00
-150 145 -0.608175E+00
210 145 -0.608175E+00
-150 160 -0.552342E+00
210 160 -0.552342E+00
-150 -200 -0.552342E+00
-150 170 -0.541627E+00
210 170 -0.541627E+00
-150 -190 -0.541627E+00
-125 -165 -0.335309E-01
-125 195 -0.335309E-01
-125 -150 -0.449860E-01
-125 210 -0.449860E-01
-125 -130 -0.107639E+00
-125 -115 -0.190204E+00
-125 -100 -0.275783E+00
-125 -085 -0.312326E+00
-125 -070 -0.377018E+00
-125 -055 -0.130744E+01
-125 -040 -0.216722E+01
-125 -025 -0.210747E+01
-125 -010 -0.198282E+01
-125 000 -0.187556E+01
-125 015 -0.167310E+01
-125 030 -0.144920E+01
-125 050 -0.115715E+01
-125 070 -0.920057E+00
-125 090 -0.532070E+00
-125 110 -0.208608E+00
-125 130 -0.691653E-01
-125 145 -0.437422E-01
-125 160 -0.143367E-01
-125 -200 -0.143367E-01
-125 170 -0.409923E-01
-125 -190 -0.409923E-01
-100 -165 0.372644E+00
-100 195 0.372644E+00
-100 -150 0.332724E+00
-100 210 0.332724E+00
-100 -130 0.347842E+00
-100 -115 0.416636E+00
-100 -100 0.450823E+00
-100 -085 0.275163E+00
-100 -070 -0.774906E-01
-100 -055 -0.119465E+01
-100 -040 -0.152107E+01
-100 -025 -0.146061E+01
-100 -010 -0.144293E+01
-100 000 -0.125060E+01
-100 015 -0.843203E+00
-100 030 -0.480790E+00
-100 050 -0.478230E+00
-100 070 -0.499894E+00
-100 090 0.108835E-01
-100 110 0.381842E+00
-100 130 0.488643E+00
-100 145 0.475437E+00
-100 160 0.453346E+00
-100 -200 0.453346E+00
-100 170 0.441183E+00
-100 -190 0.441183E+00
-085 -165 0.503591E+00
-085 195 0.503591E+00
-085 -150 0.568048E+00
-085 210 0.568048E+00
-085 -130 0.716115E+00
-085 -115 0.829524E+00
-085 -100 0.786598E+00
-085 -085 0.595841E+00
-085 -070 0.670838E-01
-085 -055 -0.894733E+00
-085 -040 -0.122901E+01
-085 -025 -0.128236E+01
-085 -010 -0.955345E+00
-085 000 -0.647555E+00
-085 015 -0.174171E+00
-085 030 0.349457E-01
-085 050 -0.136735E+00
-085 070 -0.670732E-01
-085 090 0.269431E+00
-085 110 0.554576E+00
-085 130 0.627534E+00
-085 145 0.605007E+00
-085 160 0.562346E+00
-085 -200 0.562346E+00
-085 170 0.532887E+00
-085 -190 0.532887E+00
-085 180 0.503556E+00
-085 -180 0.503556E+00
-070 -165 0.641846E+00
-070 195 0.641846E+00
-070 -150 0.775109E+00
-070 210 0.775109E+00
-070 -130 0.991466E+00
-070 -115 0.109218E+01
-070 -100 0.100272E+01
-070 -085 0.754428E+00
-070 -070 0.576265E-01
-070 -055 -0.769715E+00
-070 -040 -0.112291E+01
-070 -025 -0.751637E+00
-070 -010 -0.192600E+00
-070 000 0.112920E+00
-070 015 0.432580E+00
-070 030 0.507946E+00
-070 050 0.472379E+00
-070 070 0.467897E+00
-070 090 0.605941E+00
-070 110 0.695695E+00
-070 130 0.691383E+00
-070 145 0.628386E+00
-070 160 0.590671E+00
-070 -200 0.590671E+00
-070 170 0.584193E+00
-070 -190 0.584193E+00
-055 -165 0.791802E+00
-055 195 0.791802E+00
-055 -150 0.971082E+00
-055 210 0.971082E+00
-055 -130 0.118876E+01
-055 -115 0.117605E+01
-055 -100 0.100238E+01
-055 -085 0.585582E+00
-055 -070 -0.297268E+00
-055 -055 -0.747510E+00
-055 -040 -0.508833E+00
-055 -025 -0.116124E-01
-055 -010 0.489156E+00
-055 000 0.707065E+00
-055 015 0.842758E+00
-055 030 0.759978E+00
-055 050 0.756761E+00
-055 070 0.722794E+00
-055 090 0.789284E+00
-055 110 0.754169E+00
-055 130 0.689589E+00
-055 145 0.626039E+00
-055 160 0.630439E+00
-055 -200 0.630439E+00
-055 170 0.656850E+00
-055 -190 0.656850E+00
-055 180 0.711790E+00
-055 -180 0.711790E+00
-040 -165 0.932812E+00
-040 195 0.932812E+00
-040 -150 0.110291E+01
-040 210 0.110291E+01
-040 -130 0.121706E+01
-040 -115 0.101124E+01
-040 -100 0.457035E+00
-040 -085 -0.518087E+00
-040 -070 -0.533578E+00
-040 -055 -0.292448E+00
-040 -040 0.128051E+00
-040 -025 0.568632E+00
-040 -010 0.873753E+00
-040 000 0.915551E+00
-040 015 0.634120E+00
-040 030 0.650725E+00
-040 050 0.674421E+00
-040 070 0.760758E+00
-040 090 0.785516E+00
-040 110 0.641385E+00
-040 130 0.574901E+00
-040 145 0.637875E+00
-040 160 0.665991E+00
-040 -200 0.665991E+00
-040 170 0.720986E+00
-040 -190 0.720986E+00
-040 180 0.783304E+00
-040 -180 0.783304E+00
-025 -165 0.987003E+00
-025 195 0.987003E+00
-025 -150 0.108699E+01
-025 210 0.108699E+01
-025 -130 -0.683305E+00
-025 -115 -0.636936E+00
-025 -100 -0.632814E+00
-025 -085 -0.548552E+00
-025 -070 -0.328332E+00
-025 -055 0.492790E-01
-025 -040 0.448680E+00
-025 -025 0.894121E+00
-025 -010 0.369818E+00
-025 000 0.253816E+00
-025 015 0.122233E+00
-025 030 0.168584E+00
-025 050 0.317274E+00
-025 070 0.451038E+00
-025 090 0.277118E+00
-025 110 0.367593E+00
-025 130 0.469031E+00
-025 145 0.568349E+00
-025 160 0.660403E+00
-025 -200 0.660403E+00
-025 170 0.726770E+00
-025 -190 0.726770E+00
-025 180 0.810890E+00
-025 -180 0.810890E+00
-010 -150 -0.121064E+00
-010 210 -0.121064E+00
-010 -130 -0.154103E+00
-010 -115 -0.198029E+00
-010 -100 -0.240246E+00
-010 -085 -0.269506E+00
-010 -070 -0.543466E-01
-010 -055 0.268360E+00
-010 -040 0.492613E+00
-010 -025 0.132769E+00
-010 -010 0.571399E-01
-010 000 0.225371E-01
-010 015 0.198164E-02
-010 030 0.366228E-01
-010 050 0.873835E-01
-010 070 0.119686E-01
-010 090 0.667229E-01
-010 110 0.256427E+00
-010 130 0.341788E+00
-010 145 0.408482E+00
-010 160 0.519860E+00
-010 -200 0.519860E+00
-010 170 0.595028E+00
-010 -190 0.595028E+00
-010 180 0.684628E+00
-010 -180 0.684628E+00
000 -165 0.220013E+00
000 195 0.220013E+00
000 -150 0.173195E+00
000 210 0.173195E+00
000 -115 0.790339E-01
000 -100 -0.586637E-01
000 -085 -0.124868E+00
000 -070 0.190717E-01
000 -055 0.245095E+00
000 -040 0.104937E+00
000 -025 0.379134E-01
000 -010 0.217680E-01
000 000 0.140525E-01
000 015 0.237974E-01
000 030 0.545910E-01
000 050 0.818015E-01
000 070 0.864097E-01
000 090 0.411913E-01
000 110 0.154257E+00
000 130 0.211800E+00
000 145 0.265820E+00
000 160 0.359632E+00
000 -200 0.359632E+00
000 170 0.386909E+00
000 -190 0.386909E+00
000 180 0.102236E+00
000 -180 0.102236E+00
015 -150 0.493710E+00
015 210 0.493710E+00
015 -130 0.415467E+00
015 -115 0.307679E+00
015 -100 0.986091E-01
015 -085 -0.963703E-02
015 -070 0.103936E-01
015 -055 0.129383E+00
015 -040 0.772379E-01
015 -025 0.929196E-01
015 -010 0.716315E-01
015 000 0.949130E-01
015 015 0.156972E+00
015 030 0.203664E+00
015 070 0.629078E-01
015 090 -0.804112E-01
015 110 -0.669188E-01
015 130 -0.636334E-01
015 145 -0.587202E-01
015 160 0.569968E+00
015 -200 0.569968E+00
015 170 0.754030E+00
015 -190 0.754030E+00
015 180 0.691022E+00
015 -180 0.691022E+00
030 -150 0.631753E+00
030 210 0.631753E+00
030 -130 0.585922E+00
030 -115 0.488181E+00
030 -100 0.320723E+00
030 -085 0.528709E+00
030 -070 0.524273E+00
030 -055 0.461035E+00
030 -040 0.235032E+00
030 -025 0.309100E+00
030 -010 0.239936E+00
030 000 0.268307E+00
030 015 0.336017E+00
030 030 0.493079E+00
030 050 0.187007E+00
030 070 -0.150631E+00
030 090 -0.328576E+00
030 110 -0.368839E+00
030 130 -0.407701E+00
030 145 0.970091E+00
030 160 0.951696E+00
030 -200 0.951696E+00
030 170 0.758274E+00
030 -190 0.758274E+00
030 180 0.749881E+00
030 -180 0.749881E+00
050 -165 0.648809E+00
050 195 0.648809E+00
050 -150 0.672206E+00
050 210 0.672206E+00
050 -130 0.684023E+00
050 -115 0.769351E+00
050 -100 0.830106E+00
050 -085 0.734243E+00
050 -070 0.661614E+00
050 -055 0.632064E+00
050 -040 0.580578E+00
050 -025 0.965552E+00
050 -010 0.411201E+00
050 000 0.352052E+00
050 015 0.396831E+00
050 030 0.345553E-01
050 050 -0.370400E+00
050 070 -0.525598E+00
050 090 0.113521E+00
050 110 0.813763E+00
050 130 0.986111E+00
050 145 0.926417E+00
050 160 0.793683E+00
050 -200 0.793683E+00
050 170 0.713589E+00
050 -190 0.713589E+00
050 180 0.687126E+00
050 -180 0.687126E+00
070 -165 0.509097E+00
070 195 0.509097E+00
070 -150 0.563277E+00
070 210 0.563277E+00
070 -130 0.613854E+00
070 -115 0.626127E+00
070 -100 0.520972E+00
070 -085 0.298060E+00
070 -070 0.110960E+00
070 -055 0.101193E-01
070 -040 -0.166000E+00
070 -025 -0.273945E+00
070 -010 -0.344209E+00
070 000 -0.338057E+00
070 015 -0.702890E+00
070 030 -0.992921E+00
070 050 -0.112628E+01
070 070 -0.841128E+00
070 090 0.418977E+00
070 110 0.664537E+00
070 130 0.701179E+00
070 145 0.608182E+00
070 160 0.521567E+00
070 -200 0.521567E+00
070 170 0.477556E+00
070 -190 0.477556E+00
090 -165 0.415995E+00
090 195 0.415995E+00
090 -150 0.429444E+00
090 210 0.429444E+00
090 -130 0.525602E+00
090 -115 0.419294E+00
090 -100 0.791664E-01
090 -085 -0.489910E+00
090 -070 -0.941172E+00
090 -055 -0.119152E+01
090 -040 -0.122775E+01
090 -025 -0.109030E+01
090 -010 -0.120536E+01
090 000 -0.132255E+01
090 015 -0.162622E+01
090 030 -0.172258E+01
090 050 -0.173153E+01
090 070 -0.546550E+00
090 090 0.192087E+00
090 110 0.272899E+00
090 130 0.264434E+00
090 145 0.115421E+00
090 160 0.139197E+00
090 -200 0.139197E+00
090 170 0.180477E+00
090 -190 0.180477E+00
090 180 0.270276E+00
090 -180 0.270276E+00
110 -165 0.249441E+00
110 195 0.249441E+00
110 -150 0.262952E+00
110 210 0.262952E+00
110 -130 0.233251E+00
110 -115 0.190578E+00
110 -100 -0.984604E-01
110 -085 -0.601591E+00
110 -070 -0.112072E+01
110 -055 -0.139062E+01
110 -040 -0.147299E+01
110 -025 -0.155786E+01
110 -010 -0.178746E+01
110 000 -0.196158E+01
110 015 -0.210106E+01
110 030 -0.221742E+01
110 050 -0.189649E+01
110 070 -0.150535E-01
110 090 -0.219828E-01
110 110 -0.100555E+00
110 130 -0.152406E+00
110 145 -0.914701E-01
110 160 0.691518E-01
110 -200 0.691518E-01
110 170 0.216430E+00
110 -190 0.216430E+00
110 180 0.236851E+00
110 -180 0.236851E+00
130 -165 0.761820E-02
130 195 0.761820E-02
130 -150 -0.252554E-01
130 210 -0.252554E-01
130 -130 -0.785803E-01
130 -115 -0.190022E+00
130 -100 -0.394821E+00
130 -085 -0.812370E+00
130 -070 -0.115297E+01
130 -055 -0.148931E+01
130 -040 -0.159197E+01
130 -010 -0.198079E+01
130 000 -0.207798E+01
130 015 -0.225892E+01
130 030 -0.240517E+01
130 050 0.185745E+00
130 070 -0.736292E-02
130 090 -0.165783E+00
130 110 -0.262488E+00
130 130 0.205774E-01
130 145 0.986375E-01
130 160 0.600646E-01
130 -200 0.600646E-01
130 170 0.554244E-01
130 -190 0.554244E-01
130 180 0.457037E-01
130 -180 0.457037E-01
150 -165 -0.361013E+00
-210 -165 -0.361013E+00
150 195 -0.361013E+00
150 -150 -0.393056E+00
-210 -150 -0.393056E+00
150 210 -0.393056E+00
150 -130 -0.428688E+00
-210 -130 -0.428688E+00
150 -115 -0.529463E+00
-210 -115 -0.529463E+00
150 -100 -0.698664E+00
-210 -100 -0.698664E+00
150 -085 -0.962254E+00
-210 -085 -0.962254E+00
150 -070 -0.120542E+01
-210 -070 -0.120542E+01
150 -055 -0.136599E+01
-210 -055 -0.136599E+01
150 -040 -0.145402E+01
-210 -040 -0.145402E+01
150 -025 -0.157348E+01
-210 -025 -0.157348E+01
150 -010 -0.177850E+01
-210 -010 -0.177850E+01
150 000 -0.190266E+01
-210 000 -0.190266E+01
150 015 -0.173881E+00
-210 015 -0.173881E+00
150 030 -0.195311E+00
-210 030 -0.195311E+00
150 050 -0.237971E+00
-210 050 -0.237971E+00
150 070 -0.269466E+00
-210 070 -0.269466E+00
150 090 -0.253438E+00
-210 090 -0.253438E+00
150 110 -0.310544E+00
-210 110 -0.310544E+00
150 130 -0.427082E+00
-210 130 -0.427082E+00
150 145 -0.475407E+00
-210 145 -0.475407E+00
150 160 -0.446422E+00
-210 160 -0.446422E+00
150 -200 -0.446422E+00
-210 -200 -0.446422E+00
150 170 -0.412815E+00
-210 170 -0.412815E+00
150 -190 -0.412815E+00
-210 -190 -0.412815E+00
150 180 -0.370777E+00
-210 180 -0.370777E+00
150 -180 -0.370777E+00
-210 -180 -0.370777E+00
165 -165 -0.591329E+00
-195 -165 -0.591329E+00
165 195 -0.591329E+00
165 -150 -0.596473E+00
-195 -150 -0.596473E+00
165 210 -0.596473E+00
165 -130 -0.630781E+00
-195 -130 -0.630781E+00
165 -115 -0.707006E+00
-195 -115 -0.707006E+00
165 -100 -0.848446E+00
-195 -100 -0.848446E+00
165 -085 -0.963679E+00
-195 -085 -0.963679E+00
165 -070 -0.106121E+01
-195 -070 -0.106121E+01
165 -055 -0.112168E+01
-195 -055 -0.112168E+01
165 -040 -0.124819E+01
-195 -040 -0.124819E+01
165 -025 -0.138493E+01
-195 -025 -0.138493E+01
165 -010 -0.965430E+00
-195 -010 -0.965430E+00
165 000 -0.962293E+00
-195 000 -0.962293E+00
165 015 -0.897365E+00
-195 015 -0.897365E+00
165 030 -0.856049E+00
-195 030 -0.856049E+00
165 050 -0.771179E+00
-195 050 -0.771179E+00
165 070 -0.669479E+00
-195 070 -0.669479E+00
165 090 -0.749974E+00
-195 090 -0.749974E+00
165 110 -0.781609E+00
-195 110 -0.781609E+00
165 130 -0.807308E+00
-195 130 -0.807308E+00
165 145 -0.784296E+00
-195 145 -0.784296E+00
165 160 -0.724842E+00
-195 160 -0.724842E+00
165 -200 -0.724842E+00
-195 -200 -0.724842E+00
165 170 -0.672236E+00
-195 170 -0.672236E+00
165 -190 -0.672236E+00
-195 -190 -0.672236E+00
165 180 -0.615462E+00
-195 180 -0.615462E+00
165 -180 -0.615462E+00
-195 -180 -0.615462E+00
180 -165 -0.715335E+00
-180 -165 -0.715335E+00
180 195 -0.715335E+00
180 -150 -0.738747E+00
-180 -150 -0.738747E+00
180 210 -0.738747E+00
180 -130 -0.772837E+00
-180 -130 -0.772837E+00
180 -115 -0.809811E+00
-180 -115 -0.809811E+00
180 -100 -0.873116E+00
-180 -100 -0.873116E+00
180 -085 -0.781819E+00
-180 -085 -0.781819E+00
180 -070 -0.881362E+00
-180 -070 -0.881362E+00
180 -055 -0.101334E+01
-180 -055 -0.101334E+01
180 -040 -0.111398E+01
-180 -040 -0.111398E+01
180 -025 -0.118021E+01
-180 -025 -0.118021E+01
180 -010 -0.166527E+01
-180 -010 -0.166527E+01
180 000 -0.159944E+01
-180 000 -0.159944E+01
180 015 -0.147009E+01
-180 015 -0.147009E+01
180 030 -0.137332E+01
-180 030 -0.137332E+01
180 070 -0.124767E+01
-180 070 -0.124767E+01
180 090 -0.112985E+01
-180 090 -0.112985E+01
180 110 -0.102885E+01
-180 110 -0.102885E+01
180 130 -0.971102E+00
-180 130 -0.971102E+00
180 145 -0.913878E+00
-180 145 -0.913878E+00
180 160 -0.827190E+00
-180 160 -0.827190E+00
180 -200 -0.827190E+00
-180 -200 -0.827190E+00
180 170 -0.765227E+00
-180 170 -0.765227E+00
180 -190 -0.765227E+00
-180 -190 -0.765227E+00
180 180 -0.722062E+00
-180 180 -0.722062E+00
180 -180 -0.722062E+00
-180 -180 -0.722062E+00
