PHI PSI J_21_22
-165 -165 -0.886465E+02
195 -165 -0.886465E+02
-165 195 -0.886465E+02
195 195 -0.886465E+02
-165 -150 -0.889056E+02
195 -150 -0.889056E+02
-165 210 -0.889056E+02
195 210 -0.889056E+02
-165 -130 -0.890152E+02
195 -130 -0.890152E+02
-165 -115 -0.888247E+02
195 -115 -0.888247E+02
-165 -100 -0.884798E+02
195 -100 -0.884798E+02
-165 -085 -0.875870E+02
195 -085 -0.875870E+02
-165 -070 -0.869495E+02
195 -070 -0.869495E+02
-165 -055 -0.866462E+02
195 -055 -0.866462E+02
-165 -040 -0.864118E+02
195 -040 -0.864118E+02
-165 -025 -0.858221E+02
195 -025 -0.858221E+02
-165 -010 -0.824631E+02
195 -010 -0.824631E+02
-165 000 -0.839694E+02
195 000 -0.839694E+02
-165 015 -0.855902E+02
195 015 -0.855902E+02
-165 030 -0.872050E+02
195 030 -0.872050E+02
-165 050 -0.881045E+02
195 050 -0.881045E+02
-165 070 -0.883133E+02
195 070 -0.883133E+02
-165 090 -0.885402E+02
195 090 -0.885402E+02
-165 110 -0.884672E+02
195 110 -0.884672E+02
-165 130 -0.882000E+02
195 130 -0.882000E+02
-165 145 -0.880831E+02
195 145 -0.880831E+02
-165 160 -0.879117E+02
195 160 -0.879117E+02
-165 -200 -0.879117E+02
-165 170 -0.879680E+02
195 170 -0.879680E+02
-165 -190 -0.879680E+02
-165 180 -0.883961E+02
195 180 -0.883961E+02
-165 -180 -0.883961E+02
-150 -165 -0.885862E+02
210 -165 -0.885862E+02
-150 195 -0.885862E+02
210 195 -0.885862E+02
-150 -150 -0.888491E+02
210 -150 -0.888491E+02
-150 210 -0.888491E+02
210 210 -0.888491E+02
-150 -130 -0.888964E+02
210 -130 -0.888964E+02
-150 -115 -0.886011E+02
210 -115 -0.886011E+02
-150 -100 -0.879543E+02
210 -100 -0.879543E+02
-150 -085 -0.872929E+02
210 -085 -0.872929E+02
-150 -070 -0.866561E+02
210 -070 -0.866561E+02
-150 -055 -0.861033E+02
210 -055 -0.861033E+02
-150 -040 -0.856284E+02
210 -040 -0.856284E+02
-150 -025 -0.840315E+02
210 -025 -0.840315E+02
-150 -010 -0.838884E+02
210 -010 -0.838884E+02
-150 000 -0.846669E+02
210 000 -0.846669E+02
-150 015 -0.867163E+02
210 015 -0.867163E+02
-150 030 -0.879568E+02
210 030 -0.879568E+02
-150 050 -0.884107E+02
210 050 -0.884107E+02
-150 070 -0.884095E+02
210 070 -0.884095E+02
-150 090 -0.885332E+02
210 090 -0.885332E+02
-150 110 -0.885533E+02
210 110 -0.885533E+02
-150 130 -0.883451E+02
210 130 -0.883451E+02
-150 145 -0.881359E+02
210 145 -0.881359E+02
-150 160 -0.879272E+02
210 160 -0.879272E+02
-150 -200 -0.879272E+02
-150 170 -0.880934E+02
210 170 -0.880934E+02
-150 -190 -0.880934E+02
-125 -165 -0.884125E+02
-125 195 -0.884125E+02
-125 -150 -0.885278E+02
-125 210 -0.885278E+02
-125 -130 -0.883972E+02
-125 -115 -0.881274E+02
-125 -100 -0.875988E+02
-125 -085 -0.869990E+02
-125 -070 -0.862985E+02
-125 -055 -0.851160E+02
-125 -040 -0.831263E+02
-125 -025 -0.837571E+02
-125 -010 -0.854820E+02
-125 000 -0.864322E+02
-125 015 -0.879190E+02
-125 030 -0.885177E+02
-125 050 -0.885016E+02
-125 070 -0.886642E+02
-125 090 -0.888253E+02
-125 110 -0.888223E+02
-125 130 -0.885574E+02
-125 145 -0.881805E+02
-125 160 -0.881682E+02
-125 -200 -0.881682E+02
-125 170 -0.880158E+02
-125 -190 -0.880158E+02
-100 -165 -0.881053E+02
-100 195 -0.881053E+02
-100 -150 -0.881120E+02
-100 210 -0.881120E+02
-100 -130 -0.881641E+02
-100 -115 -0.879278E+02
-100 -100 -0.874141E+02
-100 -085 -0.868560E+02
-100 -070 -0.857423E+02
-100 -055 -0.831918E+02
-100 -040 -0.835342E+02
-100 -025 -0.850951E+02
-100 -010 -0.868168E+02
-100 000 -0.877117E+02
-100 015 -0.882939E+02
-100 030 -0.885355E+02
-100 050 -0.890359E+02
-100 070 -0.898349E+02
-100 090 -0.897724E+02
-100 110 -0.893877E+02
-100 130 -0.886164E+02
-100 145 -0.885033E+02
-100 160 -0.881118E+02
-100 -200 -0.881118E+02
-100 170 -0.879927E+02
-100 -190 -0.879927E+02
-085 -165 -0.879733E+02
-085 195 -0.879733E+02
-085 -150 -0.881748E+02
-085 210 -0.881748E+02
-085 -130 -0.880953E+02
-085 -115 -0.878445E+02
-085 -100 -0.873381E+02
-085 -085 -0.865258E+02
-085 -070 -0.846803E+02
-085 -055 -0.829408E+02
-085 -040 -0.838748E+02
-085 -025 -0.859705E+02
-085 -010 -0.871312E+02
-085 000 -0.879420E+02
-085 015 -0.883434E+02
-085 030 -0.884554E+02
-085 050 -0.894939E+02
-085 070 -0.904399E+02
-085 090 -0.898653E+02
-085 110 -0.896703E+02
-085 130 -0.890338E+02
-085 145 -0.885346E+02
-085 160 -0.879815E+02
-085 -200 -0.879815E+02
-085 170 -0.877674E+02
-085 -190 -0.877674E+02
-085 180 -0.877559E+02
-085 -180 -0.877559E+02
-070 -165 -0.878808E+02
-070 195 -0.878808E+02
-070 -150 -0.881533E+02
-070 210 -0.881533E+02
-070 -130 -0.880272E+02
-070 -115 -0.876826E+02
-070 -100 -0.870173E+02
-070 -085 -0.860035E+02
-070 -070 -0.839714E+02
-070 -055 -0.828747E+02
-070 -040 -0.840252E+02
-070 -025 -0.860933E+02
-070 -010 -0.875529E+02
-070 000 -0.880934E+02
-070 015 -0.880397E+02
-070 030 -0.883092E+02
-070 050 -0.896267E+02
-070 070 -0.904785E+02
-070 090 -0.897642E+02
-070 110 -0.895387E+02
-070 130 -0.890599E+02
-070 145 -0.884305E+02
-070 160 -0.878712E+02
-070 -200 -0.878712E+02
-070 170 -0.876732E+02
-070 -190 -0.876732E+02
-055 -165 -0.877161E+02
-055 195 -0.877161E+02
-055 -150 -0.879765E+02
-055 210 -0.879765E+02
-055 -130 -0.878401E+02
-055 -115 -0.872176E+02
-055 -100 -0.864285E+02
-055 -085 -0.845708E+02
-055 -070 -0.824214E+02
-055 -055 -0.817605E+02
-055 -040 -0.837831E+02
-055 -025 -0.864757E+02
-055 -010 -0.878339E+02
-055 000 -0.880345E+02
-055 015 -0.879118E+02
-055 030 -0.885389E+02
-055 050 -0.898245E+02
-055 070 -0.898777E+02
-055 090 -0.891140E+02
-055 110 -0.890814E+02
-055 130 -0.885413E+02
-055 145 -0.881631E+02
-055 160 -0.876871E+02
-055 -200 -0.876871E+02
-055 170 -0.874442E+02
-055 -190 -0.874442E+02
-055 180 -0.861932E+02
-055 -180 -0.861932E+02
-040 -165 -0.871353E+02
-040 195 -0.871353E+02
-040 -150 -0.877224E+02
-040 210 -0.877224E+02
-040 -130 -0.873084E+02
-040 -115 -0.862183E+02
-040 -100 -0.847257E+02
-040 -085 -0.835140E+02
-040 -070 -0.818728E+02
-040 -055 -0.810582E+02
-040 -040 -0.848417E+02
-040 -025 -0.870862E+02
-040 -010 -0.879281E+02
-040 000 -0.879742E+02
-040 015 -0.881624E+02
-040 030 -0.889489E+02
-040 050 -0.896065E+02
-040 070 -0.888812E+02
-040 090 -0.882461E+02
-040 110 -0.885281E+02
-040 130 -0.880882E+02
-040 145 -0.882520E+02
-040 160 -0.874653E+02
-040 -200 -0.874653E+02
-040 170 -0.870828E+02
-040 -190 -0.870828E+02
-040 180 -0.869351E+02
-040 -180 -0.869351E+02
-025 -165 -0.862319E+02
-025 195 -0.862319E+02
-025 -150 -0.875103E+02
-025 210 -0.875103E+02
-025 -130 -0.845960E+02
-025 -115 -0.846424E+02
-025 -100 -0.839994E+02
-025 -085 -0.830160E+02
-025 -070 -0.814103E+02
-025 -055 -0.824743E+02
-025 -040 -0.857743E+02
-025 -025 -0.849569E+02
-025 -010 -0.877050E+02
-025 000 -0.880954E+02
-025 015 -0.887223E+02
-025 030 -0.887472E+02
-025 050 -0.883437E+02
-025 070 -0.872539E+02
-025 090 -0.880757E+02
-025 110 -0.885052E+02
-025 130 -0.878837E+02
-025 145 -0.874764E+02
-025 160 -0.873256E+02
-025 -200 -0.873256E+02
-025 170 -0.866978E+02
-025 -190 -0.866978E+02
-025 180 -0.864719E+02
-025 -180 -0.864719E+02
-010 -150 -0.843976E+02
-010 210 -0.843976E+02
-010 -130 -0.849179E+02
-010 -115 -0.847939E+02
-010 -100 -0.843314E+02
-010 -085 -0.829066E+02
-010 -070 -0.815806E+02
-010 -055 -0.838943E+02
-010 -040 -0.869481E+02
-010 -025 -0.873720E+02
-010 -010 -0.882781E+02
-010 000 -0.886898E+02
-010 015 -0.885191E+02
-010 030 -0.878718E+02
-010 050 -0.863822E+02
-010 070 -0.874631E+02
-010 090 -0.881672E+02
-010 110 -0.882443E+02
-010 130 -0.875406E+02
-010 145 -0.871909E+02
-010 160 -0.868230E+02
-010 -200 -0.868230E+02
-010 170 -0.859593E+02
-010 -190 -0.859593E+02
-010 180 -0.859340E+02
-010 -180 -0.859340E+02
000 -165 -0.835965E+02
000 195 -0.835965E+02
000 -150 -0.845768E+02
000 210 -0.845768E+02
000 -115 -0.851358E+02
000 -100 -0.843018E+02
000 -085 -0.833303E+02
000 -070 -0.826305E+02
000 -055 -0.855449E+02
000 -040 -0.866333E+02
000 -025 -0.881480E+02
000 -010 -0.887549E+02
000 000 -0.886278E+02
000 015 -0.879690E+02
000 030 -0.869272E+02
000 050 -0.857420E+02
000 070 -0.875729E+02
000 090 -0.879151E+02
000 110 -0.878360E+02
000 130 -0.874925E+02
000 145 -0.871168E+02
000 160 -0.865711E+02
000 -200 -0.865711E+02
000 170 -0.858287E+02
000 -190 -0.858287E+02
000 180 -0.843648E+02
000 -180 -0.843648E+02
015 -150 -0.853666E+02
015 210 -0.853666E+02
015 -130 -0.855350E+02
015 -115 -0.851617E+02
015 -100 -0.841983E+02
015 -085 -0.844529E+02
015 -070 -0.852279E+02
015 -055 -0.868121E+02
015 -040 -0.879443E+02
015 -025 -0.890213E+02
015 -010 -0.886640E+02
015 000 -0.880312E+02
015 015 -0.871339E+02
015 030 -0.859484E+02
015 070 -0.872564E+02
015 090 -0.875596E+02
015 110 -0.875201E+02
015 130 -0.873694E+02
015 145 -0.870452E+02
015 160 -0.849280E+02
015 -200 -0.849280E+02
015 170 -0.842887E+02
015 -190 -0.842887E+02
015 180 -0.843981E+02
015 -180 -0.843981E+02
030 -150 -0.860436E+02
030 210 -0.860436E+02
030 -130 -0.862701E+02
030 -115 -0.860063E+02
030 -100 -0.857861E+02
030 -085 -0.869418E+02
030 -070 -0.874175E+02
030 -055 -0.889877E+02
030 -040 -0.892244E+02
030 -025 -0.891169E+02
030 -010 -0.882210E+02
030 000 -0.875302E+02
030 015 -0.864131E+02
030 030 -0.885158E+02
030 050 -0.876539E+02
030 070 -0.869175E+02
030 090 -0.867233E+02
030 110 -0.874345E+02
030 130 -0.873725E+02
030 145 -0.857198E+02
030 160 -0.843694E+02
030 -200 -0.843694E+02
030 170 -0.866137E+02
030 -190 -0.866137E+02
030 180 -0.856952E+02
030 -180 -0.856952E+02
050 -165 -0.871679E+02
050 195 -0.871679E+02
050 -150 -0.871505E+02
050 210 -0.871505E+02
050 -130 -0.871314E+02
050 -115 -0.876165E+02
050 -100 -0.880491E+02
050 -085 -0.880303E+02
050 -070 -0.891445E+02
050 -055 -0.896728E+02
050 -040 -0.893725E+02
050 -025 -0.873103E+02
050 -010 -0.875690E+02
050 000 -0.873551E+02
050 015 -0.890751E+02
050 030 -0.885132E+02
050 050 -0.875484E+02
050 070 -0.866383E+02
050 090 -0.874054E+02
050 110 -0.872850E+02
050 130 -0.863374E+02
050 145 -0.850378E+02
050 160 -0.850743E+02
050 -200 -0.850743E+02
050 170 -0.856049E+02
050 -190 -0.856049E+02
050 180 -0.854308E+02
050 -180 -0.854308E+02
070 -165 -0.872254E+02
070 195 -0.872254E+02
070 -150 -0.878370E+02
070 210 -0.878370E+02
070 -130 -0.881298E+02
070 -115 -0.884601E+02
070 -100 -0.884901E+02
070 -085 -0.888761E+02
070 -070 -0.896115E+02
070 -055 -0.898522E+02
070 -040 -0.893882E+02
070 -025 -0.885926E+02
070 -010 -0.888245E+02
070 000 -0.894847E+02
070 015 -0.892294E+02
070 030 -0.885629E+02
070 050 -0.871225E+02
070 070 -0.866084E+02
070 090 -0.871300E+02
070 110 -0.870562E+02
070 130 -0.863892E+02
070 145 -0.860372E+02
070 160 -0.858368E+02
070 -200 -0.858368E+02
070 170 -0.860801E+02
070 -190 -0.860801E+02
090 -165 -0.875829E+02
090 195 -0.875829E+02
090 -150 -0.884586E+02
090 210 -0.884586E+02
090 -130 -0.888275E+02
090 -115 -0.888492E+02
090 -100 -0.887725E+02
090 -085 -0.888664E+02
090 -070 -0.894426E+02
090 -055 -0.899187E+02
090 -040 -0.898256E+02
090 -025 -0.896529E+02
090 -010 -0.894657E+02
090 000 -0.893333E+02
090 015 -0.891015E+02
090 030 -0.881121E+02
090 050 -0.869328E+02
090 070 -0.868807E+02
090 090 -0.866069E+02
090 110 -0.867784E+02
090 130 -0.874486E+02
090 145 -0.862377E+02
090 160 -0.864941E+02
090 -200 -0.864941E+02
090 170 -0.862877E+02
090 -190 -0.862877E+02
090 180 -0.866448E+02
090 -180 -0.866448E+02
110 -165 -0.880975E+02
110 195 -0.880975E+02
110 -150 -0.885382E+02
110 210 -0.885382E+02
110 -130 -0.889218E+02
110 -115 -0.889044E+02
110 -100 -0.887648E+02
110 -085 -0.884795E+02
110 -070 -0.884162E+02
110 -055 -0.885081E+02
110 -040 -0.886145E+02
110 -025 -0.888045E+02
110 -010 -0.890893E+02
110 000 -0.890719E+02
110 015 -0.884030E+02
110 030 -0.874824E+02
110 050 -0.866464E+02
110 070 -0.846159E+02
110 090 -0.862584E+02
110 110 -0.869399E+02
110 130 -0.867755E+02
110 145 -0.864918E+02
110 160 -0.865446E+02
110 -200 -0.865446E+02
110 170 -0.867970E+02
110 -190 -0.867970E+02
110 180 -0.871666E+02
110 -180 -0.871666E+02
130 -165 -0.882694E+02
130 195 -0.882694E+02
130 -150 -0.889610E+02
130 210 -0.889610E+02
130 -130 -0.890541E+02
130 -115 -0.889410E+02
130 -100 -0.885950E+02
130 -085 -0.882152E+02
130 -070 -0.877457E+02
130 -055 -0.872596E+02
130 -040 -0.880836E+02
130 -010 -0.886895E+02
130 000 -0.883447E+02
130 015 -0.873666E+02
130 030 -0.862060E+02
130 050 -0.812691E+02
130 070 -0.840750E+02
130 090 -0.862343E+02
130 110 -0.865440E+02
130 130 -0.870841E+02
130 145 -0.868857E+02
130 160 -0.869666E+02
130 -200 -0.869666E+02
130 170 -0.874867E+02
130 -190 -0.874867E+02
130 180 -0.877320E+02
130 -180 -0.877320E+02
150 -165 -0.886719E+02
-210 -165 -0.886719E+02
150 195 -0.886719E+02
150 -150 -0.889091E+02
-210 -150 -0.889091E+02
150 210 -0.889091E+02
150 -130 -0.891530E+02
-210 -130 -0.891530E+02
150 -115 -0.889686E+02
-210 -115 -0.889686E+02
150 -100 -0.886125E+02
-210 -100 -0.886125E+02
150 -085 -0.882536E+02
-210 -085 -0.882536E+02
150 -070 -0.876263E+02
-210 -070 -0.876263E+02
150 -055 -0.875093E+02
-210 -055 -0.875093E+02
150 -040 -0.879736E+02
-210 -040 -0.879736E+02
150 -025 -0.881518E+02
-210 -025 -0.881518E+02
150 -010 -0.875565E+02
-210 -010 -0.875565E+02
150 000 -0.869216E+02
-210 000 -0.869216E+02
150 015 -0.799948E+02
-210 015 -0.799948E+02
150 030 -0.815179E+02
-210 030 -0.815179E+02
150 050 -0.834694E+02
-210 050 -0.834694E+02
150 070 -0.851005E+02
-210 070 -0.851005E+02
150 090 -0.871358E+02
-210 090 -0.871358E+02
150 110 -0.878904E+02
-210 110 -0.878904E+02
150 130 -0.876069E+02
-210 130 -0.876069E+02
150 145 -0.877374E+02
-210 145 -0.877374E+02
150 160 -0.874243E+02
-210 160 -0.874243E+02
150 -200 -0.874243E+02
-210 -200 -0.874243E+02
150 170 -0.877684E+02
-210 170 -0.877684E+02
150 -190 -0.877684E+02
-210 -190 -0.877684E+02
150 180 -0.883133E+02
-210 180 -0.883133E+02
150 -180 -0.883133E+02
-210 -180 -0.883133E+02
165 -165 -0.886597E+02
-195 -165 -0.886597E+02
165 195 -0.886597E+02
165 -150 -0.890723E+02
-195 -150 -0.890723E+02
165 210 -0.890723E+02
165 -130 -0.891419E+02
-195 -130 -0.891419E+02
165 -115 -0.889625E+02
-195 -115 -0.889625E+02
165 -100 -0.886694E+02
-195 -100 -0.886694E+02
165 -085 -0.882273E+02
-195 -085 -0.882273E+02
165 -070 -0.877075E+02
-195 -070 -0.877075E+02
165 -055 -0.874947E+02
-195 -055 -0.874947E+02
165 -040 -0.876395E+02
-195 -040 -0.876395E+02
165 -025 -0.873852E+02
-195 -025 -0.873852E+02
165 -010 -0.800489E+02
-195 -010 -0.800489E+02
165 000 -0.805896E+02
-195 000 -0.805896E+02
165 015 -0.823482E+02
-195 015 -0.823482E+02
165 030 -0.839300E+02
-195 030 -0.839300E+02
165 050 -0.857307E+02
-195 050 -0.857307E+02
165 070 -0.869730E+02
-195 070 -0.869730E+02
165 090 -0.879257E+02
-195 090 -0.879257E+02
165 110 -0.880999E+02
-195 110 -0.880999E+02
165 130 -0.879113E+02
-195 130 -0.879113E+02
165 145 -0.877347E+02
-195 145 -0.877347E+02
165 160 -0.877541E+02
-195 160 -0.877541E+02
165 -200 -0.877541E+02
-195 -200 -0.877541E+02
165 170 -0.878035E+02
-195 170 -0.878035E+02
165 -190 -0.878035E+02
-195 -190 -0.878035E+02
165 180 -0.882164E+02
-195 180 -0.882164E+02
165 -180 -0.882164E+02
-195 -180 -0.882164E+02
180 -165 -0.886385E+02
-180 -165 -0.886385E+02
180 195 -0.886385E+02
180 -150 -0.890069E+02
-180 -150 -0.890069E+02
180 210 -0.890069E+02
180 -130 -0.890768E+02
-180 -130 -0.890768E+02
180 -115 -0.889380E+02
-180 -115 -0.889380E+02
180 -100 -0.886717E+02
-180 -100 -0.886717E+02
180 -085 -0.880861E+02
-180 -085 -0.880861E+02
180 -070 -0.872924E+02
-180 -070 -0.872924E+02
180 -055 -0.871482E+02
-180 -055 -0.871482E+02
180 -040 -0.870907E+02
-180 -040 -0.870907E+02
180 -025 -0.865569E+02
-180 -025 -0.865569E+02
180 -010 -0.813362E+02
-180 -010 -0.813362E+02
180 000 -0.822458E+02
-180 000 -0.822458E+02
180 015 -0.843609E+02
-180 015 -0.843609E+02
180 030 -0.860133E+02
-180 030 -0.860133E+02
180 070 -0.880344E+02
-180 070 -0.880344E+02
180 090 -0.883517E+02
-180 090 -0.883517E+02
180 110 -0.883015E+02
-180 110 -0.883015E+02
180 130 -0.880395E+02
-180 130 -0.880395E+02
180 145 -0.879192E+02
-180 145 -0.879192E+02
180 160 -0.878456E+02
-180 160 -0.878456E+02
180 -200 -0.878456E+02
-180 -200 -0.878456E+02
180 170 -0.877813E+02
-180 170 -0.877813E+02
180 -190 -0.877813E+02
-180 -190 -0.877813E+02
180 180 -0.881547E+02
-180 180 -0.881547E+02
180 -180 -0.881547E+02
-180 -180 -0.881547E+02
