PHI PSI J_6_14
-165 -165 0.196149E+01
195 -165 0.196149E+01
-165 195 0.196149E+01
195 195 0.196149E+01
-165 -150 0.219176E+01
195 -150 0.219176E+01
-165 210 0.219176E+01
195 210 0.219176E+01
-165 -130 0.237640E+01
195 -130 0.237640E+01
-165 -115 0.239177E+01
195 -115 0.239177E+01
-165 -100 0.218968E+01
195 -100 0.218968E+01
-165 -085 0.150792E+01
195 -085 0.150792E+01
-165 -070 0.146137E+01
195 -070 0.146137E+01
-165 -055 0.166930E+01
195 -055 0.166930E+01
-165 -040 0.198192E+01
195 -040 0.198192E+01
-165 -025 0.221850E+01
195 -025 0.221850E+01
-165 -010 0.150115E+01
195 -010 0.150115E+01
-165 000 0.148458E+01
195 000 0.148458E+01
-165 015 0.145720E+01
195 015 0.145720E+01
-165 030 0.146740E+01
195 030 0.146740E+01
-165 050 0.153007E+01
195 050 0.153007E+01
-165 070 0.159181E+01
195 070 0.159181E+01
-165 090 0.150769E+01
195 090 0.150769E+01
-165 110 0.134352E+01
195 110 0.134352E+01
-165 130 0.126619E+01
195 130 0.126619E+01
-165 145 0.129521E+01
195 145 0.129521E+01
-165 160 0.142692E+01
195 160 0.142692E+01
-165 -200 0.142692E+01
-165 170 0.156447E+01
195 170 0.156447E+01
-165 -190 0.156447E+01
-165 180 0.177776E+01
195 180 0.177776E+01
-165 -180 0.177776E+01
-150 -165 0.330215E+01
210 -165 0.330215E+01
-150 195 0.330215E+01
210 195 0.330215E+01
-150 -150 0.358184E+01
210 -150 0.358184E+01
-150 210 0.358184E+01
210 210 0.358184E+01
-150 -130 0.370445E+01
210 -130 0.370445E+01
-150 -115 0.351534E+01
210 -115 0.351534E+01
-150 -100 0.269852E+01
210 -100 0.269852E+01
-150 -085 0.244041E+01
210 -085 0.244041E+01
-150 -070 0.239674E+01
210 -070 0.239674E+01
-150 -055 0.262132E+01
210 -055 0.262132E+01
-150 -040 0.297044E+01
210 -040 0.297044E+01
-150 -025 0.316981E+01
210 -025 0.316981E+01
-150 -010 0.251443E+01
210 -010 0.251443E+01
-150 000 0.249214E+01
210 000 0.249214E+01
-150 015 0.247082E+01
210 015 0.247082E+01
-150 030 0.250792E+01
210 030 0.250792E+01
-150 050 0.260858E+01
210 050 0.260858E+01
-150 070 0.262705E+01
210 070 0.262705E+01
-150 090 0.247436E+01
210 090 0.247436E+01
-150 110 0.224502E+01
210 110 0.224502E+01
-150 130 0.215250E+01
210 130 0.215250E+01
-150 145 0.224317E+01
210 145 0.224317E+01
-150 160 0.247753E+01
210 160 0.247753E+01
-150 -200 0.247753E+01
-150 170 0.269850E+01
210 170 0.269850E+01
-150 -190 0.269850E+01
-125 -165 0.459431E+01
-125 195 0.459431E+01
-125 -150 0.472941E+01
-125 210 0.472941E+01
-125 -130 0.435365E+01
-125 -115 0.399396E+01
-125 -100 0.373079E+01
-125 -085 0.354581E+01
-125 -070 0.342450E+01
-125 -055 0.336305E+01
-125 -040 0.358015E+01
-125 -025 0.354830E+01
-125 -010 0.353429E+01
-125 000 0.353409E+01
-125 015 0.354118E+01
-125 030 0.357534E+01
-125 050 0.365694E+01
-125 070 0.360678E+01
-125 090 0.339148E+01
-125 110 0.313643E+01
-125 130 0.312955E+01
-125 145 0.332030E+01
-125 160 0.366687E+01
-125 -200 0.366687E+01
-125 170 0.396226E+01
-125 -190 0.396226E+01
-100 -165 0.385087E+01
-100 195 0.385087E+01
-100 -150 0.391448E+01
-100 210 0.391448E+01
-100 -130 0.377648E+01
-100 -115 0.363603E+01
-100 -100 0.344071E+01
-100 -085 0.321174E+01
-100 -070 0.303847E+01
-100 -055 0.309592E+01
-100 -040 0.313208E+01
-100 -025 0.315448E+01
-100 -010 0.311968E+01
-100 000 0.309768E+01
-100 015 0.305825E+01
-100 030 0.311101E+01
-100 050 0.321118E+01
-100 070 0.313054E+01
-100 090 0.281292E+01
-100 110 0.266943E+01
-100 130 0.280969E+01
-100 145 0.295166E+01
-100 160 0.323371E+01
-100 -200 0.323371E+01
-100 170 0.343619E+01
-100 -190 0.343619E+01
-085 -165 0.273365E+01
-085 195 0.273365E+01
-085 -150 0.291729E+01
-085 210 0.291729E+01
-085 -130 0.289648E+01
-085 -115 0.281315E+01
-085 -100 0.254823E+01
-085 -085 0.235839E+01
-085 -070 0.221845E+01
-085 -055 0.237633E+01
-085 -040 0.241552E+01
-085 -025 0.242599E+01
-085 -010 0.228836E+01
-085 000 0.225082E+01
-085 015 0.222408E+01
-085 030 0.226124E+01
-085 050 0.233159E+01
-085 070 0.224661E+01
-085 090 0.199270E+01
-085 110 0.185400E+01
-085 130 0.189862E+01
-085 145 0.201048E+01
-085 160 0.219496E+01
-085 -200 0.219496E+01
-085 170 0.233691E+01
-085 -190 0.233691E+01
-085 180 0.248747E+01
-085 -180 0.248747E+01
-070 -165 0.148583E+01
-070 195 0.148583E+01
-070 -150 0.166260E+01
-070 210 0.166260E+01
-070 -130 0.168773E+01
-070 -115 0.160611E+01
-070 -100 0.140816E+01
-070 -085 0.129247E+01
-070 -070 0.128445E+01
-070 -055 0.149623E+01
-070 -040 0.161600E+01
-070 -025 0.146032E+01
-070 -010 0.127886E+01
-070 000 0.123007E+01
-070 015 0.123786E+01
-070 030 0.129999E+01
-070 050 0.127125E+01
-070 070 0.118005E+01
-070 090 0.107223E+01
-070 110 0.962832E+00
-070 130 0.928587E+00
-070 145 0.965672E+00
-070 160 0.107146E+01
-070 -200 0.107146E+01
-070 170 0.115945E+01
-070 -190 0.115945E+01
-055 -165 0.381341E+00
-055 195 0.381341E+00
-055 -150 0.490954E+00
-055 210 0.490954E+00
-055 -130 0.503472E+00
-055 -115 0.411682E+00
-055 -100 0.358811E+00
-055 -085 0.408731E+00
-055 -070 0.639393E+00
-055 -055 0.800733E+00
-055 -040 0.702470E+00
-055 -025 0.552217E+00
-055 -010 0.438823E+00
-055 000 0.420692E+00
-055 015 0.472791E+00
-055 030 0.504531E+00
-055 050 0.428702E+00
-055 070 0.358675E+00
-055 090 0.281266E+00
-055 110 0.246375E+00
-055 130 0.209773E+00
-055 145 0.238373E+00
-055 160 0.233505E+00
-055 -200 0.233505E+00
-055 170 0.245494E+00
-055 -190 0.245494E+00
-055 180 0.231634E+00
-055 -180 0.231634E+00
-040 -165 -0.217827E+00
-040 195 -0.217827E+00
-040 -150 -0.217135E+00
-040 210 -0.217135E+00
-040 -130 -0.243762E+00
-040 -115 -0.208511E+00
-040 -100 -0.178755E-01
-040 -085 0.343568E+00
-040 -070 0.350913E+00
-040 -055 0.264492E+00
-040 -040 0.164611E+00
-040 -025 0.851133E-01
-040 -010 0.756315E-01
-040 000 0.147047E+00
-040 015 0.286873E+00
-040 030 0.238181E+00
-040 050 0.140940E+00
-040 070 0.556373E-01
-040 090 0.273894E-01
-040 110 0.759856E-01
-040 130 0.542135E-01
-040 145 -0.666355E-01
-040 160 -0.128229E+00
-040 -200 -0.128229E+00
-040 170 -0.173817E+00
-040 -190 -0.173817E+00
-040 180 -0.204632E+00
-040 -180 -0.204632E+00
-025 -165 -0.852889E-01
-025 195 -0.852889E-01
-025 -150 -0.225712E+00
-025 210 -0.225712E+00
-025 -130 0.523658E+00
-025 -115 0.535782E+00
-025 -100 0.529006E+00
-025 -085 0.499727E+00
-025 -070 0.429550E+00
-025 -055 0.346692E+00
-025 -040 0.322223E+00
-025 -025 0.393731E+00
-025 -010 0.705571E+00
-025 000 0.755925E+00
-025 015 0.741307E+00
-025 030 0.690472E+00
-025 050 0.585121E+00
-025 070 0.545016E+00
-025 090 0.639127E+00
-025 110 0.536390E+00
-025 130 0.391045E+00
-025 145 0.289704E+00
-025 160 0.202225E+00
-025 -200 0.202225E+00
-025 170 0.146299E+00
-025 -190 0.146299E+00
-025 180 0.796021E-01
-025 -180 0.796021E-01
-010 -150 0.124028E+01
-010 210 0.124028E+01
-010 -130 0.119679E+01
-010 -115 0.118669E+01
-010 -100 0.118938E+01
-010 -085 0.118999E+01
-010 -070 0.114594E+01
-010 -055 0.114172E+01
-010 -040 0.131180E+01
-010 -025 0.172385E+01
-010 -010 0.175888E+01
-010 000 0.173808E+01
-010 015 0.169954E+01
-010 030 0.167386E+01
-010 050 0.165435E+01
-010 070 0.172781E+01
-010 090 0.161392E+01
-010 110 0.151837E+01
-010 130 0.140593E+01
-010 145 0.136242E+01
-010 160 0.131469E+01
-010 -200 0.131469E+01
-010 170 0.124251E+01
-010 -190 0.124251E+01
-010 180 0.108868E+01
-010 -180 0.108868E+01
000 -165 0.213074E+01
000 195 0.213074E+01
000 -150 0.200646E+01
000 210 0.200646E+01
000 -115 0.195254E+01
000 -100 0.196797E+01
000 -085 0.201157E+01
000 -070 0.202461E+01
000 -055 0.214387E+01
000 -040 0.256346E+01
000 -025 0.266098E+01
000 -010 0.265239E+01
000 000 0.264065E+01
000 015 0.259877E+01
000 030 0.258186E+01
000 050 0.261238E+01
000 070 0.253205E+01
000 090 0.250917E+01
000 110 0.247928E+01
000 130 0.241851E+01
000 145 0.241412E+01
000 160 0.235378E+01
000 -200 0.235378E+01
000 170 0.228336E+01
000 -190 0.228336E+01
000 180 0.231483E+01
000 -180 0.231483E+01
015 -150 0.349531E+01
015 210 0.349531E+01
015 -130 0.341311E+01
015 -115 0.341838E+01
015 -100 0.347190E+01
015 -085 0.362248E+01
015 -070 0.378121E+01
015 -055 0.403497E+01
015 -040 0.363282E+01
015 -025 0.421855E+01
015 -010 0.419600E+01
015 000 0.417458E+01
015 015 0.410658E+01
015 030 0.408986E+01
015 070 0.401061E+01
015 090 0.415656E+01
015 110 0.420411E+01
015 130 0.421247E+01
015 145 0.419932E+01
015 160 0.417455E+01
015 -200 0.417455E+01
015 170 0.416346E+01
015 -190 0.416346E+01
015 180 0.395131E+01
015 -180 0.395131E+01
030 -150 0.512776E+01
030 210 0.512776E+01
030 -130 0.498457E+01
030 -115 0.497381E+01
030 -100 0.505516E+01
030 -085 0.526604E+01
030 -070 0.550025E+01
030 -055 0.566050E+01
030 -040 0.522047E+01
030 -025 0.573863E+01
030 -010 0.567856E+01
030 000 0.562506E+01
030 015 0.551815E+01
030 030 0.539589E+01
030 050 0.534891E+01
030 070 0.555397E+01
030 090 0.576677E+01
030 110 0.584598E+01
030 130 0.592910E+01
030 145 0.604864E+01
030 160 0.605885E+01
030 -200 0.605885E+01
030 170 0.580315E+01
030 -190 0.580315E+01
030 180 0.565541E+01
030 -180 0.565541E+01
050 -165 0.715840E+01
050 195 0.715840E+01
050 -150 0.695108E+01
050 210 0.695108E+01
050 -130 0.669542E+01
050 -115 0.676416E+01
050 -100 0.693597E+01
050 -085 0.706123E+01
050 -070 0.716997E+01
050 -055 0.725163E+01
050 -040 0.696765E+01
050 -025 0.751082E+01
050 -010 0.696018E+01
050 000 0.684554E+01
050 015 0.669220E+01
050 030 0.657343E+01
050 050 0.673900E+01
050 070 0.693666E+01
050 090 0.674682E+01
050 110 0.719581E+01
050 130 0.751019E+01
050 145 0.765411E+01
050 160 0.761586E+01
050 -200 0.761586E+01
050 170 0.750951E+01
050 -190 0.750951E+01
050 180 0.748749E+01
050 -180 0.748749E+01
070 -165 0.783327E+01
070 195 0.783327E+01
070 -150 0.771299E+01
070 210 0.771299E+01
070 -130 0.756048E+01
070 -115 0.750428E+01
070 -100 0.750386E+01
070 -085 0.752009E+01
070 -070 0.753818E+01
070 -055 0.751835E+01
070 -040 0.740416E+01
070 -025 0.729748E+01
070 -010 0.717051E+01
070 000 0.707319E+01
070 015 0.700101E+01
070 030 0.709046E+01
070 050 0.724815E+01
070 070 0.718663E+01
070 090 0.725300E+01
070 110 0.743160E+01
070 130 0.762557E+01
070 145 0.774085E+01
070 160 0.785398E+01
070 -200 0.785398E+01
070 170 0.787051E+01
070 -190 0.787051E+01
090 -165 0.715152E+01
090 195 0.715152E+01
090 -150 0.709069E+01
090 210 0.709069E+01
090 -130 0.703418E+01
090 -115 0.685850E+01
090 -100 0.671105E+01
090 -085 0.664732E+01
090 -070 0.661461E+01
090 -055 0.657432E+01
090 -040 0.651176E+01
090 -025 0.642645E+01
090 -010 0.633006E+01
090 000 0.630799E+01
090 015 0.636195E+01
090 030 0.640480E+01
090 050 0.645990E+01
090 070 0.623941E+01
090 090 0.617278E+01
090 110 0.616156E+01
090 130 0.623132E+01
090 145 0.634143E+01
090 160 0.658089E+01
090 -200 0.658089E+01
090 170 0.678220E+01
090 -190 0.678220E+01
090 180 0.697278E+01
090 -180 0.697278E+01
110 -165 0.482217E+01
110 195 0.482217E+01
110 -150 0.482920E+01
110 210 0.482920E+01
110 -130 0.473062E+01
110 -115 0.463977E+01
110 -100 0.463591E+01
110 -085 0.465495E+01
110 -070 0.466966E+01
110 -055 0.459416E+01
110 -040 0.448384E+01
110 -025 0.438380E+01
110 -010 0.439939E+01
110 000 0.443714E+01
110 015 0.448513E+01
110 030 0.451998E+01
110 050 0.440456E+01
110 070 0.408990E+01
110 090 0.393435E+01
110 110 0.384656E+01
110 130 0.385802E+01
110 145 0.395488E+01
110 160 0.419661E+01
110 -200 0.419661E+01
110 170 0.440739E+01
110 -190 0.440739E+01
110 180 0.460617E+01
110 -180 0.460617E+01
130 -165 0.197870E+01
130 195 0.197870E+01
130 -150 0.202316E+01
130 210 0.202316E+01
130 -130 0.200560E+01
130 -115 0.200404E+01
130 -100 0.202570E+01
130 -085 0.210323E+01
130 -070 0.210349E+01
130 -055 0.203457E+01
130 -040 0.190767E+01
130 -010 0.195237E+01
130 000 0.200281E+01
130 015 0.206006E+01
130 030 0.210931E+01
130 050 0.171269E+01
130 070 0.161519E+01
130 090 0.156980E+01
130 110 0.157116E+01
130 130 0.142932E+01
130 145 0.138066E+01
130 160 0.151317E+01
130 -200 0.151317E+01
130 170 0.159510E+01
130 -190 0.159510E+01
130 180 0.177220E+01
130 -180 0.177220E+01
150 -165 0.418017E+00
-210 -165 0.418017E+00
150 195 0.418017E+00
150 -150 0.460504E+00
-210 -150 0.460504E+00
150 210 0.460504E+00
150 -130 0.471522E+00
-210 -130 0.471522E+00
150 -115 0.467680E+00
-210 -115 0.467680E+00
150 -100 0.466916E+00
-210 -100 0.466916E+00
150 -085 0.490186E+00
-210 -085 0.490186E+00
150 -070 0.473989E+00
-210 -070 0.473989E+00
150 -055 0.438528E+00
-210 -055 0.438528E+00
150 -040 0.393529E+00
-210 -040 0.393529E+00
150 -025 0.387436E+00
-210 -025 0.387436E+00
150 -010 0.405459E+00
-210 -010 0.405459E+00
150 000 0.429090E+00
-210 000 0.429090E+00
150 015 0.141903E+00
-210 015 0.141903E+00
150 030 0.184887E+00
-210 030 0.184887E+00
150 050 0.228429E+00
-210 050 0.228429E+00
150 070 0.292418E+00
-210 070 0.292418E+00
150 090 0.291423E+00
-210 090 0.291423E+00
150 110 0.129514E+00
-210 110 0.129514E+00
150 130 0.741771E-01
-210 130 0.741771E-01
150 145 0.853945E-01
-210 145 0.853945E-01
150 160 0.150575E+00
-210 160 0.150575E+00
150 -200 0.150575E+00
-210 -200 0.150575E+00
150 170 0.217236E+00
-210 170 0.217236E+00
150 -190 0.217236E+00
-210 -190 0.217236E+00
150 180 0.296440E+00
-210 180 0.296440E+00
150 -180 0.296440E+00
-210 -180 0.296440E+00
165 -165 0.245612E+00
-195 -165 0.245612E+00
165 195 0.245612E+00
165 -150 0.317065E+00
-195 -150 0.317065E+00
165 210 0.317065E+00
165 -130 0.378122E+00
-195 -130 0.378122E+00
165 -115 0.401707E+00
-195 -115 0.401707E+00
165 -100 0.401359E+00
-195 -100 0.401359E+00
165 -085 0.361553E+00
-195 -085 0.361553E+00
165 -070 0.326249E+00
-195 -070 0.326249E+00
165 -055 0.306661E+00
-195 -055 0.306661E+00
165 -040 0.325242E+00
-195 -040 0.325242E+00
165 -025 0.365277E+00
-195 -025 0.365277E+00
165 -010 -0.319760E-01
-195 -010 -0.319760E-01
165 000 -0.193230E-01
-195 000 -0.193230E-01
165 015 -0.438353E-02
-195 015 -0.438353E-02
165 030 0.129538E-01
-195 030 0.129538E-01
165 050 0.728394E-01
-195 050 0.728394E-01
165 070 0.124300E+00
-195 070 0.124300E+00
165 090 0.355231E-01
-195 090 0.355231E-01
165 110 -0.166436E-01
-195 110 -0.166436E-01
165 130 -0.316137E-01
-195 130 -0.316137E-01
165 145 -0.700158E-02
-195 145 -0.700158E-02
165 160 0.400223E-01
-195 160 0.400223E-01
165 -200 0.400223E-01
-195 -200 0.400223E-01
165 170 0.874147E-01
-195 170 0.874147E-01
165 -190 0.874147E-01
-195 -190 0.874147E-01
165 180 0.152307E+00
-195 180 0.152307E+00
165 -180 0.152307E+00
-195 -180 0.152307E+00
180 -165 0.828092E+00
-180 -165 0.828092E+00
180 195 0.828092E+00
180 -150 0.966852E+00
-180 -150 0.966852E+00
180 210 0.966852E+00
180 -130 0.111040E+01
-180 -130 0.111040E+01
180 -115 0.114689E+01
-180 -115 0.114689E+01
180 -100 0.112518E+01
-180 -100 0.112518E+01
180 -085 0.832402E+00
-180 -085 0.832402E+00
180 -070 0.678607E+00
-180 -070 0.678607E+00
180 -055 0.812593E+00
-180 -055 0.812593E+00
180 -040 0.950563E+00
-180 -040 0.950563E+00
180 -025 0.107804E+01
-180 -025 0.107804E+01
180 -010 0.525051E+00
-180 -010 0.525051E+00
180 000 0.521602E+00
-180 000 0.521602E+00
180 015 0.521451E+00
-180 015 0.521451E+00
180 030 0.530987E+00
-180 030 0.530987E+00
180 070 0.606301E+00
-180 070 0.606301E+00
180 090 0.568490E+00
-180 090 0.568490E+00
180 110 0.492898E+00
-180 110 0.492898E+00
180 130 0.443815E+00
-180 130 0.443815E+00
180 145 0.460484E+00
-180 145 0.460484E+00
180 160 0.528589E+00
-180 160 0.528589E+00
180 -200 0.528589E+00
-180 -200 0.528589E+00
180 170 0.598153E+00
-180 170 0.598153E+00
180 -190 0.598153E+00
-180 -190 0.598153E+00
180 180 0.687852E+00
-180 180 0.687852E+00
180 -180 0.687852E+00
-180 -180 0.687852E+00
