PHI PSI J_11_20
-165 -165 0.140194E+01
195 -165 0.140194E+01
-165 195 0.140194E+01
195 195 0.140194E+01
-165 -150 0.100228E+01
195 -150 0.100228E+01
-165 210 0.100228E+01
195 210 0.100228E+01
-165 -130 0.403771E+00
195 -130 0.403771E+00
-165 -115 0.143764E+00
195 -115 0.143764E+00
-165 -100 0.104410E+00
195 -100 0.104410E+00
-165 -085 0.140994E+00
195 -085 0.140994E+00
-165 -070 0.137739E+00
195 -070 0.137739E+00
-165 -055 0.110995E+00
195 -055 0.110995E+00
-165 -040 0.593473E-01
195 -040 0.593473E-01
-165 -025 0.144954E-01
195 -025 0.144954E-01
-165 -010 0.215748E+00
195 -010 0.215748E+00
-165 000 0.135013E+00
195 000 0.135013E+00
-165 015 0.449958E-01
195 015 0.449958E-01
-165 030 0.155542E-01
195 030 0.155542E-01
-165 050 0.590333E-01
195 050 0.590333E-01
-165 070 0.815864E-01
195 070 0.815864E-01
-165 090 0.799147E-03
195 090 0.799147E-03
-165 110 0.744443E-03
195 110 0.744443E-03
-165 130 0.310157E+00
195 130 0.310157E+00
-165 145 0.721191E+00
195 145 0.721191E+00
-165 160 0.116559E+01
195 160 0.116559E+01
-165 -200 0.116559E+01
-165 170 0.139558E+01
195 170 0.139558E+01
-165 -190 0.139558E+01
-165 180 0.168198E+01
195 180 0.168198E+01
-165 -180 0.168198E+01
-150 -165 0.994634E+00
210 -165 0.994634E+00
-150 195 0.994634E+00
210 195 0.994634E+00
-150 -150 0.603982E+00
210 -150 0.603982E+00
-150 210 0.603982E+00
210 210 0.603982E+00
-150 -130 0.136508E+00
210 -130 0.136508E+00
-150 -115 0.286794E-01
210 -115 0.286794E-01
-150 -100 0.906831E-01
210 -100 0.906831E-01
-150 -085 0.857077E-01
210 -085 0.857077E-01
-150 -070 0.751389E-01
210 -070 0.751389E-01
-150 -055 0.540277E-01
210 -055 0.540277E-01
-150 -040 0.152081E-01
210 -040 0.152081E-01
-150 -025 -0.213925E-01
210 -025 -0.213925E-01
-150 -010 0.244132E+00
210 -010 0.244132E+00
-150 000 0.166398E+00
210 000 0.166398E+00
-150 015 0.879067E-01
210 015 0.879067E-01
-150 030 0.546171E-01
210 030 0.546171E-01
-150 050 0.648910E-01
210 050 0.648910E-01
-150 070 0.535809E-01
210 070 0.535809E-01
-150 090 -0.353963E-01
210 090 -0.353963E-01
-150 110 -0.308736E-01
210 110 -0.308736E-01
-150 130 0.265549E+00
210 130 0.265549E+00
-150 145 0.624528E+00
210 145 0.624528E+00
-150 160 0.992992E+00
210 160 0.992992E+00
-150 -200 0.992992E+00
-150 170 0.117658E+01
210 170 0.117658E+01
-150 -190 0.117658E+01
-125 -165 0.217198E+00
-125 195 0.217198E+00
-125 -150 -0.249063E-01
-125 210 -0.249063E-01
-125 -130 -0.514159E-01
-125 -115 0.133172E-01
-125 -100 0.167042E-01
-125 -085 -0.112633E-01
-125 -070 -0.101048E-01
-125 -055 0.188177E+00
-125 -040 0.337162E+00
-125 -025 0.299271E+00
-125 -010 0.221800E+00
-125 000 0.168725E+00
-125 015 0.977036E-01
-125 030 0.508963E-01
-125 050 0.113000E-01
-125 070 -0.378778E-01
-125 090 -0.111853E+00
-125 110 -0.104779E+00
-125 130 0.111754E+00
-125 145 0.351522E+00
-125 160 0.529842E+00
-125 -200 0.529842E+00
-125 170 0.580438E+00
-125 -190 0.580438E+00
-100 -165 -0.164452E+00
-100 195 -0.164452E+00
-100 -150 -0.150759E+00
-100 210 -0.150759E+00
-100 -130 -0.792585E-01
-100 -115 -0.651388E-01
-100 -100 -0.802583E-01
-100 -085 -0.906789E-01
-100 -070 -0.190115E-01
-100 -055 0.191599E+00
-100 -040 0.244115E+00
-100 -025 0.214077E+00
-100 -010 0.170155E+00
-100 000 0.125218E+00
-100 015 0.429951E-01
-100 030 -0.347042E-01
-100 050 -0.103275E+00
-100 070 -0.123130E+00
-100 090 -0.165388E+00
-100 110 -0.169134E+00
-100 130 -0.682888E-01
-100 145 0.192147E-01
-100 160 0.335047E-01
-100 -200 0.335047E-01
-100 170 -0.920874E-02
-100 -190 -0.920874E-02
-085 -165 -0.197880E+00
-085 195 -0.197880E+00
-085 -150 -0.179178E+00
-085 210 -0.179178E+00
-085 -130 -0.133461E+00
-085 -115 -0.130219E+00
-085 -100 -0.143261E+00
-085 -085 -0.123284E+00
-085 -070 0.511159E-02
-085 -055 0.174646E+00
-085 -040 0.203966E+00
-085 -025 0.188612E+00
-085 -010 0.130845E+00
-085 000 0.804795E-01
-085 015 -0.223535E-01
-085 030 -0.124196E+00
-085 050 -0.173664E+00
-085 070 -0.155471E+00
-085 090 -0.171286E+00
-085 110 -0.189181E+00
-085 130 -0.144185E+00
-085 145 -0.113050E+00
-085 160 -0.120604E+00
-085 -200 -0.120604E+00
-085 170 -0.145159E+00
-085 -190 -0.145159E+00
-085 180 -0.172858E+00
-085 -180 -0.172858E+00
-070 -165 -0.231931E+00
-070 195 -0.231931E+00
-070 -150 -0.218500E+00
-070 210 -0.218500E+00
-070 -130 -0.190911E+00
-070 -115 -0.197166E+00
-070 -100 -0.198503E+00
-070 -085 -0.122914E+00
-070 -070 0.549298E-01
-070 -055 0.176522E+00
-070 -040 0.192179E+00
-070 -025 0.153021E+00
-070 -010 0.781901E-01
-070 000 0.123189E-01
-070 015 -0.118926E+00
-070 030 -0.230890E+00
-070 050 -0.246728E+00
-070 070 -0.197818E+00
-070 090 -0.185356E+00
-070 110 -0.184616E+00
-070 130 -0.162286E+00
-070 145 -0.145961E+00
-070 160 -0.157861E+00
-070 -200 -0.157861E+00
-070 170 -0.183214E+00
-070 -190 -0.183214E+00
-055 -165 -0.262406E+00
-055 195 -0.262406E+00
-055 -150 -0.242155E+00
-055 210 -0.242155E+00
-055 -130 -0.230833E+00
-055 -115 -0.254972E+00
-055 -100 -0.202278E+00
-055 -085 -0.431543E-01
-055 -070 0.148870E+00
-055 -055 0.193988E+00
-055 -040 0.167615E+00
-055 -025 0.117842E+00
-055 -010 0.228932E-01
-055 000 -0.704714E-01
-055 015 -0.226096E+00
-055 030 -0.293576E+00
-055 050 -0.277788E+00
-055 070 -0.216060E+00
-055 090 -0.187711E+00
-055 110 -0.162805E+00
-055 130 -0.147826E+00
-055 145 -0.152303E+00
-055 160 -0.180840E+00
-055 -200 -0.180840E+00
-055 170 -0.213416E+00
-055 -190 -0.213416E+00
-055 180 -0.242668E+00
-055 -180 -0.242668E+00
-040 -165 -0.250490E+00
-040 195 -0.250490E+00
-040 -150 -0.232215E+00
-040 210 -0.232215E+00
-040 -130 -0.265625E+00
-040 -115 -0.268368E+00
-040 -100 -0.885980E-01
-040 -085 0.136889E+00
-040 -070 0.197686E+00
-040 -055 0.186151E+00
-040 -040 0.152461E+00
-040 -025 0.959439E-01
-040 -010 -0.293492E-01
-040 000 -0.139576E+00
-040 015 -0.227491E+00
-040 030 -0.264647E+00
-040 050 -0.239918E+00
-040 070 -0.203750E+00
-040 090 -0.160555E+00
-040 110 -0.122720E+00
-040 130 -0.142705E+00
-040 145 -0.173371E+00
-040 160 -0.207222E+00
-040 -200 -0.207222E+00
-040 170 -0.231549E+00
-040 -190 -0.231549E+00
-040 180 -0.249382E+00
-040 -180 -0.249382E+00
-025 -165 -0.229146E+00
-025 195 -0.229146E+00
-025 -150 -0.247475E+00
-025 210 -0.247475E+00
-025 -130 -0.318575E+00
-025 -115 -0.136887E+00
-025 -100 0.108962E-01
-025 -085 0.134395E+00
-025 -070 0.197492E+00
-025 -055 0.189982E+00
-025 -040 0.170304E+00
-025 -025 -0.951802E-02
-025 -010 -0.221562E-01
-025 000 -0.812118E-01
-025 015 -0.132081E+00
-025 030 -0.157709E+00
-025 050 -0.152999E+00
-025 070 -0.133480E+00
-025 090 -0.742838E-01
-025 110 -0.109197E+00
-025 130 -0.163013E+00
-025 145 -0.196152E+00
-025 160 -0.221662E+00
-025 -200 -0.221662E+00
-025 170 -0.229820E+00
-025 -190 -0.229820E+00
-025 180 -0.232376E+00
-025 -180 -0.232376E+00
-010 -150 -0.365167E+00
-010 210 -0.365167E+00
-010 -130 -0.223846E+00
-010 -115 -0.114613E+00
-010 -100 0.375947E-02
-010 -085 0.127916E+00
-010 -070 0.195808E+00
-010 -055 0.207920E+00
-010 -040 0.213672E+00
-010 -025 0.136284E+00
-010 -010 0.486276E-01
-010 000 -0.639842E-02
-010 015 -0.733629E-01
-010 030 -0.106636E+00
-010 050 -0.954755E-01
-010 070 -0.452326E-01
-010 090 -0.733713E-01
-010 110 -0.134396E+00
-010 130 -0.195325E+00
-010 145 -0.228804E+00
-010 160 -0.240887E+00
-010 -200 -0.240887E+00
-010 170 -0.242375E+00
-010 -190 -0.242375E+00
-010 180 -0.246415E+00
-010 -180 -0.246415E+00
000 -165 -0.366017E+00
000 195 -0.366017E+00
000 -150 -0.296291E+00
000 210 -0.296291E+00
000 -115 -0.924801E-01
000 -100 0.102835E-01
000 -085 0.130245E+00
000 -070 0.202752E+00
000 -055 0.247231E+00
000 -040 0.244037E+00
000 -025 0.181011E+00
000 -010 0.876344E-01
000 000 0.246340E-01
000 015 -0.559934E-01
000 030 -0.952467E-01
000 050 -0.831242E-01
000 070 -0.622274E-01
000 090 -0.869917E-01
000 110 -0.151718E+00
000 130 -0.225203E+00
000 145 -0.265348E+00
000 160 -0.282721E+00
000 -200 -0.282721E+00
000 170 -0.323993E+00
000 -190 -0.323993E+00
000 180 -0.567050E+00
000 -180 -0.567050E+00
015 -150 -0.228850E+00
015 210 -0.228850E+00
015 -130 -0.140722E+00
015 -115 -0.656872E-01
015 -100 0.290892E-01
015 -085 0.140927E+00
015 -070 0.242196E+00
015 -055 0.279990E+00
015 -040 0.266017E+00
015 -025 0.207673E+00
015 -010 0.107563E+00
015 000 0.319966E-01
015 015 -0.596541E-01
015 030 -0.106318E+00
015 070 -0.808290E-01
015 090 -0.100942E+00
015 110 -0.183951E+00
015 130 -0.293133E+00
015 145 -0.375604E+00
015 160 -0.451751E+00
015 -200 -0.451751E+00
015 170 -0.291739E+00
015 -190 -0.291739E+00
015 180 -0.276209E+00
015 -180 -0.276209E+00
030 -150 -0.206942E+00
030 210 -0.206942E+00
030 -130 -0.105233E+00
030 -115 -0.336343E-01
030 -100 0.440651E-01
030 -085 0.707092E-01
030 -070 0.146085E+00
030 -055 0.206318E+00
030 -040 0.250174E+00
030 -025 0.148720E+00
030 -010 0.649964E-01
030 000 -0.233581E-02
030 015 -0.852350E-01
030 030 -0.147523E+00
030 050 -0.130885E+00
030 070 -0.811671E-01
030 090 -0.111259E+00
030 110 -0.229997E+00
030 130 -0.384455E+00
030 145 -0.297059E+00
030 160 -0.241694E+00
030 -200 -0.241694E+00
030 170 -0.281056E+00
030 -190 -0.281056E+00
030 180 -0.296790E+00
030 -180 -0.296790E+00
050 -165 -0.248291E+00
050 195 -0.248291E+00
050 -150 -0.167050E+00
050 210 -0.167050E+00
050 -130 -0.673007E-01
050 -115 -0.430017E-01
050 -100 -0.354820E-01
050 -085 0.185910E-01
050 -070 0.842576E-01
050 -055 0.106073E+00
050 -040 0.104870E+00
050 -025 -0.106367E+00
050 -010 0.573653E-02
050 000 -0.199526E-01
050 015 -0.891382E-01
050 030 -0.110803E+00
050 050 -0.100581E+00
050 070 -0.808710E-01
050 090 -0.201017E+00
050 110 -0.342055E+00
050 130 -0.293304E+00
050 145 -0.263345E+00
050 160 -0.289558E+00
050 -200 -0.289558E+00
050 170 -0.303852E+00
050 -190 -0.303852E+00
050 180 -0.296645E+00
050 -180 -0.296645E+00
070 -165 -0.146728E+00
070 195 -0.146728E+00
070 -150 -0.897358E-01
070 210 -0.897358E-01
070 -130 -0.516974E-01
070 -115 -0.526051E-01
070 -100 -0.304010E-01
070 -085 0.391796E-01
070 -070 0.108921E+00
070 -055 0.132111E+00
070 -040 0.142646E+00
070 -025 0.137826E+00
070 -010 0.119976E+00
070 000 0.781466E-01
070 015 0.251805E-01
070 030 -0.250806E-01
070 050 -0.645665E-01
070 070 -0.109520E+00
070 090 -0.276119E+00
070 110 -0.305000E+00
070 130 -0.250740E+00
070 145 -0.228327E+00
070 160 -0.227954E+00
070 -200 -0.227954E+00
070 170 -0.219111E+00
070 -190 -0.219111E+00
090 -165 -0.711759E-03
090 195 -0.711759E-03
090 -150 0.372845E-01
090 210 0.372845E-01
090 -130 0.634682E-03
090 -115 -0.318120E-01
090 -100 -0.288893E-01
090 -085 0.581675E-01
090 -070 0.156857E+00
090 -055 0.213910E+00
090 -040 0.235649E+00
090 -025 0.231097E+00
090 -010 0.191878E+00
090 000 0.146132E+00
090 015 0.849646E-01
090 030 0.197700E-01
090 050 -0.433311E-01
090 070 -0.181801E+00
090 090 -0.256339E+00
090 110 -0.228798E+00
090 130 -0.168696E+00
090 145 -0.135888E+00
090 160 -0.114790E+00
090 -200 -0.114790E+00
090 170 -0.933826E-01
090 -190 -0.933826E-01
090 180 -0.626347E-01
090 -180 -0.626347E-01
110 -165 0.423728E+00
110 195 0.423728E+00
110 -150 0.425248E+00
110 210 0.425248E+00
110 -130 0.206168E+00
110 -115 0.486687E-01
110 -100 -0.693567E-02
110 -085 0.438517E-01
110 -070 0.150078E+00
110 -055 0.230095E+00
110 -040 0.269077E+00
110 -025 0.251161E+00
110 -010 0.203259E+00
110 000 0.164857E+00
110 015 0.104789E+00
110 030 0.605934E-01
110 050 -0.259403E-01
110 070 -0.218650E+00
110 090 -0.190506E+00
110 110 -0.130974E+00
110 130 -0.820308E-01
110 145 -0.621155E-01
110 160 -0.104057E-01
110 -200 -0.104057E-01
110 170 0.106734E+00
110 -190 0.106734E+00
110 180 0.259785E+00
110 -180 0.259785E+00
130 -165 0.118728E+01
130 195 0.118728E+01
130 -150 0.101757E+01
130 210 0.101757E+01
130 -130 0.516019E+00
130 -115 0.209038E+00
130 -100 0.574589E-01
130 -085 0.979507E-01
130 -070 0.205355E+00
130 -055 0.274688E+00
130 -040 0.270840E+00
130 -010 0.179050E+00
130 000 0.144889E+00
130 015 0.109579E+00
130 030 0.893379E-01
130 050 -0.200430E+00
130 070 -0.157006E+00
130 090 -0.983173E-01
130 110 -0.612900E-01
130 130 -0.928371E-01
130 145 0.396017E-02
130 160 0.427333E+00
130 -200 0.427333E+00
130 170 0.780380E+00
130 -190 0.780380E+00
130 180 0.105225E+01
130 -180 0.105225E+01
150 -165 0.168572E+01
-210 -165 0.168572E+01
150 195 0.168572E+01
150 -150 0.137981E+01
-210 -150 0.137981E+01
150 210 0.137981E+01
150 -130 0.734942E+00
-210 -130 0.734942E+00
150 -115 0.322995E+00
-210 -115 0.322995E+00
150 -100 0.123606E+00
-210 -100 0.123606E+00
150 -085 0.157891E+00
-210 -085 0.157891E+00
150 -070 0.249006E+00
-210 -070 0.249006E+00
150 -055 0.270347E+00
-210 -055 0.270347E+00
150 -040 0.226803E+00
-210 -040 0.226803E+00
150 -025 0.169467E+00
-210 -025 0.169467E+00
150 -010 0.125878E+00
-210 -010 0.125878E+00
150 000 0.102367E+00
-210 000 0.102367E+00
150 015 -0.162174E+00
-210 015 -0.162174E+00
150 030 -0.194167E+00
-210 030 -0.194167E+00
150 050 -0.129964E+00
-210 050 -0.129964E+00
150 070 -0.441042E-01
-210 070 -0.441042E-01
150 090 0.151044E-02
-210 090 0.151044E-02
150 110 -0.699691E-01
-210 110 -0.699691E-01
150 130 0.511485E-01
-210 130 0.511485E-01
150 145 0.442846E+00
-210 145 0.442846E+00
150 160 0.100881E+01
-210 160 0.100881E+01
150 -200 0.100881E+01
-210 -200 0.100881E+01
150 170 0.136297E+01
-210 170 0.136297E+01
150 -190 0.136297E+01
-210 -190 0.136297E+01
150 180 0.162778E+01
-210 180 0.162778E+01
150 -180 0.162778E+01
-210 -180 0.162778E+01
165 -165 0.178398E+01
-195 -165 0.178398E+01
165 195 0.178398E+01
165 -150 0.143124E+01
-195 -150 0.143124E+01
165 210 0.143124E+01
165 -130 0.747658E+00
-195 -130 0.747658E+00
165 -115 0.330298E+00
-195 -115 0.330298E+00
165 -100 0.139811E+00
-195 -100 0.139811E+00
165 -085 0.185315E+00
-195 -085 0.185315E+00
165 -070 0.245044E+00
-195 -070 0.245044E+00
165 -055 0.226959E+00
-195 -055 0.226959E+00
165 -040 0.173554E+00
-195 -040 0.173554E+00
165 -025 0.118691E+00
-195 -025 0.118691E+00
165 -010 0.109658E+00
-195 -010 0.109658E+00
165 000 0.434648E-02
-195 000 0.434648E-02
165 015 -0.101934E+00
-195 015 -0.101934E+00
165 030 -0.125383E+00
-195 030 -0.125383E+00
165 050 -0.507186E-01
-195 050 -0.507186E-01
165 070 0.459852E-01
-195 070 0.459852E-01
165 090 0.235271E-01
-195 090 0.235271E-01
165 110 -0.328683E-01
-195 110 -0.328683E-01
165 130 0.228864E+00
-195 130 0.228864E+00
165 145 0.674811E+00
-195 145 0.674811E+00
165 160 0.122968E+01
-195 160 0.122968E+01
165 -200 0.122968E+01
-195 -200 0.122968E+01
165 170 0.154177E+01
-195 170 0.154177E+01
165 -190 0.154177E+01
-195 -190 0.154177E+01
165 180 0.176813E+01
-195 180 0.176813E+01
165 -180 0.176813E+01
-195 -180 0.176813E+01
180 -165 0.167538E+01
-180 -165 0.167538E+01
180 195 0.167538E+01
180 -150 0.129515E+01
-180 -150 0.129515E+01
180 210 0.129515E+01
180 -130 0.623964E+00
-180 -130 0.623964E+00
180 -115 0.261357E+00
-180 -115 0.261357E+00
180 -100 0.129306E+00
-180 -100 0.129306E+00
180 -085 0.185844E+00
-180 -085 0.185844E+00
180 -070 0.196541E+00
-180 -070 0.196541E+00
180 -055 0.170014E+00
-180 -055 0.170014E+00
180 -040 0.117215E+00
-180 -040 0.117215E+00
180 -025 0.662326E-01
-180 -025 0.662326E-01
180 -010 0.167129E+00
-180 -010 0.167129E+00
180 000 0.732364E-01
-180 000 0.732364E-01
180 015 -0.242593E-01
-180 015 -0.242593E-01
180 030 -0.487916E-01
-180 030 -0.487916E-01
180 070 0.847903E-01
-180 070 0.847903E-01
180 090 0.205879E-01
-180 090 0.205879E-01
180 110 0.200210E-02
-180 110 0.200210E-02
180 130 0.308643E+00
-180 130 0.308643E+00
180 145 0.748878E+00
-180 145 0.748878E+00
180 160 0.125336E+01
-180 160 0.125336E+01
180 -200 0.125336E+01
-180 -200 0.125336E+01
180 170 0.152823E+01
-180 170 0.152823E+01
180 -190 0.152823E+01
-180 -190 0.152823E+01
180 180 0.170965E+01
-180 180 0.170965E+01
180 -180 0.170965E+01
-180 -180 0.170965E+01
