PHI PSI J_6_20
-165 -165 -0.190239E+00
195 -165 -0.190239E+00
-165 195 -0.190239E+00
195 195 -0.190239E+00
-165 -150 -0.131243E+00
195 -150 -0.131243E+00
-165 210 -0.131243E+00
195 210 -0.131243E+00
-165 -130 -0.453307E-01
195 -130 -0.453307E-01
-165 -115 -0.706444E-02
195 -115 -0.706444E-02
-165 -100 0.471484E-02
195 -100 0.471484E-02
-165 -085 0.280855E-02
195 -085 0.280855E-02
-165 -070 -0.357557E-02
195 -070 -0.357557E-02
-165 -055 -0.513325E-02
195 -055 -0.513325E-02
-165 -040 -0.200584E-01
195 -040 -0.200584E-01
-165 -025 -0.625405E-01
195 -025 -0.625405E-01
-165 -010 -0.139470E+00
195 -010 -0.139470E+00
-165 000 -0.134316E+00
195 000 -0.134316E+00
-165 015 -0.119117E+00
195 015 -0.119117E+00
-165 030 -0.106441E+00
195 030 -0.106441E+00
-165 050 -0.105904E+00
195 050 -0.105904E+00
-165 070 -0.845250E-01
195 070 -0.845250E-01
-165 090 -0.259202E-01
195 090 -0.259202E-01
-165 110 -0.116248E-01
195 110 -0.116248E-01
-165 130 -0.657873E-01
195 130 -0.657873E-01
-165 145 -0.127882E+00
195 145 -0.127882E+00
-165 160 -0.184561E+00
195 160 -0.184561E+00
-165 -200 -0.184561E+00
-165 170 -0.208971E+00
195 170 -0.208971E+00
-165 -190 -0.208971E+00
-165 180 -0.252406E+00
195 180 -0.252406E+00
-165 -180 -0.252406E+00
-150 -165 -0.911646E-01
210 -165 -0.911646E-01
-150 195 -0.911646E-01
210 195 -0.911646E-01
-150 -150 -0.509941E-01
210 -150 -0.509941E-01
-150 210 -0.509941E-01
210 210 -0.509941E-01
-150 -130 -0.134553E-01
210 -130 -0.134553E-01
-150 -115 0.644791E-02
210 -115 0.644791E-02
-150 -100 0.267370E-01
210 -100 0.267370E-01
-150 -085 0.306662E-01
210 -085 0.306662E-01
-150 -070 0.375007E-01
210 -070 0.375007E-01
-150 -055 0.456869E-01
210 -055 0.456869E-01
-150 -040 0.363073E-01
210 -040 0.363073E-01
-150 -025 -0.531985E-02
210 -025 -0.531985E-02
-150 -010 -0.666109E-01
210 -010 -0.666109E-01
-150 000 -0.684116E-01
210 000 -0.684116E-01
-150 015 -0.674254E-01
210 015 -0.674254E-01
-150 030 -0.747716E-01
210 030 -0.747716E-01
-150 050 -0.995367E-01
210 050 -0.995367E-01
-150 070 -0.903251E-01
210 070 -0.903251E-01
-150 090 -0.411865E-01
210 090 -0.411865E-01
-150 110 -0.306877E-01
210 110 -0.306877E-01
-150 130 -0.792103E-01
210 130 -0.792103E-01
-150 145 -0.116551E+00
210 145 -0.116551E+00
-150 160 -0.140924E+00
210 160 -0.140924E+00
-150 -200 -0.140924E+00
-150 170 -0.148646E+00
210 170 -0.148646E+00
-150 -190 -0.148646E+00
-125 -165 0.211777E-01
-125 195 0.211777E-01
-125 -150 -0.355144E-02
-125 210 -0.355144E-02
-125 -130 -0.827988E-02
-125 -115 0.214140E-01
-125 -100 0.394389E-01
-125 -085 0.453826E-01
-125 -070 0.476812E-01
-125 -055 0.379652E-01
-125 -040 0.203790E-01
-125 -025 0.581967E-02
-125 -010 0.230532E-02
-125 000 0.454683E-02
-125 015 0.620458E-02
-125 030 -0.689805E-02
-125 050 -0.511052E-01
-125 070 -0.849735E-01
-125 090 -0.760527E-01
-125 110 -0.620455E-01
-125 130 -0.678627E-01
-125 145 -0.567001E-01
-125 160 -0.314766E-01
-125 -200 -0.314766E-01
-125 170 -0.377001E-02
-125 -190 -0.377001E-02
-100 -165 0.307710E-02
-100 195 0.307710E-02
-100 -150 -0.305234E-01
-100 210 -0.305234E-01
-100 -130 -0.181231E-01
-100 -115 0.932299E-02
-100 -100 0.256973E-01
-100 -085 0.233462E-01
-100 -070 0.485112E-02
-100 -055 -0.127661E-01
-100 -040 -0.267059E-01
-100 -025 -0.321514E-01
-100 -010 -0.112472E-01
-100 000 0.270199E-02
-100 015 0.222211E-01
-100 030 0.218551E-01
-100 050 -0.262185E-01
-100 070 -0.750032E-01
-100 090 -0.858099E-01
-100 110 -0.652790E-01
-100 130 -0.367709E-01
-100 145 -0.420431E-02
-100 160 0.329114E-01
-100 -200 0.329114E-01
-100 170 0.447144E-01
-100 -190 0.447144E-01
-085 -165 -0.418677E-01
-085 195 -0.418677E-01
-085 -150 -0.509359E-01
-085 210 -0.509359E-01
-085 -130 -0.230406E-01
-085 -115 0.110233E-01
-085 -100 0.295514E-01
-085 -085 0.126103E-01
-085 -070 -0.164783E-01
-085 -055 -0.349314E-01
-085 -040 -0.426882E-01
-085 -025 -0.292384E-01
-085 -010 -0.104765E-01
-085 000 0.703689E-02
-085 015 0.318153E-01
-085 030 0.321073E-01
-085 050 -0.348753E-02
-085 070 -0.401118E-01
-085 090 -0.573411E-01
-085 110 -0.551659E-01
-085 130 -0.312674E-01
-085 145 -0.774048E-02
-085 160 0.115991E-01
-085 -200 0.115991E-01
-085 170 0.112036E-01
-085 -190 0.112036E-01
-085 180 -0.504275E-02
-085 -180 -0.504275E-02
-070 -165 -0.416004E-01
-070 195 -0.416004E-01
-070 -150 -0.163525E-01
-070 210 -0.163525E-01
-070 -130 0.176413E-01
-070 -115 0.298057E-01
-070 -100 0.356276E-01
-070 -085 0.611016E-02
-070 -070 -0.290957E-01
-070 -055 -0.371187E-01
-070 -040 -0.259744E-01
-070 -025 -0.158179E-01
-070 -010 0.645061E-02
-070 000 0.248256E-01
-070 015 0.463274E-01
-070 030 0.400884E-01
-070 050 0.247432E-01
-070 070 -0.533213E-03
-070 090 -0.320045E-01
-070 110 -0.477205E-01
-070 130 -0.390886E-01
-070 145 -0.295566E-01
-070 160 -0.264784E-01
-070 -200 -0.264784E-01
-070 170 -0.337953E-01
-070 -190 -0.337953E-01
-055 -165 0.653718E-01
-055 195 0.653718E-01
-055 -150 0.878288E-01
-055 210 0.878288E-01
-055 -130 0.685442E-01
-055 -115 0.474820E-01
-055 -100 0.271131E-01
-055 -085 -0.149295E-01
-055 -070 -0.319283E-01
-055 -055 -0.213297E-01
-055 -040 -0.797875E-02
-055 -025 0.977131E-02
-055 -010 0.319840E-01
-055 000 0.484537E-01
-055 015 0.596233E-01
-055 030 0.735459E-01
-055 050 0.720417E-01
-055 070 0.345841E-01
-055 090 -0.215998E-01
-055 110 -0.492001E-01
-055 130 -0.476738E-01
-055 145 -0.422250E-01
-055 160 -0.354137E-01
-055 -200 -0.354137E-01
-055 170 -0.195359E-01
-055 -190 -0.195359E-01
-055 180 0.760861E-02
-055 -180 0.760861E-02
-040 -165 0.173207E+00
-040 195 0.173207E+00
-040 -150 0.150163E+00
-040 210 0.150163E+00
-040 -130 0.623029E-01
-040 -115 0.564998E-01
-040 -100 0.185914E-01
-040 -085 0.412657E-02
-040 -070 -0.481146E-02
-040 -055 0.949881E-03
-040 -040 0.162929E-01
-040 -025 0.376987E-01
-040 -010 0.604154E-01
-040 000 0.723748E-01
-040 015 0.100259E+00
-040 030 0.111596E+00
-040 050 0.104017E+00
-040 070 0.474847E-01
-040 090 -0.264710E-01
-040 110 -0.460571E-01
-040 130 -0.417343E-01
-040 145 -0.288243E-01
-040 160 0.130141E-01
-040 -200 0.130141E-01
-040 170 0.617450E-01
-040 -190 0.617450E-01
-040 180 0.121906E+00
-040 -180 0.121906E+00
-025 -165 0.172795E+00
-025 195 0.172795E+00
-025 -150 0.935504E-01
-025 210 0.935504E-01
-025 -130 0.141449E+00
-025 -115 0.108322E+00
-025 -100 0.868854E-01
-025 -085 0.521925E-01
-025 -070 0.308233E-01
-025 -055 0.304206E-01
-025 -040 0.455393E-01
-025 -025 0.614771E-01
-025 -010 0.959096E-01
-025 000 0.897053E-01
-025 015 0.625417E-01
-025 030 0.653310E-01
-025 050 0.854299E-01
-025 070 0.321934E-01
-025 090 -0.151871E-01
-025 110 -0.197793E-01
-025 130 -0.188780E-01
-025 145 0.853838E-02
-025 160 0.779131E-01
-025 -200 0.779131E-01
-025 170 0.134393E+00
-025 -190 0.134393E+00
-025 180 0.176448E+00
-025 -180 0.176448E+00
-010 -150 0.363090E-01
-010 210 0.363090E-01
-010 -130 0.637718E-01
-010 -115 0.827177E-01
-010 -100 0.839757E-01
-010 -085 0.680771E-01
-010 -070 0.511805E-01
-010 -055 0.533016E-01
-010 -040 0.755450E-01
-010 -025 0.964236E-01
-010 -010 0.556834E-01
-010 000 0.209778E-01
-010 015 -0.173385E-02
-010 030 0.235643E-01
-010 050 0.564615E-01
-010 070 0.191460E-01
-010 090 0.147975E-01
-010 110 0.478384E-02
-010 130 0.563254E-02
-010 145 0.321643E-01
-010 160 0.873070E-01
-010 -200 0.873070E-01
-010 170 0.108885E+00
-010 -190 0.108885E+00
-010 180 0.108911E+00
-010 -180 0.108911E+00
000 -165 0.125768E-01
000 195 0.125768E-01
000 -150 0.161890E-01
000 210 0.161890E-01
000 -115 0.461441E-01
000 -100 0.741801E-01
000 -085 0.648907E-01
000 -070 0.576988E-01
000 -055 0.653759E-01
000 -040 0.100996E+00
000 -025 0.776724E-01
000 -010 0.273770E-01
000 000 0.397010E-02
000 015 0.405871E-02
000 030 0.346800E-01
000 050 0.410660E-01
000 070 0.132229E-01
000 090 0.208863E-01
000 110 0.181313E-01
000 130 0.246469E-01
000 145 0.410733E-01
000 160 0.593430E-01
000 -200 0.593430E-01
000 170 0.557945E-01
000 -190 0.557945E-01
000 180 0.104859E+00
000 -180 0.104859E+00
015 -150 0.281954E-02
015 210 0.281954E-02
015 -130 -0.130578E-01
015 -115 0.187579E-01
015 -100 0.454111E-01
015 -085 0.426052E-01
015 -070 0.490960E-01
015 -055 0.942567E-01
015 -040 0.102691E+00
015 -025 0.771121E-01
015 -010 0.505395E-01
015 000 0.500530E-01
015 015 0.580136E-01
015 030 0.527498E-01
015 070 -0.333038E-02
015 090 0.237721E-01
015 110 0.422352E-01
015 130 0.644779E-01
015 145 0.816325E-01
015 160 0.927079E-01
015 -200 0.927079E-01
015 170 0.534368E-01
015 -190 0.534368E-01
015 180 0.806976E-01
015 -180 0.806976E-01
030 -150 -0.457842E-01
030 210 -0.457842E-01
030 -130 -0.459073E-01
030 -115 -0.202803E-01
030 -100 -0.799239E-02
030 -085 -0.115496E-01
030 -070 0.498685E-01
030 -055 0.100839E+00
030 -040 0.110958E+00
030 -025 0.108421E+00
030 -010 0.950083E-01
030 000 0.844707E-01
030 015 0.534321E-01
030 030 -0.447322E-02
030 050 -0.353979E-01
030 070 -0.237155E-01
030 090 0.135453E-01
030 110 0.645296E-01
030 130 0.120754E+00
030 145 0.607864E-01
030 160 0.127231E+00
030 -200 0.127231E+00
030 170 0.215622E+00
030 -190 0.215622E+00
030 180 0.110962E+00
030 -180 0.110962E+00
050 -165 -0.892060E-01
050 195 -0.892060E-01
050 -150 -0.945915E-01
050 210 -0.945915E-01
050 -130 -0.709664E-01
050 -115 -0.614129E-01
050 -100 -0.497209E-01
050 -085 -0.134848E-01
050 -070 0.331737E-01
050 -055 0.553690E-01
050 -040 0.792945E-01
050 -025 -0.218333E-02
050 -010 0.198973E-01
050 000 0.652333E-02
050 015 -0.330515E-01
050 030 -0.604346E-01
050 050 -0.661499E-01
050 070 -0.560527E-01
050 090 -0.340182E-01
050 110 0.416098E-01
050 130 0.532337E-01
050 145 0.487342E-01
050 160 0.232588E-01
050 -200 0.232588E-01
050 170 -0.147615E-01
050 -190 -0.147615E-01
050 180 -0.371230E-01
050 -180 -0.371230E-01
070 -165 -0.572409E-01
070 195 -0.572409E-01
070 -150 -0.424979E-01
070 210 -0.424979E-01
070 -130 -0.521100E-01
070 -115 -0.552211E-01
070 -100 -0.522171E-01
070 -085 -0.326199E-01
070 -070 -0.135845E-01
070 -055 -0.111789E-01
070 -040 -0.944703E-02
070 -025 -0.151074E-01
070 -010 -0.243006E-01
070 000 -0.435441E-01
070 015 -0.752325E-01
070 030 -0.910898E-01
070 050 -0.793855E-01
070 070 -0.522352E-01
070 090 0.180022E-02
070 110 0.405125E-01
070 130 0.926323E-02
070 145 -0.357926E-01
070 160 -0.705024E-01
070 -200 -0.705024E-01
070 170 -0.766933E-01
070 -190 -0.766933E-01
090 -165 0.181131E-01
090 195 0.181131E-01
090 -150 -0.563053E-03
090 210 -0.563053E-03
090 -130 -0.425463E-01
090 -115 -0.678846E-01
090 -100 -0.794989E-01
090 -085 -0.735283E-01
090 -070 -0.611574E-01
090 -055 -0.511631E-01
090 -040 -0.404600E-01
090 -025 -0.320710E-01
090 -010 -0.373406E-01
090 000 -0.567306E-01
090 015 -0.837274E-01
090 030 -0.101301E+00
090 050 -0.751956E-01
090 070 -0.500938E-01
090 090 -0.601830E-02
090 110 0.144908E-01
090 130 -0.105050E-01
090 145 -0.327300E-01
090 160 -0.401498E-01
090 -200 -0.401498E-01
090 170 -0.247350E-01
090 -190 -0.247350E-01
090 180 -0.653083E-02
090 -180 -0.653083E-02
110 -165 0.226219E-01
110 195 0.226219E-01
110 -150 -0.279687E-01
110 210 -0.279687E-01
110 -130 -0.806184E-01
110 -115 -0.956100E-01
110 -100 -0.101949E+00
110 -085 -0.108151E+00
110 -070 -0.110331E+00
110 -055 -0.955558E-01
110 -040 -0.673296E-01
110 -025 -0.413402E-01
110 -010 -0.333733E-01
110 000 -0.403667E-01
110 015 -0.601325E-01
110 030 -0.712569E-01
110 050 -0.618717E-01
110 070 -0.358572E-01
110 090 -0.868599E-02
110 110 0.652462E-02
110 130 -0.603060E-02
110 145 -0.181571E-01
110 160 0.970758E-04
110 -200 0.970758E-04
110 170 0.301466E-01
110 -190 0.301466E-01
110 180 0.453562E-01
110 -180 0.453562E-01
130 -165 -0.100350E+00
130 195 -0.100350E+00
130 -150 -0.157938E+00
130 210 -0.157938E+00
130 -130 -0.166170E+00
130 -115 -0.137076E+00
130 -100 -0.103015E+00
130 -085 -0.102942E+00
130 -070 -0.124119E+00
130 -055 -0.128003E+00
130 -040 -0.104225E+00
130 -010 -0.547205E-01
130 000 -0.522315E-01
130 015 -0.601711E-01
130 030 -0.638071E-01
130 050 0.145216E-01
130 070 0.429735E-02
130 090 0.329161E-02
130 110 0.811769E-02
130 130 -0.274130E-02
130 145 0.135844E-01
130 160 0.269913E-01
130 -200 0.269913E-01
130 170 0.108160E-01
130 -190 0.108160E-01
130 180 -0.254205E-01
130 -180 -0.254205E-01
150 -165 -0.245145E+00
-210 -165 -0.245145E+00
150 195 -0.245145E+00
150 -150 -0.265763E+00
-210 -150 -0.265763E+00
150 210 -0.265763E+00
150 -130 -0.216430E+00
-210 -130 -0.216430E+00
150 -115 -0.144443E+00
-210 -115 -0.144443E+00
150 -100 -0.839128E-01
-210 -100 -0.839128E-01
150 -085 -0.828082E-01
-210 -085 -0.828082E-01
150 -070 -0.122754E+00
-210 -070 -0.122754E+00
150 -055 -0.143627E+00
-210 -055 -0.143627E+00
150 -040 -0.135046E+00
-210 -040 -0.135046E+00
150 -025 -0.123520E+00
-210 -025 -0.123520E+00
150 -010 -0.124429E+00
-210 -010 -0.124429E+00
150 000 -0.130149E+00
-210 000 -0.130149E+00
150 015 -0.690399E-01
-210 015 -0.690399E-01
150 030 -0.145555E-01
-210 030 -0.145555E-01
150 050 0.169360E-01
-210 050 0.169360E-01
150 070 0.843511E-02
-210 070 0.843511E-02
150 090 0.424009E-02
-210 090 0.424009E-02
150 110 0.966458E-02
-210 110 0.966458E-02
150 130 0.663373E-02
-210 130 0.663373E-02
150 145 -0.167580E-01
-210 145 -0.167580E-01
150 160 -0.711970E-01
-210 160 -0.711970E-01
150 -200 -0.711970E-01
-210 -200 -0.711970E-01
150 170 -0.122048E+00
-210 170 -0.122048E+00
150 -190 -0.122048E+00
-210 -190 -0.122048E+00
150 180 -0.177744E+00
-210 180 -0.177744E+00
150 -180 -0.177744E+00
-210 -180 -0.177744E+00
165 -165 -0.292240E+00
-195 -165 -0.292240E+00
165 195 -0.292240E+00
165 -150 -0.273750E+00
-195 -150 -0.273750E+00
165 210 -0.273750E+00
165 -130 -0.185195E+00
-195 -130 -0.185195E+00
165 -115 -0.105467E+00
-195 -115 -0.105467E+00
165 -100 -0.488949E-01
-195 -100 -0.488949E-01
165 -085 -0.598082E-01
-195 -085 -0.598082E-01
165 -070 -0.100767E+00
-195 -070 -0.100767E+00
165 -055 -0.120811E+00
-195 -055 -0.120811E+00
165 -040 -0.126818E+00
-195 -040 -0.126818E+00
165 -025 -0.140725E+00
-195 -025 -0.140725E+00
165 -010 -0.192036E+00
-195 -010 -0.192036E+00
165 000 -0.164365E+00
-195 000 -0.164365E+00
165 015 -0.109532E+00
-195 015 -0.109532E+00
165 030 -0.593669E-01
-195 030 -0.593669E-01
165 050 -0.265558E-01
-195 050 -0.265558E-01
165 070 -0.214859E-01
-195 070 -0.214859E-01
165 090 -0.654670E-02
-195 090 -0.654670E-02
165 110 0.894995E-02
-195 110 0.894995E-02
165 130 -0.187843E-01
-195 130 -0.187843E-01
165 145 -0.722814E-01
-195 145 -0.722814E-01
165 160 -0.151614E+00
-195 160 -0.151614E+00
165 -200 -0.151614E+00
-195 -200 -0.151614E+00
165 170 -0.205261E+00
-195 170 -0.205261E+00
165 -190 -0.205261E+00
-195 -190 -0.205261E+00
165 180 -0.254798E+00
-195 180 -0.254798E+00
165 -180 -0.254798E+00
-195 -180 -0.254798E+00
180 -165 -0.266900E+00
-180 -165 -0.266900E+00
180 195 -0.266900E+00
180 -150 -0.215620E+00
-180 -150 -0.215620E+00
180 210 -0.215620E+00
180 -130 -0.114041E+00
-180 -130 -0.114041E+00
180 -115 -0.469663E-01
-180 -115 -0.469663E-01
180 -100 -0.150718E-01
-180 -100 -0.150718E-01
180 -085 -0.315448E-01
-180 -085 -0.315448E-01
180 -070 -0.545231E-01
-180 -070 -0.545231E-01
180 -055 -0.690713E-01
-180 -055 -0.690713E-01
180 -040 -0.836960E-01
-180 -040 -0.836960E-01
180 -025 -0.116897E+00
-180 -025 -0.116897E+00
180 -010 -0.188886E+00
-180 -010 -0.188886E+00
180 000 -0.170394E+00
-180 000 -0.170394E+00
180 015 -0.133335E+00
-180 015 -0.133335E+00
180 030 -0.993213E-01
-180 030 -0.993213E-01
180 070 -0.603241E-01
-180 070 -0.603241E-01
180 090 -0.163294E-01
-180 090 -0.163294E-01
180 110 0.106818E-02
-180 110 0.106818E-02
180 130 -0.466717E-01
-180 130 -0.466717E-01
180 145 -0.113237E+00
-180 145 -0.113237E+00
180 160 -0.190427E+00
-180 160 -0.190427E+00
180 -200 -0.190427E+00
-180 -200 -0.190427E+00
180 170 -0.233139E+00
-180 170 -0.233139E+00
180 -190 -0.233139E+00
-180 -190 -0.233139E+00
180 180 -0.264605E+00
-180 180 -0.264605E+00
180 -180 -0.264605E+00
-180 -180 -0.264605E+00
