PHI PSI J_11_12
-165 -165 -0.859274E+02
195 -165 -0.859274E+02
-165 195 -0.859274E+02
195 195 -0.859274E+02
-165 -150 -0.843416E+02
195 -150 -0.843416E+02
-165 210 -0.843416E+02
195 210 -0.843416E+02
-165 -130 -0.827171E+02
195 -130 -0.827171E+02
-165 -115 -0.822427E+02
195 -115 -0.822427E+02
-165 -100 -0.834857E+02
195 -100 -0.834857E+02
-165 -085 -0.856926E+02
195 -085 -0.856926E+02
-165 -070 -0.856193E+02
195 -070 -0.856193E+02
-165 -055 -0.849948E+02
195 -055 -0.849948E+02
-165 -040 -0.823683E+02
195 -040 -0.823683E+02
-165 -025 -0.794492E+02
195 -025 -0.794492E+02
-165 -010 -0.753701E+02
195 -010 -0.753701E+02
-165 000 -0.762482E+02
195 000 -0.762482E+02
-165 015 -0.782628E+02
195 015 -0.782628E+02
-165 030 -0.802350E+02
195 030 -0.802350E+02
-165 050 -0.817784E+02
195 050 -0.817784E+02
-165 070 -0.819131E+02
195 070 -0.819131E+02
-165 090 -0.821903E+02
195 090 -0.821903E+02
-165 110 -0.838000E+02
195 110 -0.838000E+02
-165 130 -0.857678E+02
195 130 -0.857678E+02
-165 145 -0.872311E+02
195 145 -0.872311E+02
-165 160 -0.879455E+02
195 160 -0.879455E+02
-165 -200 -0.879455E+02
-165 170 -0.878411E+02
195 170 -0.878411E+02
-165 -190 -0.878411E+02
-165 180 -0.878803E+02
195 180 -0.878803E+02
-165 -180 -0.878803E+02
-150 -165 -0.828984E+02
210 -165 -0.828984E+02
-150 195 -0.828984E+02
210 195 -0.828984E+02
-150 -150 -0.811908E+02
210 -150 -0.811908E+02
-150 210 -0.811908E+02
210 210 -0.811908E+02
-150 -130 -0.806130E+02
210 -130 -0.806130E+02
-150 -115 -0.821590E+02
210 -115 -0.821590E+02
-150 -100 -0.860410E+02
210 -100 -0.860410E+02
-150 -085 -0.855840E+02
210 -085 -0.855840E+02
-150 -070 -0.855906E+02
210 -070 -0.855906E+02
-150 -055 -0.847062E+02
210 -055 -0.847062E+02
-150 -040 -0.818817E+02
210 -040 -0.818817E+02
-150 -025 -0.781613E+02
210 -025 -0.781613E+02
-150 -010 -0.773851E+02
210 -010 -0.773851E+02
-150 000 -0.785691E+02
210 000 -0.785691E+02
-150 015 -0.799894E+02
210 015 -0.799894E+02
-150 030 -0.814278E+02
210 030 -0.814278E+02
-150 050 -0.830075E+02
210 050 -0.830075E+02
-150 070 -0.833276E+02
210 070 -0.833276E+02
-150 090 -0.838592E+02
210 090 -0.838592E+02
-150 110 -0.856286E+02
210 110 -0.856286E+02
-150 130 -0.871710E+02
210 130 -0.871710E+02
-150 145 -0.876856E+02
210 145 -0.876856E+02
-150 160 -0.871173E+02
210 160 -0.871173E+02
-150 -200 -0.871173E+02
-150 170 -0.861018E+02
210 170 -0.861018E+02
-150 -190 -0.861018E+02
-125 -165 -0.793595E+02
-125 195 -0.793595E+02
-125 -150 -0.796539E+02
-125 210 -0.796539E+02
-125 -130 -0.827552E+02
-125 -115 -0.844764E+02
-125 -100 -0.847558E+02
-125 -085 -0.846991E+02
-125 -070 -0.844604E+02
-125 -055 -0.829604E+02
-125 -040 -0.797221E+02
-125 -025 -0.799893E+02
-125 -010 -0.807443E+02
-125 000 -0.813971E+02
-125 015 -0.824583E+02
-125 030 -0.835393E+02
-125 050 -0.844288E+02
-125 070 -0.845927E+02
-125 090 -0.854201E+02
-125 110 -0.860948E+02
-125 130 -0.857603E+02
-125 145 -0.850203E+02
-125 160 -0.829452E+02
-125 -200 -0.829452E+02
-125 170 -0.817423E+02
-125 -190 -0.817423E+02
-100 -165 -0.796709E+02
-100 195 -0.796709E+02
-100 -150 -0.805022E+02
-100 210 -0.805022E+02
-100 -130 -0.816987E+02
-100 -115 -0.819513E+02
-100 -100 -0.818790E+02
-100 -085 -0.828734E+02
-100 -070 -0.834332E+02
-100 -055 -0.829750E+02
-100 -040 -0.822974E+02
-100 -025 -0.827864E+02
-100 -010 -0.829443E+02
-100 000 -0.835577E+02
-100 015 -0.843951E+02
-100 030 -0.847137E+02
-100 050 -0.851152E+02
-100 070 -0.853526E+02
-100 090 -0.856915E+02
-100 110 -0.845314E+02
-100 130 -0.829946E+02
-100 145 -0.811075E+02
-100 160 -0.798700E+02
-100 -200 -0.798700E+02
-100 170 -0.792577E+02
-100 -190 -0.792577E+02
-085 -165 -0.791835E+02
-085 195 -0.791835E+02
-085 -150 -0.786364E+02
-085 210 -0.786364E+02
-085 -130 -0.784824E+02
-085 -115 -0.784174E+02
-085 -100 -0.796320E+02
-085 -085 -0.809795E+02
-085 -070 -0.828917E+02
-085 -055 -0.835690E+02
-085 -040 -0.833596E+02
-085 -025 -0.833954E+02
-085 -010 -0.843510E+02
-085 000 -0.847507E+02
-085 015 -0.845596E+02
-085 030 -0.844140E+02
-085 050 -0.849025E+02
-085 070 -0.853487E+02
-085 090 -0.852952E+02
-085 110 -0.839365E+02
-085 130 -0.820167E+02
-085 145 -0.804473E+02
-085 160 -0.796996E+02
-085 -200 -0.796996E+02
-085 170 -0.794959E+02
-085 -190 -0.794959E+02
-085 180 -0.794959E+02
-085 -180 -0.794959E+02
-070 -165 -0.768913E+02
-070 195 -0.768913E+02
-070 -150 -0.753939E+02
-070 210 -0.753939E+02
-070 -130 -0.743974E+02
-070 -115 -0.745623E+02
-070 -100 -0.767746E+02
-070 -085 -0.792510E+02
-070 -070 -0.830059E+02
-070 -055 -0.839717E+02
-070 -040 -0.837114E+02
-070 -025 -0.847066E+02
-070 -010 -0.846818E+02
-070 000 -0.841536E+02
-070 015 -0.832173E+02
-070 030 -0.829859E+02
-070 050 -0.828566E+02
-070 070 -0.829454E+02
-070 090 -0.827558E+02
-070 110 -0.826216E+02
-070 130 -0.815727E+02
-070 145 -0.810184E+02
-070 160 -0.801416E+02
-070 -200 -0.801416E+02
-070 170 -0.792355E+02
-070 -190 -0.792355E+02
-055 -165 -0.730962E+02
-055 195 -0.730962E+02
-055 -150 -0.712113E+02
-055 210 -0.712113E+02
-055 -130 -0.702696E+02
-055 -115 -0.724520E+02
-055 -100 -0.755601E+02
-055 -085 -0.796505E+02
-055 -070 -0.834888E+02
-055 -055 -0.840340E+02
-055 -040 -0.846186E+02
-055 -025 -0.843124E+02
-055 -010 -0.825673E+02
-055 000 -0.815850E+02
-055 015 -0.808994E+02
-055 030 -0.810646E+02
-055 050 -0.803550E+02
-055 070 -0.803050E+02
-055 090 -0.800928E+02
-055 110 -0.811784E+02
-055 130 -0.812933E+02
-055 145 -0.808610E+02
-055 160 -0.791448E+02
-055 -200 -0.791448E+02
-055 170 -0.773629E+02
-055 -190 -0.773629E+02
-055 180 -0.749226E+02
-055 -180 -0.749226E+02
-040 -165 -0.696434E+02
-040 195 -0.696434E+02
-040 -150 -0.680643E+02
-040 210 -0.680643E+02
-040 -130 -0.688947E+02
-040 -115 -0.733343E+02
-040 -100 -0.793305E+02
-040 -085 -0.826535E+02
-040 -070 -0.832841E+02
-040 -055 -0.839150E+02
-040 -040 -0.831557E+02
-040 -025 -0.811208E+02
-040 -010 -0.795694E+02
-040 000 -0.796584E+02
-040 015 -0.808123E+02
-040 030 -0.802730E+02
-040 050 -0.794978E+02
-040 070 -0.786452E+02
-040 090 -0.788564E+02
-040 110 -0.810950E+02
-040 130 -0.827977E+02
-040 145 -0.788601E+02
-040 160 -0.766050E+02
-040 -200 -0.766050E+02
-040 170 -0.743793E+02
-040 -190 -0.743793E+02
-040 180 -0.722932E+02
-040 -180 -0.722932E+02
-025 -165 -0.677561E+02
-025 195 -0.677561E+02
-025 -150 -0.672744E+02
-025 210 -0.672744E+02
-025 -130 -0.762131E+02
-025 -115 -0.754309E+02
-025 -100 -0.786861E+02
-025 -085 -0.816102E+02
-025 -070 -0.830927E+02
-025 -055 -0.822275E+02
-025 -040 -0.801368E+02
-025 -025 -0.821261E+02
-025 -010 -0.823736E+02
-025 000 -0.808741E+02
-025 015 -0.809609E+02
-025 030 -0.808761E+02
-025 050 -0.802130E+02
-025 070 -0.796309E+02
-025 090 -0.818210E+02
-025 110 -0.817936E+02
-025 130 -0.795683E+02
-025 145 -0.764323E+02
-025 160 -0.735111E+02
-025 -200 -0.735111E+02
-025 170 -0.717913E+02
-025 -190 -0.717913E+02
-025 180 -0.703198E+02
-025 -180 -0.703198E+02
-010 -150 -0.721363E+02
-010 210 -0.721363E+02
-010 -130 -0.737915E+02
-010 -115 -0.763069E+02
-010 -100 -0.789170E+02
-010 -085 -0.821484E+02
-010 -070 -0.816369E+02
-010 -055 -0.790596E+02
-010 -040 -0.781035E+02
-010 -025 -0.804402E+02
-010 -010 -0.802512E+02
-010 000 -0.802059E+02
-010 015 -0.803549E+02
-010 030 -0.805518E+02
-010 050 -0.808268E+02
-010 070 -0.812568E+02
-010 090 -0.822468E+02
-010 110 -0.801317E+02
-010 130 -0.767045E+02
-010 145 -0.744139E+02
-010 160 -0.720610E+02
-010 -200 -0.720610E+02
-010 170 -0.710286E+02
-010 -190 -0.710286E+02
-010 180 -0.699281E+02
-010 -180 -0.699281E+02
000 -165 -0.713752E+02
000 195 -0.713752E+02
000 -150 -0.723311E+02
000 210 -0.723311E+02
000 -115 -0.768913E+02
000 -100 -0.805983E+02
000 -085 -0.822590E+02
000 -070 -0.803058E+02
000 -055 -0.782149E+02
000 -040 -0.804477E+02
000 -025 -0.800748E+02
000 -010 -0.799924E+02
000 000 -0.799463E+02
000 015 -0.801127E+02
000 030 -0.804353E+02
000 050 -0.811784E+02
000 070 -0.812800E+02
000 090 -0.820664E+02
000 110 -0.785006E+02
000 130 -0.751894E+02
000 145 -0.733603E+02
000 160 -0.717190E+02
000 -200 -0.717190E+02
000 170 -0.718213E+02
000 -190 -0.718213E+02
000 180 -0.739041E+02
000 -180 -0.739041E+02
015 -150 -0.729297E+02
015 210 -0.729297E+02
015 -130 -0.767490E+02
015 -115 -0.800059E+02
015 -100 -0.824048E+02
015 -085 -0.818094E+02
015 -070 -0.797414E+02
015 -055 -0.806336E+02
015 -040 -0.802605E+02
015 -025 -0.800608E+02
015 -010 -0.801545E+02
015 000 -0.802058E+02
015 015 -0.804949E+02
015 030 -0.809888E+02
015 070 -0.824416E+02
015 090 -0.808299E+02
015 110 -0.764078E+02
015 130 -0.741712E+02
015 145 -0.735478E+02
015 160 -0.732033E+02
015 -200 -0.732033E+02
015 170 -0.694569E+02
015 -190 -0.694569E+02
015 180 -0.691347E+02
015 -180 -0.691347E+02
030 -150 -0.754970E+02
030 210 -0.754970E+02
030 -130 -0.797600E+02
030 -115 -0.820749E+02
030 -100 -0.828217E+02
030 -085 -0.804557E+02
030 -070 -0.796766E+02
030 -055 -0.796106E+02
030 -040 -0.802943E+02
030 -025 -0.803970E+02
030 -010 -0.809393E+02
030 000 -0.810773E+02
030 015 -0.815792E+02
030 030 -0.813325E+02
030 050 -0.830464E+02
030 070 -0.829346E+02
030 090 -0.800725E+02
030 110 -0.768909E+02
030 130 -0.804107E+02
030 145 -0.701255E+02
030 160 -0.674768E+02
030 -200 -0.674768E+02
030 170 -0.675341E+02
030 -190 -0.675341E+02
030 180 -0.692564E+02
030 -180 -0.692564E+02
050 -165 -0.770896E+02
050 195 -0.770896E+02
050 -150 -0.794872E+02
050 210 -0.794872E+02
050 -130 -0.825631E+02
050 -115 -0.821764E+02
050 -100 -0.808298E+02
050 -085 -0.804235E+02
050 -070 -0.803878E+02
050 -055 -0.801137E+02
050 -040 -0.801564E+02
050 -025 -0.802468E+02
050 -010 -0.823677E+02
050 000 -0.829117E+02
050 015 -0.830167E+02
050 030 -0.843798E+02
050 050 -0.838259E+02
050 070 -0.823760E+02
050 090 -0.826802E+02
050 110 -0.765672E+02
050 130 -0.723974E+02
050 145 -0.709399E+02
050 160 -0.718788E+02
050 -200 -0.718788E+02
050 170 -0.732334E+02
050 -190 -0.732334E+02
050 180 -0.758111E+02
050 -180 -0.758111E+02
070 -165 -0.815402E+02
070 195 -0.815402E+02
070 -150 -0.826979E+02
070 210 -0.826979E+02
070 -130 -0.842152E+02
070 -115 -0.843668E+02
070 -100 -0.845399E+02
070 -085 -0.846955E+02
070 -070 -0.843750E+02
070 -055 -0.840685E+02
070 -040 -0.842018E+02
070 -025 -0.842484E+02
070 -010 -0.843307E+02
070 000 -0.843880E+02
070 015 -0.840465E+02
070 030 -0.825309E+02
070 050 -0.811684E+02
070 070 -0.824531E+02
070 090 -0.820514E+02
070 110 -0.793064E+02
070 130 -0.775334E+02
070 145 -0.775544E+02
070 160 -0.784444E+02
070 -200 -0.784444E+02
070 170 -0.794965E+02
070 -190 -0.794965E+02
090 -165 -0.810626E+02
090 195 -0.810626E+02
090 -150 -0.828677E+02
090 210 -0.828677E+02
090 -130 -0.832743E+02
090 -115 -0.845559E+02
090 -100 -0.855123E+02
090 -085 -0.855736E+02
090 -070 -0.849345E+02
090 -055 -0.841408E+02
090 -040 -0.836460E+02
090 -025 -0.834741E+02
090 -010 -0.830558E+02
090 000 -0.825219E+02
090 015 -0.808165E+02
090 030 -0.798110E+02
090 050 -0.793981E+02
090 070 -0.831579E+02
090 090 -0.825300E+02
090 110 -0.816424E+02
090 130 -0.828194E+02
090 145 -0.814377E+02
090 160 -0.813330E+02
090 -200 -0.813330E+02
090 170 -0.816294E+02
090 -190 -0.816294E+02
090 180 -0.813789E+02
090 -180 -0.813789E+02
110 -165 -0.806510E+02
110 195 -0.806510E+02
110 -150 -0.817434E+02
110 210 -0.817434E+02
110 -130 -0.833128E+02
110 -115 -0.835451E+02
110 -100 -0.838549E+02
110 -085 -0.837621E+02
110 -070 -0.830604E+02
110 -055 -0.825662E+02
110 -040 -0.820684E+02
110 -025 -0.814385E+02
110 -010 -0.805310E+02
110 000 -0.796481E+02
110 015 -0.785407E+02
110 030 -0.775686E+02
110 050 -0.787526E+02
110 070 -0.821184E+02
110 090 -0.818521E+02
110 110 -0.815629E+02
110 130 -0.813731E+02
110 145 -0.810144E+02
110 160 -0.802211E+02
110 -200 -0.802211E+02
110 170 -0.791817E+02
110 -190 -0.791817E+02
110 180 -0.795289E+02
110 -180 -0.795289E+02
130 -165 -0.804483E+02
130 195 -0.804483E+02
130 -150 -0.822036E+02
130 210 -0.822036E+02
130 -130 -0.836327E+02
130 -115 -0.836755E+02
130 -100 -0.831288E+02
130 -085 -0.824217E+02
130 -070 -0.818045E+02
130 -055 -0.812623E+02
130 -040 -0.807358E+02
130 -010 -0.786199E+02
130 000 -0.778031E+02
130 015 -0.764501E+02
130 030 -0.753508E+02
130 050 -0.804716E+02
130 070 -0.817360E+02
130 090 -0.817530E+02
130 110 -0.823102E+02
130 130 -0.796290E+02
130 145 -0.760989E+02
130 160 -0.765145E+02
130 -200 -0.765145E+02
130 170 -0.768585E+02
130 -190 -0.768585E+02
130 180 -0.781066E+02
130 -180 -0.781066E+02
150 -165 -0.832800E+02
-210 -165 -0.832800E+02
150 195 -0.832800E+02
150 -150 -0.844373E+02
-210 -150 -0.844373E+02
150 210 -0.844373E+02
150 -130 -0.847809E+02
-210 -130 -0.847809E+02
150 -115 -0.841492E+02
-210 -115 -0.841492E+02
150 -100 -0.832349E+02
-210 -100 -0.832349E+02
150 -085 -0.824130E+02
-210 -085 -0.824130E+02
150 -070 -0.821667E+02
-210 -070 -0.821667E+02
150 -055 -0.817801E+02
-210 -055 -0.817801E+02
150 -040 -0.810480E+02
-210 -040 -0.810480E+02
150 -025 -0.798740E+02
-210 -025 -0.798740E+02
150 -010 -0.780850E+02
-210 -010 -0.780850E+02
150 000 -0.769408E+02
-210 000 -0.769408E+02
150 015 -0.734388E+02
-210 015 -0.734388E+02
150 030 -0.760227E+02
-210 030 -0.760227E+02
150 050 -0.802940E+02
-210 050 -0.802940E+02
150 070 -0.826653E+02
-210 070 -0.826653E+02
150 090 -0.826160E+02
-210 090 -0.826160E+02
150 110 -0.785205E+02
-210 110 -0.785205E+02
150 130 -0.770266E+02
-210 130 -0.770266E+02
150 145 -0.773699E+02
-210 145 -0.773699E+02
150 160 -0.786733E+02
-210 160 -0.786733E+02
150 -200 -0.786733E+02
-210 -200 -0.786733E+02
150 170 -0.799563E+02
-210 170 -0.799563E+02
150 -190 -0.799563E+02
-210 -190 -0.799563E+02
150 180 -0.813619E+02
-210 180 -0.813619E+02
150 -180 -0.813619E+02
-210 -180 -0.813619E+02
165 -165 -0.857197E+02
-195 -165 -0.857197E+02
165 195 -0.857197E+02
165 -150 -0.859724E+02
-195 -150 -0.859724E+02
165 210 -0.859724E+02
165 -130 -0.852801E+02
-195 -130 -0.852801E+02
165 -115 -0.842015E+02
-195 -115 -0.842015E+02
165 -100 -0.832640E+02
-195 -100 -0.832640E+02
165 -085 -0.832801E+02
-195 -085 -0.832801E+02
165 -070 -0.835073E+02
-195 -070 -0.835073E+02
165 -055 -0.833574E+02
-195 -055 -0.833574E+02
165 -040 -0.822727E+02
-195 -040 -0.822727E+02
165 -025 -0.804026E+02
-195 -025 -0.804026E+02
165 -010 -0.721910E+02
-195 -010 -0.721910E+02
165 000 -0.724368E+02
-195 000 -0.724368E+02
165 015 -0.744017E+02
-195 015 -0.744017E+02
165 030 -0.769050E+02
-195 030 -0.769050E+02
165 050 -0.805893E+02
-195 050 -0.805893E+02
165 070 -0.819225E+02
-195 070 -0.819225E+02
165 090 -0.791115E+02
-195 090 -0.791115E+02
165 110 -0.782095E+02
-195 110 -0.782095E+02
165 130 -0.790482E+02
-195 130 -0.790482E+02
165 145 -0.806502E+02
-195 145 -0.806502E+02
165 160 -0.824209E+02
-195 160 -0.824209E+02
165 -200 -0.824209E+02
-195 -200 -0.824209E+02
165 170 -0.835974E+02
-195 170 -0.835974E+02
165 -190 -0.835974E+02
-195 -190 -0.835974E+02
165 180 -0.847346E+02
-195 180 -0.847346E+02
165 -180 -0.847346E+02
-195 -180 -0.847346E+02
180 -165 -0.869471E+02
-180 -165 -0.869471E+02
180 195 -0.869471E+02
180 -150 -0.861010E+02
-180 -150 -0.861010E+02
180 210 -0.861010E+02
180 -130 -0.845035E+02
-180 -130 -0.845035E+02
180 -115 -0.835489E+02
-180 -115 -0.835489E+02
180 -100 -0.831007E+02
-180 -100 -0.831007E+02
180 -085 -0.851629E+02
-180 -085 -0.851629E+02
180 -070 -0.850374E+02
-180 -070 -0.850374E+02
180 -055 -0.845188E+02
-180 -055 -0.845188E+02
180 -040 -0.827960E+02
-180 -040 -0.827960E+02
180 -025 -0.804297E+02
-180 -025 -0.804297E+02
180 -010 -0.732479E+02
-180 -010 -0.732479E+02
180 000 -0.740226E+02
-180 000 -0.740226E+02
180 015 -0.761067E+02
-180 015 -0.761067E+02
180 030 -0.784845E+02
-180 030 -0.784845E+02
180 070 -0.807327E+02
-180 070 -0.807327E+02
180 090 -0.801183E+02
-180 090 -0.801183E+02
180 110 -0.805067E+02
-180 110 -0.805067E+02
180 130 -0.824812E+02
-180 130 -0.824812E+02
180 145 -0.843729E+02
-180 145 -0.843729E+02
180 160 -0.860855E+02
-180 160 -0.860855E+02
180 -200 -0.860855E+02
-180 -200 -0.860855E+02
180 170 -0.868359E+02
-180 170 -0.868359E+02
180 -190 -0.868359E+02
-180 -190 -0.868359E+02
180 180 -0.871939E+02
-180 180 -0.871939E+02
180 -180 -0.871939E+02
-180 -180 -0.871939E+02
