PHI PSI J_12_13
-165 -165 0.295018E+01
195 -165 0.295018E+01
-165 195 0.295018E+01
195 195 0.295018E+01
-165 -150 0.273032E+01
195 -150 0.273032E+01
-165 210 0.273032E+01
195 210 0.273032E+01
-165 -130 0.270377E+01
195 -130 0.270377E+01
-165 -115 0.303954E+01
195 -115 0.303954E+01
-165 -100 0.382548E+01
195 -100 0.382548E+01
-165 -085 0.433411E+01
195 -085 0.433411E+01
-165 -070 0.427595E+01
195 -070 0.427595E+01
-165 -055 0.425940E+01
195 -055 0.425940E+01
-165 -040 0.377290E+01
195 -040 0.377290E+01
-165 -025 0.317777E+01
195 -025 0.317777E+01
-165 -010 0.161487E+01
195 -010 0.161487E+01
-165 000 0.183765E+01
195 000 0.183765E+01
-165 015 0.239165E+01
195 015 0.239165E+01
-165 030 0.301130E+01
195 030 0.301130E+01
-165 050 0.359125E+01
195 050 0.359125E+01
-165 070 0.364246E+01
195 070 0.364246E+01
-165 090 0.334579E+01
195 090 0.334579E+01
-165 110 0.310551E+01
195 110 0.310551E+01
-165 130 0.300061E+01
195 130 0.300061E+01
-165 145 0.310443E+01
195 145 0.310443E+01
-165 160 0.320701E+01
195 160 0.320701E+01
-165 -200 0.320701E+01
-165 170 0.321039E+01
195 170 0.321039E+01
-165 -190 0.321039E+01
-165 180 0.323965E+01
195 180 0.323965E+01
-165 -180 0.323965E+01
-150 -165 0.239693E+01
210 -165 0.239693E+01
-150 195 0.239693E+01
210 195 0.239693E+01
-150 -150 0.220224E+01
210 -150 0.220224E+01
-150 210 0.220224E+01
210 210 0.220224E+01
-150 -130 0.245315E+01
210 -130 0.245315E+01
-150 -115 0.324841E+01
210 -115 0.324841E+01
-150 -100 0.435603E+01
210 -100 0.435603E+01
-150 -085 0.415264E+01
210 -085 0.415264E+01
-150 -070 0.408658E+01
210 -070 0.408658E+01
-150 -055 0.401597E+01
210 -055 0.401597E+01
-150 -040 0.358100E+01
210 -040 0.358100E+01
-150 -025 0.331630E+01
210 -025 0.331630E+01
-150 -010 0.187535E+01
210 -010 0.187535E+01
-150 000 0.217237E+01
210 000 0.217237E+01
-150 015 0.265309E+01
210 015 0.265309E+01
-150 030 0.317682E+01
210 030 0.317682E+01
-150 050 0.374582E+01
210 050 0.374582E+01
-150 070 0.380962E+01
210 070 0.380962E+01
-150 090 0.355174E+01
210 090 0.355174E+01
-150 110 0.338094E+01
210 110 0.338094E+01
-150 130 0.324909E+01
210 130 0.324909E+01
-150 145 0.316072E+01
210 145 0.316072E+01
-150 160 0.302300E+01
210 160 0.302300E+01
-150 -200 0.302300E+01
-150 170 0.285263E+01
210 170 0.285263E+01
-150 -190 0.285263E+01
-125 -165 0.150433E+01
-125 195 0.150433E+01
-125 -150 0.182432E+01
-125 210 0.182432E+01
-125 -130 0.305822E+01
-125 -115 0.380437E+01
-125 -100 0.392569E+01
-125 -085 0.372010E+01
-125 -070 0.352261E+01
-125 -055 0.301060E+01
-125 -040 0.224087E+01
-125 -025 0.225212E+01
-125 -010 0.247151E+01
-125 000 0.269843E+01
-125 015 0.313190E+01
-125 030 0.356130E+01
-125 050 0.392562E+01
-125 070 0.393001E+01
-125 090 0.374226E+01
-125 110 0.338526E+01
-125 130 0.282351E+01
-125 145 0.222274E+01
-125 160 0.199145E+01
-125 -200 0.199145E+01
-125 170 0.183775E+01
-125 -190 0.183775E+01
-100 -165 0.146194E+01
-100 195 0.146194E+01
-100 -150 0.213850E+01
-100 210 0.213850E+01
-100 -130 0.307131E+01
-100 -115 0.334766E+01
-100 -100 0.328884E+01
-100 -085 0.325981E+01
-100 -070 0.315456E+01
-100 -055 0.295788E+01
-100 -040 0.280429E+01
-100 -025 0.290943E+01
-100 -010 0.307450E+01
-100 000 0.331088E+01
-100 015 0.363881E+01
-100 030 0.387601E+01
-100 050 0.415809E+01
-100 070 0.408706E+01
-100 090 0.371941E+01
-100 110 0.297275E+01
-100 130 0.196592E+01
-100 145 0.148933E+01
-100 160 0.111199E+01
-100 -200 0.111199E+01
-100 170 0.991094E+00
-100 -190 0.991094E+00
-085 -165 0.161209E+01
-085 195 0.161209E+01
-085 -150 0.203809E+01
-085 210 0.203809E+01
-085 -130 0.256509E+01
-085 -115 0.271646E+01
-085 -100 0.287388E+01
-085 -085 0.290113E+01
-085 -070 0.307649E+01
-085 -055 0.318916E+01
-085 -040 0.314449E+01
-085 -025 0.322487E+01
-085 -010 0.349687E+01
-085 000 0.366286E+01
-085 015 0.378142E+01
-085 030 0.393856E+01
-085 050 0.419592E+01
-085 070 0.409073E+01
-085 090 0.364380E+01
-085 110 0.286668E+01
-085 130 0.194778E+01
-085 145 0.135111E+01
-085 160 0.108900E+01
-085 -200 0.108900E+01
-085 170 0.109653E+01
-085 -190 0.109653E+01
-085 180 0.123833E+01
-085 -180 0.123833E+01
-070 -165 0.145206E+01
-070 195 0.145206E+01
-070 -150 0.165258E+01
-070 210 0.165258E+01
-070 -130 0.193929E+01
-070 -115 0.207791E+01
-070 -100 0.238391E+01
-070 -085 0.261282E+01
-070 -070 0.320091E+01
-070 -055 0.340295E+01
-070 -040 0.340149E+01
-070 -025 0.358973E+01
-070 -010 0.363882E+01
-070 000 0.361319E+01
-070 015 0.360961E+01
-070 030 0.379971E+01
-070 050 0.382900E+01
-070 070 0.363872E+01
-070 090 0.321256E+01
-070 110 0.269512E+01
-070 130 0.197309E+01
-070 145 0.163140E+01
-070 160 0.140951E+01
-070 -200 0.140951E+01
-070 170 0.128792E+01
-070 -190 0.128792E+01
-055 -165 0.101909E+01
-055 195 0.101909E+01
-055 -150 0.109143E+01
-055 210 0.109143E+01
-055 -130 0.123456E+01
-055 -115 0.173581E+01
-055 -100 0.218560E+01
-055 -085 0.275095E+01
-055 -070 0.344086E+01
-055 -055 0.354186E+01
-055 -040 0.360885E+01
-055 -025 0.353329E+01
-055 -010 0.326221E+01
-055 000 0.316291E+01
-055 015 0.323930E+01
-055 030 0.341401E+01
-055 050 0.328410E+01
-055 070 0.311057E+01
-055 090 0.274488E+01
-055 110 0.253951E+01
-055 130 0.215017E+01
-055 145 0.192181E+01
-055 160 0.156038E+01
-055 -200 0.156038E+01
-055 170 0.127370E+01
-055 -190 0.127370E+01
-055 180 0.120215E+01
-055 -180 0.120215E+01
-040 -165 0.594602E+00
-040 195 0.594602E+00
-040 -150 0.603961E+00
-040 210 0.603961E+00
-040 -130 0.103834E+01
-040 -115 0.196047E+01
-040 -100 0.297015E+01
-040 -085 0.352754E+01
-040 -070 0.349568E+01
-040 -055 0.350980E+01
-040 -040 0.331057E+01
-040 -025 0.291171E+01
-040 -010 0.271156E+01
-040 000 0.285579E+01
-040 015 0.317001E+01
-040 030 0.311387E+01
-040 050 0.294041E+01
-040 070 0.268405E+01
-040 090 0.253133E+01
-040 110 0.271416E+01
-040 130 0.220327E+01
-040 145 0.183391E+01
-040 160 0.144020E+01
-040 -200 0.144020E+01
-040 170 0.106343E+01
-040 -190 0.106343E+01
-040 180 0.813486E+00
-040 -180 0.813486E+00
-025 -165 0.342487E+00
-025 195 0.342487E+00
-025 -150 0.517572E+00
-025 210 0.517572E+00
-025 -130 0.254142E+01
-025 -115 0.231441E+01
-025 -100 0.291843E+01
-025 -085 0.336511E+01
-025 -070 0.346957E+01
-025 -055 0.319370E+01
-025 -040 0.274988E+01
-025 -025 0.270716E+01
-025 -010 0.311833E+01
-025 000 0.298078E+01
-025 015 0.297013E+01
-025 030 0.296140E+01
-025 050 0.288277E+01
-025 070 0.280495E+01
-025 090 0.321630E+01
-025 110 0.307556E+01
-025 130 0.240005E+01
-025 145 0.165872E+01
-025 160 0.110991E+01
-025 -200 0.110991E+01
-025 170 0.843800E+00
-025 -190 0.843800E+00
-025 180 0.693338E+00
-025 -180 0.693338E+00
-010 -150 0.160359E+01
-010 210 0.160359E+01
-010 -130 0.193124E+01
-010 -115 0.245913E+01
-010 -100 0.294040E+01
-010 -085 0.345570E+01
-010 -070 0.317932E+01
-010 -055 0.260441E+01
-010 -040 0.240156E+01
-010 -025 0.293179E+01
-010 -010 0.282707E+01
-010 000 0.277097E+01
-010 015 0.273728E+01
-010 030 0.275758E+01
-010 050 0.288348E+01
-010 070 0.318285E+01
-010 090 0.345329E+01
-010 110 0.287398E+01
-010 130 0.202561E+01
-010 145 0.150774E+01
-010 160 0.105982E+01
-010 -200 0.105982E+01
-010 170 0.899353E+00
-010 -190 0.899353E+00
-010 180 0.762080E+00
-010 -180 0.762080E+00
000 -165 0.149155E+01
000 195 0.149155E+01
000 -150 0.159670E+01
000 210 0.159670E+01
000 -115 0.249776E+01
000 -100 0.322932E+01
000 -085 0.347503E+01
000 -070 0.294887E+01
000 -055 0.248043E+01
000 -040 0.305443E+01
000 -025 0.293556E+01
000 -010 0.281532E+01
000 000 0.273609E+01
000 015 0.267700E+01
000 030 0.273117E+01
000 050 0.303446E+01
000 070 0.327625E+01
000 090 0.345562E+01
000 110 0.261072E+01
000 130 0.185741E+01
000 145 0.142759E+01
000 160 0.109029E+01
000 -200 0.109029E+01
000 170 0.123506E+01
000 -190 0.123506E+01
000 180 0.227435E+01
000 -180 0.227435E+01
015 -150 0.152209E+01
015 210 0.152209E+01
015 -130 0.228043E+01
015 -115 0.299542E+01
015 -100 0.352965E+01
015 -085 0.340455E+01
015 -070 0.295489E+01
015 -055 0.340048E+01
015 -040 0.318345E+01
015 -025 0.310636E+01
015 -010 0.296270E+01
015 000 0.288693E+01
015 015 0.287307E+01
015 030 0.298828E+01
015 070 0.353145E+01
015 090 0.324251E+01
015 110 0.232163E+01
015 130 0.184175E+01
015 145 0.171360E+01
015 160 0.240389E+01
015 -200 0.240389E+01
015 170 0.134727E+01
015 -190 0.134727E+01
015 180 0.106727E+01
015 -180 0.106727E+01
030 -150 0.172146E+01
030 210 0.172146E+01
030 -130 0.261120E+01
030 -115 0.323829E+01
030 -100 0.358040E+01
030 -085 0.340693E+01
030 -070 0.345667E+01
030 -055 0.348424E+01
030 -040 0.342506E+01
030 -025 0.341139E+01
030 -010 0.333212E+01
030 000 0.328402E+01
030 015 0.330873E+01
030 030 0.327726E+01
030 050 0.356696E+01
030 070 0.358769E+01
030 090 0.318529E+01
030 110 0.262396E+01
030 130 0.320324E+01
030 145 0.186584E+01
030 160 0.920098E+00
030 -200 0.920098E+00
030 170 0.130465E+01
030 -190 0.130465E+01
030 180 0.850603E+00
030 -180 0.850603E+00
050 -165 0.155525E+01
050 195 0.155525E+01
050 -150 0.192093E+01
050 210 0.192093E+01
050 -130 0.276499E+01
050 -115 0.297685E+01
050 -100 0.313137E+01
050 -085 0.345074E+01
050 -070 0.370401E+01
050 -055 0.378301E+01
050 -040 0.372930E+01
050 -025 0.337473E+01
050 -010 0.390057E+01
050 000 0.387636E+01
050 015 0.371494E+01
050 030 0.383741E+01
050 050 0.369327E+01
050 070 0.354072E+01
050 090 0.393039E+01
050 110 0.307805E+01
050 130 0.226442E+01
050 145 0.166203E+01
050 160 0.144120E+01
050 -200 0.144120E+01
050 170 0.142989E+01
050 -190 0.142989E+01
050 180 0.157935E+01
050 -180 0.157935E+01
070 -165 0.197080E+01
070 195 0.197080E+01
070 -150 0.213331E+01
070 210 0.213331E+01
070 -130 0.273609E+01
070 -115 0.318368E+01
070 -100 0.370327E+01
070 -085 0.415577E+01
070 -070 0.439650E+01
070 -055 0.449173E+01
070 -040 0.449874E+01
070 -025 0.438618E+01
070 -010 0.419304E+01
070 000 0.404522E+01
070 015 0.381630E+01
070 030 0.346159E+01
070 050 0.323058E+01
070 070 0.359361E+01
070 090 0.373960E+01
070 110 0.351510E+01
070 130 0.307525E+01
070 145 0.274404E+01
070 160 0.237402E+01
070 -200 0.237402E+01
070 170 0.223698E+01
070 -190 0.223698E+01
090 -165 0.161177E+01
090 195 0.161177E+01
090 -150 0.202472E+01
090 210 0.202472E+01
090 -130 0.247163E+01
090 -115 0.318176E+01
090 -100 0.392325E+01
090 -085 0.437500E+01
090 -070 0.454880E+01
090 -055 0.454634E+01
090 -040 0.441541E+01
090 -025 0.420617E+01
090 -010 0.388674E+01
090 000 0.364969E+01
090 015 0.318453E+01
090 030 0.291519E+01
090 050 0.289113E+01
090 070 0.366809E+01
090 090 0.383100E+01
090 110 0.390636E+01
090 130 0.400900E+01
090 145 0.336658E+01
090 160 0.271712E+01
090 -200 0.271712E+01
090 170 0.234794E+01
090 -190 0.234794E+01
090 180 0.194764E+01
090 -180 0.194764E+01
110 -165 0.155193E+01
110 195 0.155193E+01
110 -150 0.187864E+01
110 210 0.187864E+01
110 -130 0.255305E+01
110 -115 0.305843E+01
110 -100 0.366159E+01
110 -085 0.415942E+01
110 -070 0.432165E+01
110 -055 0.428983E+01
110 -040 0.405599E+01
110 -025 0.374967E+01
110 -010 0.335398E+01
110 000 0.304915E+01
110 015 0.268779E+01
110 030 0.247624E+01
110 050 0.279133E+01
110 070 0.339357E+01
110 090 0.367532E+01
110 110 0.378501E+01
110 130 0.348228E+01
110 145 0.286291E+01
110 160 0.203417E+01
110 -200 0.203417E+01
110 170 0.149122E+01
110 -190 0.149122E+01
110 180 0.143086E+01
110 -180 0.143086E+01
130 -165 0.174030E+01
130 195 0.174030E+01
130 -150 0.215461E+01
130 210 0.215461E+01
130 -130 0.273338E+01
130 -115 0.314188E+01
130 -100 0.355670E+01
130 -085 0.389441E+01
130 -070 0.403691E+01
130 -055 0.395776E+01
130 -040 0.370217E+01
130 -010 0.290234E+01
130 000 0.261776E+01
130 015 0.225118E+01
130 030 0.207500E+01
130 050 0.291924E+01
130 070 0.330656E+01
130 090 0.359433E+01
130 110 0.331203E+01
130 130 0.251794E+01
130 145 0.172697E+01
130 160 0.109647E+01
130 -200 0.109647E+01
130 170 0.110128E+01
130 -190 0.110128E+01
130 180 0.130955E+01
130 -180 0.130955E+01
150 -165 0.240342E+01
-210 -165 0.240342E+01
150 195 0.240342E+01
150 -150 0.267156E+01
-210 -150 0.267156E+01
150 210 0.267156E+01
150 -130 0.299845E+01
-210 -130 0.299845E+01
150 -115 0.325224E+01
-210 -115 0.325224E+01
150 -100 0.357449E+01
-210 -100 0.357449E+01
150 -085 0.385859E+01
-210 -085 0.385859E+01
150 -070 0.404536E+01
-210 -070 0.404536E+01
150 -055 0.396247E+01
-210 -055 0.396247E+01
150 -040 0.366292E+01
-210 -040 0.366292E+01
150 -025 0.323990E+01
-210 -025 0.323990E+01
150 -010 0.270686E+01
-210 -010 0.270686E+01
150 000 0.241342E+01
-210 000 0.241342E+01
150 015 0.160151E+01
-210 015 0.160151E+01
150 030 0.212826E+01
-210 030 0.212826E+01
150 050 0.306566E+01
-210 050 0.306566E+01
150 070 0.364091E+01
-210 070 0.364091E+01
150 090 0.375890E+01
-210 090 0.375890E+01
150 110 0.249755E+01
-210 110 0.249755E+01
150 130 0.158208E+01
-210 130 0.158208E+01
150 145 0.137052E+01
-210 145 0.137052E+01
150 160 0.151503E+01
-210 160 0.151503E+01
150 -200 0.151503E+01
-210 -200 0.151503E+01
150 170 0.174766E+01
-210 170 0.174766E+01
150 -190 0.174766E+01
-210 -190 0.174766E+01
150 180 0.199644E+01
-210 180 0.199644E+01
150 -180 0.199644E+01
-210 -180 0.199644E+01
165 -165 0.288300E+01
-195 -165 0.288300E+01
165 195 0.288300E+01
165 -150 0.298620E+01
-195 -150 0.298620E+01
165 210 0.298620E+01
165 -130 0.310313E+01
-195 -130 0.310313E+01
165 -115 0.326678E+01
-195 -115 0.326678E+01
165 -100 0.358683E+01
-195 -100 0.358683E+01
165 -085 0.401163E+01
-195 -085 0.401163E+01
165 -070 0.425405E+01
-195 -070 0.425405E+01
165 -055 0.415116E+01
-195 -055 0.415116E+01
165 -040 0.381723E+01
-195 -040 0.381723E+01
165 -025 0.330153E+01
-195 -025 0.330153E+01
165 -010 0.142678E+01
-195 -010 0.142678E+01
165 000 0.134898E+01
-195 000 0.134898E+01
165 015 0.173886E+01
-195 015 0.173886E+01
165 030 0.235721E+01
-195 030 0.235721E+01
165 050 0.330954E+01
-195 050 0.330954E+01
165 070 0.372542E+01
-195 070 0.372542E+01
165 090 0.300229E+01
-195 090 0.300229E+01
165 110 0.222904E+01
-195 110 0.222904E+01
165 130 0.184511E+01
-195 130 0.184511E+01
165 145 0.193068E+01
-195 145 0.193068E+01
165 160 0.220021E+01
-195 160 0.220021E+01
165 -200 0.220021E+01
-195 -200 0.220021E+01
165 170 0.241719E+01
-195 170 0.241719E+01
165 -190 0.241719E+01
-195 -190 0.241719E+01
165 180 0.266226E+01
-195 180 0.266226E+01
165 -180 0.266226E+01
-195 -180 0.266226E+01
180 -165 0.312714E+01
-180 -165 0.312714E+01
180 195 0.312714E+01
180 -150 0.303609E+01
-180 -150 0.303609E+01
180 210 0.303609E+01
180 -130 0.298056E+01
-180 -130 0.298056E+01
180 -115 0.315665E+01
-180 -115 0.315665E+01
180 -100 0.360066E+01
-180 -100 0.360066E+01
180 -085 0.440559E+01
-180 -085 0.440559E+01
180 -070 0.435088E+01
-180 -070 0.435088E+01
180 -055 0.427315E+01
-180 -055 0.427315E+01
180 -040 0.387743E+01
-180 -040 0.387743E+01
180 -025 0.330169E+01
-180 -025 0.330169E+01
180 -010 0.139297E+01
-180 -010 0.139297E+01
180 000 0.152626E+01
-180 000 0.152626E+01
180 015 0.203562E+01
-180 015 0.203562E+01
180 030 0.270018E+01
-180 030 0.270018E+01
180 070 0.352153E+01
-180 070 0.352153E+01
180 090 0.307446E+01
-180 090 0.307446E+01
180 110 0.254082E+01
-180 110 0.254082E+01
180 130 0.241826E+01
-180 130 0.241826E+01
180 145 0.257712E+01
-180 145 0.257712E+01
180 160 0.285394E+01
-180 160 0.285394E+01
180 -200 0.285394E+01
-180 -200 0.285394E+01
180 170 0.301690E+01
-180 170 0.301690E+01
180 -190 0.301690E+01
-180 -190 0.301690E+01
180 180 0.312219E+01
-180 180 0.312219E+01
180 -180 0.312219E+01
-180 -180 0.312219E+01
