PHI PSI J_13_16
-165 -165 0.504755E+02
195 -165 0.504755E+02
-165 195 0.504755E+02
195 195 0.504755E+02
-165 -150 0.510527E+02
195 -150 0.510527E+02
-165 210 0.510527E+02
195 210 0.510527E+02
-165 -130 0.522775E+02
195 -130 0.522775E+02
-165 -115 0.531412E+02
195 -115 0.531412E+02
-165 -100 0.538498E+02
195 -100 0.538498E+02
-165 -085 0.548984E+02
195 -085 0.548984E+02
-165 -070 0.552563E+02
195 -070 0.552563E+02
-165 -055 0.549803E+02
195 -055 0.549803E+02
-165 -040 0.546743E+02
195 -040 0.546743E+02
-165 -025 0.544910E+02
195 -025 0.544910E+02
-165 -010 0.560978E+02
195 -010 0.560978E+02
-165 000 0.553945E+02
195 000 0.553945E+02
-165 015 0.543683E+02
195 015 0.543683E+02
-165 030 0.537312E+02
195 030 0.537312E+02
-165 050 0.534073E+02
195 050 0.534073E+02
-165 070 0.538822E+02
195 070 0.538822E+02
-165 090 0.547875E+02
195 090 0.547875E+02
-165 110 0.551951E+02
195 110 0.551951E+02
-165 130 0.546821E+02
195 130 0.546821E+02
-165 145 0.535140E+02
195 145 0.535140E+02
-165 160 0.521083E+02
195 160 0.521083E+02
-165 -200 0.521083E+02
-165 170 0.512667E+02
195 170 0.512667E+02
-165 -190 0.512667E+02
-165 180 0.507715E+02
195 180 0.507715E+02
-165 -180 0.507715E+02
-150 -165 0.505886E+02
210 -165 0.505886E+02
-150 195 0.505886E+02
210 195 0.505886E+02
-150 -150 0.510687E+02
210 -150 0.510687E+02
-150 210 0.510687E+02
210 210 0.510687E+02
-150 -130 0.523015E+02
210 -130 0.523015E+02
-150 -115 0.532573E+02
210 -115 0.532573E+02
-150 -100 0.548717E+02
210 -100 0.548717E+02
-150 -085 0.556448E+02
210 -085 0.556448E+02
-150 -070 0.558751E+02
210 -070 0.558751E+02
-150 -055 0.555139E+02
210 -055 0.555139E+02
-150 -040 0.550729E+02
210 -040 0.550729E+02
-150 -025 0.551696E+02
210 -025 0.551696E+02
-150 -010 0.563660E+02
210 -010 0.563660E+02
-150 000 0.555306E+02
210 000 0.555306E+02
-150 015 0.546648E+02
210 015 0.546648E+02
-150 030 0.541753E+02
210 030 0.541753E+02
-150 050 0.539910E+02
210 050 0.539910E+02
-150 070 0.544216E+02
210 070 0.544216E+02
-150 090 0.552919E+02
210 090 0.552919E+02
-150 110 0.556319E+02
210 110 0.556319E+02
-150 130 0.549581E+02
210 130 0.549581E+02
-150 145 0.537017E+02
210 145 0.537017E+02
-150 160 0.522249E+02
210 160 0.522249E+02
-150 -200 0.522249E+02
-150 170 0.513108E+02
210 170 0.513108E+02
-150 -190 0.513108E+02
-125 -165 0.503865E+02
-125 195 0.503865E+02
-125 -150 0.511251E+02
-125 210 0.511251E+02
-125 -130 0.527844E+02
-125 -115 0.540910E+02
-125 -100 0.551921E+02
-125 -085 0.559405E+02
-125 -070 0.563152E+02
-125 -055 0.576144E+02
-125 -040 0.578251E+02
-125 -025 0.569612E+02
-125 -010 0.558909E+02
-125 000 0.553151E+02
-125 015 0.545727E+02
-125 030 0.541061E+02
-125 050 0.539012E+02
-125 070 0.545356E+02
-125 090 0.551529E+02
-125 110 0.552929E+02
-125 130 0.545054E+02
-125 145 0.534943E+02
-125 160 0.517169E+02
-125 -200 0.517169E+02
-125 170 0.511859E+02
-125 -190 0.511859E+02
-100 -165 0.504737E+02
-100 195 0.504737E+02
-100 -150 0.512471E+02
-100 210 0.512471E+02
-100 -130 0.526753E+02
-100 -115 0.537618E+02
-100 -100 0.547805E+02
-100 -085 0.556080E+02
-100 -070 0.562210E+02
-100 -055 0.570389E+02
-100 -040 0.565880E+02
-100 -025 0.557852E+02
-100 -010 0.553218E+02
-100 000 0.548185E+02
-100 015 0.539957E+02
-100 030 0.534341E+02
-100 050 0.535247E+02
-100 070 0.544176E+02
-100 090 0.547287E+02
-100 110 0.545682E+02
-100 130 0.536138E+02
-100 145 0.525377E+02
-100 160 0.512928E+02
-100 -200 0.512928E+02
-100 170 0.506366E+02
-100 -190 0.506366E+02
-085 -165 0.504628E+02
-085 195 0.504628E+02
-085 -150 0.510085E+02
-085 210 0.510085E+02
-085 -130 0.523664E+02
-085 -115 0.534253E+02
-085 -100 0.546003E+02
-085 -085 0.554258E+02
-085 -070 0.560176E+02
-085 -055 0.565043E+02
-085 -040 0.561804E+02
-085 -025 0.558653E+02
-085 -010 0.550011E+02
-085 000 0.545682E+02
-085 015 0.538300E+02
-085 030 0.533042E+02
-085 050 0.538231E+02
-085 070 0.543142E+02
-085 090 0.546307E+02
-085 110 0.545806E+02
-085 130 0.537796E+02
-085 145 0.526969E+02
-085 160 0.514695E+02
-085 -200 0.514695E+02
-085 170 0.508519E+02
-085 -190 0.508519E+02
-085 180 0.504708E+02
-085 -180 0.504708E+02
-070 -165 0.504567E+02
-070 195 0.504567E+02
-070 -150 0.510598E+02
-070 210 0.510598E+02
-070 -130 0.525974E+02
-070 -115 0.537891E+02
-070 -100 0.549963E+02
-070 -085 0.555410E+02
-070 -070 0.561653E+02
-070 -055 0.563703E+02
-070 -040 0.562682E+02
-070 -025 0.556290E+02
-070 -010 0.550067E+02
-070 000 0.544529E+02
-070 015 0.538746E+02
-070 030 0.535358E+02
-070 050 0.538630E+02
-070 070 0.542332E+02
-070 090 0.545957E+02
-070 110 0.548780E+02
-070 130 0.542296E+02
-070 145 0.533046E+02
-070 160 0.520766E+02
-070 -200 0.520766E+02
-070 170 0.512266E+02
-070 -190 0.512266E+02
-055 -165 0.510367E+02
-055 195 0.510367E+02
-055 -150 0.519120E+02
-055 210 0.519120E+02
-055 -130 0.535800E+02
-055 -115 0.551338E+02
-055 -100 0.558211E+02
-055 -085 0.561077E+02
-055 -070 0.564291E+02
-055 -055 0.564217E+02
-055 -040 0.560539E+02
-055 -025 0.554880E+02
-055 -010 0.548798E+02
-055 000 0.544994E+02
-055 015 0.541106E+02
-055 030 0.541230E+02
-055 050 0.542051E+02
-055 070 0.544286E+02
-055 090 0.547904E+02
-055 110 0.552349E+02
-055 130 0.548692E+02
-055 145 0.539453E+02
-055 160 0.527064E+02
-055 -200 0.527064E+02
-055 170 0.517909E+02
-055 -190 0.517909E+02
-055 180 0.518027E+02
-055 -180 0.518027E+02
-040 -165 0.521782E+02
-040 195 0.521782E+02
-040 -150 0.533517E+02
-040 210 0.533517E+02
-040 -130 0.552101E+02
-040 -115 0.563898E+02
-040 -100 0.565987E+02
-040 -085 0.567213E+02
-040 -070 0.564465E+02
-040 -055 0.559127E+02
-040 -040 0.555696E+02
-040 -025 0.551674E+02
-040 -010 0.548006E+02
-040 000 0.546398E+02
-040 015 0.545993E+02
-040 030 0.545117E+02
-040 050 0.544458E+02
-040 070 0.545547E+02
-040 090 0.550075E+02
-040 110 0.555230E+02
-040 130 0.552019E+02
-040 145 0.544361E+02
-040 160 0.533858E+02
-040 -200 0.533858E+02
-040 170 0.525729E+02
-040 -190 0.525729E+02
-040 180 0.520757E+02
-040 -180 0.520757E+02
-025 -165 0.534438E+02
-025 195 0.534438E+02
-025 -150 0.550517E+02
-025 210 0.550517E+02
-025 -130 0.570344E+02
-025 -115 0.567150E+02
-025 -100 0.566344E+02
-025 -085 0.564450E+02
-025 -070 0.560525E+02
-025 -055 0.555991E+02
-025 -040 0.552643E+02
-025 -025 0.543554E+02
-025 -010 0.551993E+02
-025 000 0.548117E+02
-025 015 0.547572E+02
-025 030 0.546697E+02
-025 050 0.544639E+02
-025 070 0.546216E+02
-025 090 0.551629E+02
-025 110 0.555988E+02
-025 130 0.554434E+02
-025 145 0.548763E+02
-025 160 0.539480E+02
-025 -200 0.539480E+02
-025 170 0.533156E+02
-025 -190 0.533156E+02
-025 180 0.530970E+02
-025 -180 0.530970E+02
-010 -150 0.561063E+02
-010 210 0.561063E+02
-010 -130 0.560108E+02
-010 -115 0.560932E+02
-010 -100 0.561117E+02
-010 -085 0.560111E+02
-010 -070 0.555487E+02
-010 -055 0.552380E+02
-010 -040 0.550934E+02
-010 -025 0.551908E+02
-010 -010 0.549294E+02
-010 000 0.547874E+02
-010 015 0.546498E+02
-010 030 0.544090E+02
-010 050 0.543438E+02
-010 070 0.546046E+02
-010 090 0.551332E+02
-010 110 0.554665E+02
-010 130 0.554518E+02
-010 145 0.551393E+02
-010 160 0.545407E+02
-010 -200 0.545407E+02
-010 170 0.541371E+02
-010 -190 0.541371E+02
-010 180 0.541966E+02
-010 -180 0.541966E+02
000 -165 0.556470E+02
000 195 0.556470E+02
000 -150 0.553872E+02
000 210 0.553872E+02
000 -115 0.558010E+02
000 -100 0.558854E+02
000 -085 0.557818E+02
000 -070 0.553736E+02
000 -055 0.552218E+02
000 -040 0.555390E+02
000 -025 0.552441E+02
000 -010 0.550127E+02
000 000 0.548390E+02
000 015 0.546151E+02
000 030 0.543000E+02
000 050 0.543716E+02
000 070 0.545484E+02
000 090 0.551067E+02
000 110 0.554213E+02
000 130 0.556062E+02
000 145 0.554589E+02
000 160 0.550470E+02
000 -200 0.550470E+02
000 170 0.551466E+02
000 -190 0.551466E+02
000 180 0.570792E+02
000 -180 0.570792E+02
015 -150 0.545631E+02
015 210 0.545631E+02
015 -130 0.553317E+02
015 -115 0.556041E+02
015 -100 0.557585E+02
015 -085 0.557502E+02
015 -070 0.556772E+02
015 -055 0.559760E+02
015 -040 0.556073E+02
015 -025 0.554717E+02
015 -010 0.552112E+02
015 000 0.549840E+02
015 015 0.545548E+02
015 030 0.544814E+02
015 070 0.546974E+02
015 090 0.552097E+02
015 110 0.556849E+02
015 130 0.562554E+02
015 145 0.565029E+02
015 160 0.571296E+02
015 -200 0.571296E+02
015 170 0.552838E+02
015 -190 0.552838E+02
015 180 0.544267E+02
015 -180 0.544267E+02
030 -150 0.541327E+02
030 210 0.541327E+02
030 -130 0.551155E+02
030 -115 0.555477E+02
030 -100 0.558897E+02
030 -085 0.561514E+02
030 -070 0.561240E+02
030 -055 0.560588E+02
030 -040 0.559179E+02
030 -025 0.556972E+02
030 -010 0.553942E+02
030 000 0.551253E+02
030 015 0.548718E+02
030 030 0.545916E+02
030 050 0.546113E+02
030 070 0.549887E+02
030 090 0.555324E+02
030 110 0.565174E+02
030 130 0.578232E+02
030 145 0.563024E+02
030 160 0.540071E+02
030 -200 0.540071E+02
030 170 0.525280E+02
030 -190 0.525280E+02
030 180 0.527420E+02
030 -180 0.527420E+02
050 -165 0.524032E+02
050 195 0.524032E+02
050 -150 0.533686E+02
050 210 0.533686E+02
050 -130 0.546752E+02
050 -115 0.552571E+02
050 -100 0.557653E+02
050 -085 0.560120E+02
050 -070 0.562014E+02
050 -055 0.560849E+02
050 -040 0.559846E+02
050 -025 0.548720E+02
050 -010 0.554742E+02
050 000 0.554198E+02
050 015 0.549460E+02
050 030 0.549290E+02
050 050 0.552289E+02
050 070 0.555439E+02
050 090 0.560586E+02
050 110 0.564958E+02
050 130 0.557545E+02
050 145 0.538697E+02
050 160 0.524048E+02
050 -200 0.524048E+02
050 170 0.518536E+02
050 -190 0.518536E+02
050 180 0.521853E+02
050 -180 0.521853E+02
070 -165 0.519472E+02
070 195 0.519472E+02
070 -150 0.527268E+02
070 210 0.527268E+02
070 -130 0.539459E+02
070 -115 0.548005E+02
070 -100 0.555526E+02
070 -085 0.561047E+02
070 -070 0.562830E+02
070 -055 0.560761E+02
070 -040 0.559192E+02
070 -025 0.557206E+02
070 -010 0.556896E+02
070 000 0.553242E+02
070 015 0.552410E+02
070 030 0.552695E+02
070 050 0.555477E+02
070 070 0.558638E+02
070 090 0.557526E+02
070 110 0.559100E+02
070 130 0.549288E+02
070 145 0.534740E+02
070 160 0.520760E+02
070 -200 0.520760E+02
070 170 0.516494E+02
070 -190 0.516494E+02
090 -165 0.511879E+02
090 195 0.511879E+02
090 -150 0.521213E+02
090 210 0.521213E+02
090 -130 0.532314E+02
090 -115 0.543046E+02
090 -100 0.553840E+02
090 -085 0.563877E+02
090 -070 0.565861E+02
090 -055 0.564093E+02
090 -040 0.560340E+02
090 -025 0.555966E+02
090 -010 0.552800E+02
090 000 0.550791E+02
090 015 0.550909E+02
090 030 0.551709E+02
090 050 0.557261E+02
090 070 0.555378E+02
090 090 0.554887E+02
090 110 0.555079E+02
090 130 0.539555E+02
090 145 0.535031E+02
090 160 0.521083E+02
090 -200 0.521083E+02
090 170 0.515096E+02
090 -190 0.515096E+02
090 180 0.511089E+02
090 -180 0.511089E+02
110 -165 0.504296E+02
110 195 0.504296E+02
110 -150 0.512308E+02
110 210 0.512308E+02
110 -130 0.528381E+02
110 -115 0.538133E+02
110 -100 0.549164E+02
110 -085 0.555472E+02
110 -070 0.558411E+02
110 -055 0.556025E+02
110 -040 0.552478E+02
110 -025 0.549957E+02
110 -010 0.548282E+02
110 000 0.548414E+02
110 015 0.548592E+02
110 030 0.553012E+02
110 050 0.556722E+02
110 070 0.542524E+02
110 090 0.548724E+02
110 110 0.549394E+02
110 130 0.541011E+02
110 145 0.527684E+02
110 160 0.512191E+02
110 -200 0.512191E+02
110 170 0.502149E+02
110 -190 0.502149E+02
110 180 0.499371E+02
110 -180 0.499371E+02
130 -165 0.494537E+02
130 195 0.494537E+02
130 -150 0.506380E+02
130 210 0.506380E+02
130 -130 0.524704E+02
130 -115 0.537350E+02
130 -100 0.546314E+02
130 -085 0.551135E+02
130 -070 0.550275E+02
130 -055 0.548574E+02
130 -040 0.543599E+02
130 -010 0.542949E+02
130 000 0.543853E+02
130 015 0.546694E+02
130 030 0.551773E+02
130 050 0.523967E+02
130 070 0.533750E+02
130 090 0.541322E+02
130 110 0.543274E+02
130 130 0.527531E+02
130 145 0.513921E+02
130 160 0.497475E+02
130 -200 0.497475E+02
130 170 0.490344E+02
130 -190 0.490344E+02
130 180 0.488679E+02
130 -180 0.488679E+02
150 -165 0.495297E+02
-210 -165 0.495297E+02
150 195 0.495297E+02
150 -150 0.506015E+02
-210 -150 0.506015E+02
150 210 0.506015E+02
150 -130 0.524180E+02
-210 -130 0.524180E+02
150 -115 0.535609E+02
-210 -115 0.535609E+02
150 -100 0.542969E+02
-210 -100 0.542969E+02
150 -085 0.546858E+02
-210 -085 0.546858E+02
150 -070 0.544557E+02
-210 -070 0.544557E+02
150 -055 0.541633E+02
-210 -055 0.541633E+02
150 -040 0.538967E+02
-210 -040 0.538967E+02
150 -025 0.537444E+02
-210 -025 0.537444E+02
150 -010 0.537933E+02
-210 -010 0.537933E+02
150 000 0.539496E+02
-210 000 0.539496E+02
150 015 0.521245E+02
-210 015 0.521245E+02
150 030 0.517143E+02
-210 030 0.517143E+02
150 050 0.518413E+02
-210 050 0.518413E+02
150 070 0.526264E+02
-210 070 0.526264E+02
150 090 0.531221E+02
-210 090 0.531221E+02
150 110 0.531890E+02
-210 110 0.531890E+02
150 130 0.525902E+02
-210 130 0.525902E+02
150 145 0.514329E+02
-210 145 0.514329E+02
150 160 0.501365E+02
-210 160 0.501365E+02
150 -200 0.501365E+02
-210 -200 0.501365E+02
150 170 0.494945E+02
-210 170 0.494945E+02
150 -190 0.494945E+02
-210 -190 0.494945E+02
150 180 0.491542E+02
-210 180 0.491542E+02
150 -180 0.491542E+02
-210 -180 0.491542E+02
165 -165 0.498861E+02
-195 -165 0.498861E+02
165 195 0.498861E+02
165 -150 0.507288E+02
-195 -150 0.507288E+02
165 210 0.507288E+02
165 -130 0.521698E+02
-195 -130 0.521698E+02
165 -115 0.533688E+02
-195 -115 0.533688E+02
165 -100 0.540407E+02
-195 -100 0.540407E+02
165 -085 0.543663E+02
-195 -085 0.543663E+02
165 -070 0.541597E+02
-195 -070 0.541597E+02
165 -055 0.539395E+02
-195 -055 0.539395E+02
165 -040 0.538542E+02
-195 -040 0.538542E+02
165 -025 0.537738E+02
-195 -025 0.537738E+02
165 -010 0.543140E+02
-195 -010 0.543140E+02
165 000 0.536794E+02
-195 000 0.536794E+02
165 015 0.528087E+02
-195 015 0.528087E+02
165 030 0.522242E+02
-195 030 0.522242E+02
165 050 0.520246E+02
-195 050 0.520246E+02
165 070 0.523766E+02
-195 070 0.523766E+02
165 090 0.532163E+02
-195 090 0.532163E+02
165 110 0.536874E+02
-195 110 0.536874E+02
165 130 0.531842E+02
-195 130 0.531842E+02
165 145 0.521240E+02
-195 145 0.521240E+02
165 160 0.508309E+02
-195 160 0.508309E+02
165 -200 0.508309E+02
-195 -200 0.508309E+02
165 170 0.501739E+02
-195 170 0.501739E+02
165 -190 0.501739E+02
-195 -190 0.501739E+02
165 180 0.497673E+02
-195 180 0.497673E+02
165 -180 0.497673E+02
-195 -180 0.497673E+02
180 -165 0.502458E+02
-180 -165 0.502458E+02
180 195 0.502458E+02
180 -150 0.509030E+02
-180 -150 0.509030E+02
180 210 0.509030E+02
180 -130 0.521932E+02
-180 -130 0.521932E+02
180 -115 0.532274E+02
-180 -115 0.532274E+02
180 -100 0.538608E+02
-180 -100 0.538608E+02
180 -085 0.541589E+02
-180 -085 0.541589E+02
180 -070 0.544990E+02
-180 -070 0.544990E+02
180 -055 0.543247E+02
-180 -055 0.543247E+02
180 -040 0.542011E+02
-180 -040 0.542011E+02
180 -025 0.540846E+02
-180 -025 0.540846E+02
180 -010 0.552989E+02
-180 -010 0.552989E+02
180 000 0.545944E+02
-180 000 0.545944E+02
180 015 0.536067E+02
-180 015 0.536067E+02
180 030 0.529534E+02
-180 030 0.529534E+02
180 070 0.530500E+02
-180 070 0.530500E+02
180 090 0.539257E+02
-180 090 0.539257E+02
180 110 0.544782E+02
-180 110 0.544782E+02
180 130 0.540035E+02
-180 130 0.540035E+02
180 145 0.529410E+02
-180 145 0.529410E+02
180 160 0.516009E+02
-180 160 0.516009E+02
180 -200 0.516009E+02
-180 -200 0.516009E+02
180 170 0.508396E+02
-180 170 0.508396E+02
180 -190 0.508396E+02
-180 -190 0.508396E+02
180 180 0.503129E+02
-180 180 0.503129E+02
180 -180 0.503129E+02
-180 -180 0.503129E+02
