PHI PSI J_15_21
-165 -165 -0.186750E+00
195 -165 -0.186750E+00
-165 195 -0.186750E+00
195 195 -0.186750E+00
-165 -150 -0.445521E+00
195 -150 -0.445521E+00
-165 210 -0.445521E+00
195 210 -0.445521E+00
-165 -130 -0.566972E+00
195 -130 -0.566972E+00
-165 -115 -0.481418E+00
195 -115 -0.481418E+00
-165 -100 -0.277643E+00
195 -100 -0.277643E+00
-165 -085 0.770559E-01
195 -085 0.770559E-01
-165 -070 0.208380E+00
195 -070 0.208380E+00
-165 -055 0.232666E+00
195 -055 0.232666E+00
-165 -040 0.233395E+00
195 -040 0.233395E+00
-165 -025 0.166448E+00
195 -025 0.166448E+00
-165 -010 0.181274E+00
195 -010 0.181274E+00
-165 000 0.161858E+00
195 000 0.161858E+00
-165 015 0.100401E+00
195 015 0.100401E+00
-165 050 -0.242671E+00
195 050 -0.242671E+00
-165 070 -0.461927E+00
195 070 -0.461927E+00
-165 090 -0.563385E+00
195 090 -0.563385E+00
-165 110 -0.527620E+00
195 110 -0.527620E+00
-165 130 -0.360047E+00
195 130 -0.360047E+00
-165 145 -0.153016E+00
195 145 -0.153016E+00
-165 160 0.353295E-01
195 160 0.353295E-01
-165 -200 0.353295E-01
-165 170 0.899932E-01
195 170 0.899932E-01
-165 -190 0.899932E-01
-165 180 0.751838E-01
195 180 0.751838E-01
-165 -180 0.751838E-01
-150 -165 -0.884021E-01
210 -165 -0.884021E-01
-150 195 -0.884021E-01
210 195 -0.884021E-01
-150 -150 -0.323037E+00
210 -150 -0.323037E+00
-150 210 -0.323037E+00
210 210 -0.323037E+00
-150 -130 -0.420840E+00
210 -130 -0.420840E+00
-150 -115 -0.302796E+00
210 -115 -0.302796E+00
-150 -100 -0.886423E-02
210 -100 -0.886423E-02
-150 -085 0.217326E+00
210 -085 0.217326E+00
-150 -070 0.321285E+00
210 -070 0.321285E+00
-150 -055 0.330781E+00
210 -055 0.330781E+00
-150 -040 0.270692E+00
210 -040 0.270692E+00
-150 -025 0.140885E+00
210 -025 0.140885E+00
-150 -010 0.167985E+00
210 -010 0.167985E+00
-150 000 0.151561E+00
210 000 0.151561E+00
-150 015 0.823483E-01
210 015 0.823483E-01
-150 030 -0.464390E-01
210 030 -0.464390E-01
-150 050 -0.299574E+00
210 050 -0.299574E+00
-150 070 -0.513840E+00
210 070 -0.513840E+00
-150 090 -0.614397E+00
210 090 -0.614397E+00
-150 110 -0.562945E+00
210 110 -0.562945E+00
-150 130 -0.376486E+00
210 130 -0.376486E+00
-150 145 -0.160504E+00
210 145 -0.160504E+00
-150 160 0.547452E-01
210 160 0.547452E-01
-150 -200 0.547452E-01
-150 170 0.122512E+00
210 170 0.122512E+00
-150 -190 0.122512E+00
-125 -165 0.962676E-01
-125 195 0.962676E-01
-125 -150 -0.467652E-01
-125 210 -0.467652E-01
-125 -130 -0.468999E-02
-125 -115 0.125068E+00
-125 -100 0.267996E+00
-125 -085 0.415978E+00
-125 -070 0.447121E+00
-125 -055 0.296026E+00
-125 -040 0.994182E-01
-125 -025 0.133492E+00
-125 -010 0.147736E+00
-125 000 0.121436E+00
-125 015 0.322241E-01
-125 030 -0.119256E+00
-125 050 -0.383811E+00
-125 070 -0.602113E+00
-125 090 -0.669658E+00
-125 110 -0.574487E+00
-125 130 -0.370847E+00
-125 145 -0.136196E+00
-125 160 0.762524E-01
-125 -200 0.762524E-01
-125 170 0.170553E+00
-125 -190 0.170553E+00
-100 -165 0.279325E+00
-100 195 0.279325E+00
-100 -150 0.260705E+00
-100 210 0.260705E+00
-100 -130 0.246393E+00
-100 -115 0.306979E+00
-100 -100 0.388756E+00
-100 -085 0.477933E+00
-100 -070 0.393704E+00
-100 -055 0.612545E-01
-100 -040 0.364135E-01
-100 -025 0.118297E+00
-100 -010 0.119913E+00
-100 000 0.813668E-01
-100 015 -0.194248E-01
-100 030 -0.174286E+00
-100 050 -0.441972E+00
-100 070 -0.675278E+00
-100 090 -0.659096E+00
-100 110 -0.516684E+00
-100 130 -0.290828E+00
-100 145 -0.119753E+00
-100 160 0.925778E-01
-100 -200 0.925778E-01
-100 170 0.196565E+00
-100 -190 0.196565E+00
-085 -165 0.296621E+00
-085 195 0.296621E+00
-085 -150 0.274002E+00
-085 210 0.274002E+00
-085 -130 0.245336E+00
-085 -115 0.313714E+00
-085 -100 0.408119E+00
-085 -085 0.436111E+00
-085 -070 0.235816E+00
-085 -055 -0.486074E-01
-085 -040 -0.597299E-02
-085 -025 0.984460E-01
-085 -010 0.110028E+00
-085 000 0.616881E-01
-085 015 -0.385157E-01
-085 030 -0.157394E+00
-085 050 -0.435490E+00
-085 070 -0.637001E+00
-085 090 -0.565518E+00
-085 110 -0.424790E+00
-085 130 -0.263693E+00
-085 145 -0.858911E-01
-085 160 0.943287E-01
-085 -200 0.943287E-01
-085 170 0.197766E+00
-085 -190 0.197766E+00
-085 180 0.277477E+00
-085 -180 0.277477E+00
-070 -165 0.195440E+00
-070 195 0.195440E+00
-070 -150 0.183838E+00
-070 210 0.183838E+00
-070 -130 0.194959E+00
-070 -115 0.270880E+00
-070 -100 0.335511E+00
-070 -085 0.313664E+00
-070 -070 0.282974E-01
-070 -055 -0.182308E+00
-070 -040 -0.509415E-01
-070 -025 0.100976E+00
-070 -010 0.977461E-01
-070 000 0.550663E-01
-070 015 -0.844525E-02
-070 030 -0.121986E+00
-070 050 -0.378394E+00
-070 070 -0.565852E+00
-070 090 -0.486813E+00
-070 110 -0.325948E+00
-070 130 -0.202751E+00
-055 -165 0.249811E-01
-055 195 0.249811E-01
-055 -150 0.338553E-01
-055 210 0.338553E-01
-055 -130 0.976815E-01
-055 -115 0.161836E+00
-055 -100 0.168035E+00
-055 -085 0.812979E-02
-055 -070 -0.336828E+00
-055 -055 -0.306833E+00
-055 -040 -0.343811E-01
-055 -025 0.112453E+00
-055 -010 0.101798E+00
-055 000 0.846812E-01
-055 015 0.423609E-01
-055 030 -0.739854E-01
-055 050 -0.316030E+00
-055 070 -0.490412E+00
-055 090 -0.405850E+00
-055 110 -0.254624E+00
-055 130 -0.127798E+00
-055 145 -0.531385E-01
-055 160 0.175370E-01
-055 -200 0.175370E-01
-055 170 0.267223E-01
-055 -190 0.267223E-01
-055 180 0.650734E-01
-055 -180 0.650734E-01
-040 -165 -0.215481E+00
-040 195 -0.215481E+00
-040 -150 -0.102094E+00
-040 210 -0.102094E+00
-040 -130 -0.560620E-01
-040 -115 -0.828690E-01
-040 -100 -0.281277E+00
-040 -085 -0.529856E+00
-040 -070 -0.538390E+00
-040 -055 -0.320304E+00
-040 -040 0.224301E-01
-040 -025 0.123389E+00
-040 -010 0.132591E+00
-040 000 0.136424E+00
-040 015 0.846030E-01
-040 030 -0.408695E-01
-040 050 -0.299215E+00
-040 070 -0.454689E+00
-040 090 -0.351823E+00
-040 110 -0.230703E+00
-040 130 -0.137202E+00
-040 145 -0.804316E-01
-040 160 -0.724389E-01
-040 -200 -0.724389E-01
-040 170 -0.137687E+00
-040 -190 -0.137687E+00
-040 180 -0.208813E+00
-040 -180 -0.208813E+00
-025 -165 -0.450710E+00
-025 195 -0.450710E+00
-025 -150 -0.194455E+00
-025 210 -0.194455E+00
-025 -130 -0.503624E+00
-025 -115 -0.552240E+00
-025 -100 -0.592196E+00
-025 -085 -0.597773E+00
-025 -070 -0.566038E+00
-025 -055 -0.256366E+00
-025 -040 0.486309E-01
-025 -025 0.122560E+00
-025 -010 0.150058E+00
-025 000 0.141790E+00
-025 015 0.544440E-01
-025 030 -0.103257E+00
-025 050 -0.382399E+00
-025 070 -0.476848E+00
-025 090 -0.378013E+00
-025 110 -0.258651E+00
-025 130 -0.109791E+00
-025 145 -0.861761E-01
-025 160 -0.151129E+00
-025 -200 -0.151129E+00
-025 170 -0.285943E+00
-025 -190 -0.285943E+00
-025 180 -0.398532E+00
-025 -180 -0.398532E+00
-010 -165 -0.140296E+00
-010 195 -0.140296E+00
-010 -150 -0.757592E-01
-010 210 -0.757592E-01
-010 -130 -0.356393E+00
-010 -115 -0.438974E+00
-010 -100 -0.465246E+00
-010 -085 -0.548361E+00
-010 -070 -0.504852E+00
-010 -055 -0.177111E+00
-010 -040 0.200663E-01
-010 -025 0.890166E-01
-010 -010 0.130745E+00
-010 000 0.874746E-01
-010 015 -0.511623E-01
-010 030 -0.273172E+00
-010 050 -0.576403E+00
-010 070 -0.516767E+00
-010 090 -0.452122E+00
-010 110 -0.275459E+00
-010 130 -0.110872E+00
-010 145 -0.102344E+00
-010 160 -0.230131E+00
-010 -200 -0.230131E+00
-010 170 -0.429114E+00
-010 -190 -0.429114E+00
-010 180 -0.525857E+00
-010 -180 -0.525857E+00
000 -165 0.313967E+00
000 195 0.313967E+00
000 -150 -0.115428E-01
000 210 -0.115428E-01
000 -130 -0.270260E+00
000 -115 -0.331441E+00
000 -100 -0.402906E+00
000 -085 -0.483179E+00
000 -070 -0.413124E+00
000 -055 -0.140560E+00
000 -040 -0.796553E-01
000 -025 0.109268E+00
000 -010 0.992495E-01
000 000 0.221829E-01
000 015 -0.159954E+00
000 030 -0.421731E+00
000 050 -0.656186E+00
000 070 -0.524829E+00
000 090 -0.457334E+00
000 110 -0.267069E+00
000 130 -0.116527E+00
000 145 -0.108846E+00
000 160 -0.252904E+00
000 -200 -0.252904E+00
000 170 -0.439380E+00
000 -190 -0.439380E+00
000 180 0.485639E+00
000 -180 0.485639E+00
015 -165 0.384627E+00
015 195 0.384627E+00
015 -150 0.103097E+00
015 210 0.103097E+00
015 -130 -0.114865E+00
015 -115 -0.218833E+00
015 -100 -0.302826E+00
015 -085 -0.332990E+00
015 -070 -0.298073E+00
015 -055 -0.167951E+00
015 -040 0.368566E-01
015 -025 0.111290E+00
015 -010 0.750701E-02
015 000 -0.115350E+00
015 015 -0.342575E+00
015 030 -0.567458E+00
015 050 -0.415482E+00
015 070 -0.522974E+00
015 090 -0.459187E+00
015 110 -0.278176E+00
015 130 -0.127172E+00
015 145 -0.111021E+00
015 160 0.211575E+00
015 -200 0.211575E+00
015 170 0.500154E+00
015 -190 0.500154E+00
015 180 0.581915E+00
015 -180 0.581915E+00
030 -165 0.425197E+00
030 195 0.425197E+00
030 -150 0.200683E+00
030 210 0.200683E+00
030 -130 0.199944E-01
030 -115 -0.643662E-01
030 -100 -0.960357E-01
030 -085 -0.791315E-01
030 -070 -0.600095E-01
030 -055 0.139825E+00
030 -040 0.143216E+00
030 -025 0.667737E-01
030 -010 -0.104937E+00
030 000 -0.232932E+00
030 015 -0.392783E+00
030 030 -0.222573E+00
030 050 -0.378432E+00
030 070 -0.518171E+00
030 090 -0.467807E+00
030 110 -0.319096E+00
030 130 -0.171014E+00
030 145 -0.174587E+00
030 160 0.262649E+00
030 -200 0.262649E+00
030 170 0.483231E+00
030 -190 0.483231E+00
030 180 0.550646E+00
030 -180 0.550646E+00
050 -165 0.406263E+00
050 195 0.406263E+00
050 -150 0.264644E+00
050 210 0.264644E+00
050 -130 0.147645E+00
050 -115 0.167536E+00
050 -100 0.213756E+00
050 -085 0.188325E+00
050 -070 0.279892E+00
050 -055 0.315594E+00
050 -040 0.207246E+00
050 -025 0.121800E+00
050 -010 -0.962779E-01
050 000 -0.134732E+00
050 015 -0.313879E-01
050 030 -0.133220E+00
050 050 -0.370036E+00
050 070 -0.549932E+00
050 090 -0.642891E+00
050 110 -0.629348E+00
050 130 -0.458932E+00
050 145 -0.164755E+00
050 160 0.254214E+00
050 -200 0.254214E+00
050 170 0.438350E+00
050 -190 0.438350E+00
050 180 0.487686E+00
050 -180 0.487686E+00
070 -165 0.342838E+00
070 195 0.342838E+00
070 -150 0.242254E+00
070 210 0.242254E+00
070 -130 0.203651E+00
070 -115 0.259649E+00
070 -100 0.296510E+00
070 -085 0.323024E+00
070 -070 0.374301E+00
070 -055 0.357029E+00
070 -040 0.233377E+00
070 -025 0.849465E-01
070 -010 0.380602E-01
070 000 0.629214E-01
070 015 -0.262602E-02
070 030 -0.148876E+00
070 050 -0.414032E+00
070 070 -0.585696E+00
070 090 -0.691645E+00
070 110 -0.594954E+00
070 130 -0.386291E+00
090 -165 0.187756E+00
090 195 0.187756E+00
090 -150 0.769903E-01
090 210 0.769903E-01
090 -130 0.787790E-01
090 -115 0.183347E+00
090 -100 0.272842E+00
090 -085 0.301245E+00
090 -070 0.323259E+00
090 -055 0.315960E+00
090 -040 0.229538E+00
090 -025 0.147831E+00
090 -010 0.103147E+00
090 000 0.587146E-01
090 015 -0.535074E-01
090 030 -0.223043E+00
090 050 -0.450503E+00
090 070 -0.568094E+00
090 090 -0.631851E+00
090 110 -0.514946E+00
090 130 -0.287494E+00
090 145 -0.617922E-01
090 160 0.183282E+00
090 -200 0.183282E+00
090 170 0.306296E+00
090 -190 0.306296E+00
090 180 0.320248E+00
090 -180 0.320248E+00
110 -165 -0.852928E-01
110 195 -0.852928E-01
110 -150 -0.216650E+00
110 210 -0.216650E+00
110 -130 -0.210061E+00
110 -115 -0.943408E-01
110 -100 0.823516E-01
110 -085 0.146289E+00
110 -070 0.144891E+00
110 -055 0.134448E+00
110 -040 0.125396E+00
110 -025 0.122893E+00
110 -010 0.794647E-01
110 000 0.213940E-01
110 015 -0.112120E+00
110 030 -0.269924E+00
110 050 -0.397238E+00
110 070 -0.492053E+00
110 090 -0.521259E+00
110 110 -0.399544E+00
110 130 -0.222874E+00
110 145 -0.548066E-01
110 160 0.988553E-01
110 -200 0.988553E-01
110 170 0.136852E+00
110 -190 0.136852E+00
110 180 0.852078E-01
110 -180 0.852078E-01
130 -165 -0.317331E+00
130 195 -0.317331E+00
130 -150 -0.512586E+00
130 210 -0.512586E+00
130 -130 -0.526532E+00
130 -115 -0.376874E+00
130 -100 -0.212239E+00
130 -085 -0.867497E-01
130 -070 -0.831419E-01
130 -055 -0.769428E-01
130 -040 0.531181E-01
130 -025 0.107717E+00
130 -010 0.737128E-01
130 000 0.152607E-01
130 015 -0.993384E-01
130 030 -0.226841E+00
130 050 -0.145247E+00
130 070 -0.389135E+00
130 090 -0.433738E+00
130 110 -0.334266E+00
130 130 -0.214472E+00
130 145 -0.101965E+00
130 160 -0.227358E-02
130 -200 -0.227358E-02
130 170 -0.422199E-01
130 -190 -0.422199E-01
130 180 -0.119626E+00
130 -180 -0.119626E+00
150 -165 -0.424096E+00
-210 -165 -0.424096E+00
150 195 -0.424096E+00
150 -150 -0.620389E+00
-210 -150 -0.620389E+00
150 210 -0.620389E+00
150 -130 -0.685007E+00
-210 -130 -0.685007E+00
150 -115 -0.566197E+00
-210 -115 -0.566197E+00
150 -100 -0.403984E+00
-210 -100 -0.403984E+00
150 -085 -0.235004E+00
-210 -085 -0.235004E+00
150 -070 -0.193014E+00
-210 -070 -0.193014E+00
150 -055 -0.816042E-01
-210 -055 -0.816042E-01
150 -040 0.802532E-01
-210 -040 0.802532E-01
150 -025 0.136235E+00
-210 -025 0.136235E+00
150 -010 0.958651E-01
-210 -010 0.958651E-01
150 000 0.465468E-01
-210 000 0.465468E-01
150 015 0.157973E+00
-210 015 0.157973E+00
150 030 0.727322E-01
-210 030 0.727322E-01
150 050 -0.119155E+00
-210 050 -0.119155E+00
150 070 -0.339007E+00
-210 070 -0.339007E+00
150 090 -0.397344E+00
-210 090 -0.397344E+00
150 110 -0.374004E+00
-210 110 -0.374004E+00
150 130 -0.262155E+00
-210 130 -0.262155E+00
150 145 -0.113905E+00
-210 145 -0.113905E+00
150 160 -0.100306E-01
-210 160 -0.100306E-01
150 -200 -0.100306E-01
-210 -200 -0.100306E-01
150 170 -0.375967E-01
-210 170 -0.375967E-01
150 -190 -0.375967E-01
-210 -190 -0.375967E-01
150 180 -0.172936E+00
-210 180 -0.172936E+00
150 -180 -0.172936E+00
-210 -180 -0.172936E+00
165 -165 -0.366372E+00
-195 -165 -0.366372E+00
165 195 -0.366372E+00
165 -150 -0.631182E+00
-195 -150 -0.631182E+00
165 210 -0.631182E+00
165 -130 -0.734823E+00
-195 -130 -0.734823E+00
165 -115 -0.616419E+00
-195 -115 -0.616419E+00
165 -100 -0.434675E+00
-195 -100 -0.434675E+00
165 -085 -0.247562E+00
-195 -085 -0.247562E+00
165 -070 -0.134259E+00
-195 -070 -0.134259E+00
165 -055 0.224540E-01
-195 -055 0.224540E-01
165 -040 0.139969E+00
-195 -040 0.139969E+00
165 -025 0.159085E+00
-195 -025 0.159085E+00
165 -010 0.200501E+00
-195 -010 0.200501E+00
165 000 0.195215E+00
-195 000 0.195215E+00
165 015 0.140069E+00
-195 015 0.140069E+00
165 030 0.487026E-01
-195 030 0.487026E-01
165 050 -0.149260E+00
-195 050 -0.149260E+00
165 070 -0.358030E+00
-195 070 -0.358030E+00
165 090 -0.466382E+00
-195 090 -0.466382E+00
165 110 -0.435071E+00
-195 110 -0.435071E+00
165 130 -0.292252E+00
-195 130 -0.292252E+00
165 145 -0.131454E+00
-195 145 -0.131454E+00
165 160 -0.237060E-02
-195 160 -0.237060E-02
165 -200 -0.237060E-02
-195 -200 -0.237060E-02
165 170 0.427466E-02
-195 170 0.427466E-02
165 -190 0.427466E-02
-195 -190 0.427466E-02
165 180 -0.106871E+00
-195 180 -0.106871E+00
165 -180 -0.106871E+00
-195 -180 -0.106871E+00
180 -165 -0.281563E+00
-180 -165 -0.281563E+00
180 195 -0.281563E+00
180 -150 -0.553623E+00
-180 -150 -0.553623E+00
180 210 -0.553623E+00
180 -130 -0.693866E+00
-180 -130 -0.693866E+00
180 -115 -0.590065E+00
-180 -115 -0.590065E+00
180 -100 -0.391737E+00
-180 -100 -0.391737E+00
180 -085 -0.132742E+00
-180 -085 -0.132742E+00
180 -070 0.425771E-01
-180 -070 0.425771E-01
180 -055 0.134334E+00
-180 -055 0.134334E+00
180 -040 0.191255E+00
-180 -040 0.191255E+00
180 -025 0.169205E+00
-180 -025 0.169205E+00
180 -010 0.191631E+00
-180 -010 0.191631E+00
180 000 0.179361E+00
-180 000 0.179361E+00
180 015 0.119590E+00
-180 015 0.119590E+00
180 030 0.191622E-01
-180 030 0.191622E-01
180 050 -0.192510E+00
-180 050 -0.192510E+00
180 070 -0.406841E+00
-180 070 -0.406841E+00
180 090 -0.510189E+00
-180 090 -0.510189E+00
180 110 -0.485725E+00
-180 110 -0.485725E+00
180 130 -0.331853E+00
-180 130 -0.331853E+00
180 145 -0.143562E+00
-180 145 -0.143562E+00
180 160 0.156533E-01
-180 160 0.156533E-01
180 -200 0.156533E-01
-180 -200 0.156533E-01
180 170 0.553868E-01
-180 170 0.553868E-01
180 -190 0.553868E-01
-180 -190 0.553868E-01
180 180 -0.263874E-01
-180 180 -0.263874E-01
180 -180 -0.263874E-01
-180 -180 -0.263874E-01
