PHI PSI J_10_13
-165 -165 0.427097E-01
195 -165 0.427097E-01
-165 195 0.427097E-01
195 195 0.427097E-01
-165 -150 0.474064E-02
195 -150 0.474064E-02
-165 210 0.474064E-02
195 210 0.474064E-02
-165 -130 -0.259625E-01
195 -130 -0.259625E-01
-165 -115 -0.437359E-01
195 -115 -0.437359E-01
-165 -100 -0.238714E-01
195 -100 -0.238714E-01
-165 -085 -0.128606E+00
195 -085 -0.128606E+00
-165 -070 -0.173156E+00
195 -070 -0.173156E+00
-165 -055 -0.127623E+00
195 -055 -0.127623E+00
-165 -040 -0.161018E+00
195 -040 -0.161018E+00
-165 -025 -0.179578E+00
195 -025 -0.179578E+00
-165 -010 -0.491527E+00
195 -010 -0.491527E+00
-165 000 -0.415507E+00
195 000 -0.415507E+00
-165 015 -0.303038E+00
195 015 -0.303038E+00
-165 030 -0.213491E+00
195 030 -0.213491E+00
-165 050 -0.169814E+00
195 050 -0.169814E+00
-165 070 -0.209706E+00
195 070 -0.209706E+00
-165 090 -0.254369E+00
195 090 -0.254369E+00
-165 110 -0.248722E+00
195 110 -0.248722E+00
-165 130 -0.201041E+00
195 130 -0.201041E+00
-165 145 -0.115114E+00
195 145 -0.115114E+00
-165 160 -0.343717E-01
195 160 -0.343717E-01
-165 -200 -0.343717E-01
-165 170 0.113040E-01
195 170 0.113040E-01
-165 -190 0.113040E-01
-165 180 0.713941E-01
195 180 0.713941E-01
-165 -180 0.713941E-01
-150 -165 -0.401355E+00
210 -165 -0.401355E+00
-150 195 -0.401355E+00
210 195 -0.401355E+00
-150 -150 -0.451237E+00
210 -150 -0.451237E+00
-150 210 -0.451237E+00
210 210 -0.451237E+00
-150 -130 -0.488876E+00
210 -130 -0.488876E+00
-150 -115 -0.461708E+00
210 -115 -0.461708E+00
-150 -100 -0.446216E+00
210 -100 -0.446216E+00
-150 -085 -0.485786E+00
210 -085 -0.485786E+00
-150 -070 -0.502215E+00
210 -070 -0.502215E+00
-150 -055 -0.536408E+00
210 -055 -0.536408E+00
-150 -040 -0.570647E+00
210 -040 -0.570647E+00
-150 -025 -0.760625E+00
210 -025 -0.760625E+00
-150 -010 -0.789835E+00
210 -010 -0.789835E+00
-150 000 -0.696327E+00
210 000 -0.696327E+00
-150 015 -0.633313E+00
210 015 -0.633313E+00
-150 030 -0.569422E+00
210 030 -0.569422E+00
-150 050 -0.495631E+00
210 050 -0.495631E+00
-150 070 -0.516602E+00
210 070 -0.516602E+00
-150 090 -0.505239E+00
210 090 -0.505239E+00
-150 110 -0.451340E+00
210 110 -0.451340E+00
-150 130 -0.392342E+00
210 130 -0.392342E+00
-150 145 -0.345583E+00
210 145 -0.345583E+00
-150 160 -0.317153E+00
210 160 -0.317153E+00
-150 -200 -0.317153E+00
-150 170 -0.324760E+00
210 170 -0.324760E+00
-150 -190 -0.324760E+00
-125 -165 -0.102264E+01
-125 195 -0.102264E+01
-125 -150 -0.107006E+01
-125 210 -0.107006E+01
-125 -130 -0.936283E+00
-125 -115 -0.849884E+00
-125 -100 -0.784771E+00
-125 -085 -0.792799E+00
-125 -070 -0.823358E+00
-125 -055 -0.965300E+00
-125 -040 -0.111807E+01
-125 -025 -0.104199E+01
-125 -010 -0.102354E+01
-125 000 -0.100399E+01
-125 015 -0.924921E+00
-125 030 -0.875209E+00
-125 050 -0.814556E+00
-125 070 -0.787555E+00
-125 090 -0.743307E+00
-125 110 -0.711331E+00
-125 130 -0.683757E+00
-125 145 -0.547999E+00
-125 160 -0.820445E+00
-125 -200 -0.820445E+00
-125 170 -0.867534E+00
-125 -190 -0.867534E+00
-100 -165 -0.111743E+01
-100 195 -0.111743E+01
-100 -150 -0.100359E+01
-100 210 -0.100359E+01
-100 -130 -0.795439E+00
-100 -115 -0.662977E+00
-100 -100 -0.579890E+00
-100 -085 -0.609864E+00
-100 -070 -0.667796E+00
-100 -055 -0.818063E+00
-100 -040 -0.911262E+00
-100 -025 -0.950210E+00
-100 -010 -0.960648E+00
-100 000 -0.922474E+00
-100 015 -0.821124E+00
-100 030 -0.752918E+00
-100 050 -0.706087E+00
-100 070 -0.725621E+00
-100 090 -0.757590E+00
-100 110 -0.758316E+00
-100 130 -0.671236E+00
-100 145 -0.912986E+00
-100 160 -0.104126E+01
-100 -200 -0.104126E+01
-100 170 -0.110722E+01
-100 -190 -0.110722E+01
-085 -165 -0.865375E+00
-085 195 -0.865375E+00
-085 -150 -0.679084E+00
-085 210 -0.679084E+00
-085 -130 -0.422005E+00
-085 -115 -0.292743E+00
-085 -100 -0.208201E+00
-085 -085 -0.258601E+00
-085 -070 -0.393035E+00
-085 -055 -0.577721E+00
-085 -040 -0.713250E+00
-085 -025 -0.792711E+00
-085 -010 -0.756188E+00
-085 000 -0.692417E+00
-085 015 -0.536095E+00
-085 030 -0.439178E+00
-085 050 -0.295601E+00
-085 070 -0.318933E+00
-085 090 -0.517174E+00
-085 110 -0.651160E+00
-085 130 -0.743790E+00
-085 145 -0.897497E+00
-085 160 -0.961978E+00
-085 -200 -0.961978E+00
-085 170 -0.976667E+00
-085 -190 -0.976667E+00
-085 180 -0.981586E+00
-085 -180 -0.981586E+00
-070 -165 -0.404147E+00
-070 195 -0.404147E+00
-070 -150 -0.134049E+00
-070 210 -0.134049E+00
-070 -130 0.170505E+00
-070 -115 0.263540E+00
-070 -100 0.280861E+00
-070 -085 0.125855E+00
-070 -070 -0.116492E+00
-070 -055 -0.377309E+00
-070 -040 -0.571687E+00
-070 -025 -0.591877E+00
-070 -010 -0.460855E+00
-070 000 -0.356338E+00
-070 015 -0.199983E+00
-070 030 -0.586953E-01
-070 050 0.105796E+00
-070 070 0.100945E+00
-070 090 -0.148940E+00
-070 110 -0.444128E+00
-070 130 -0.637408E+00
-070 145 -0.758515E+00
-070 160 -0.771461E+00
-070 -200 -0.771461E+00
-070 170 -0.753288E+00
-070 -190 -0.753288E+00
-055 -165 0.132130E+00
-055 195 0.132130E+00
-055 -150 0.437197E+00
-055 210 0.437197E+00
-055 -130 0.616091E+00
-055 -115 0.691854E+00
-055 -100 0.593599E+00
-055 -085 0.344679E+00
-055 -070 0.316775E-01
-055 -055 -0.258024E+00
-055 -040 -0.350356E+00
-055 -025 -0.284578E+00
-055 -010 -0.154658E+00
-055 000 -0.514848E-01
-055 015 0.114477E+00
-055 030 0.285393E+00
-055 050 0.368261E+00
-055 070 0.312744E+00
-055 090 0.811200E-01
-055 110 -0.228035E+00
-055 130 -0.496949E+00
-055 145 -0.590685E+00
-055 160 -0.530113E+00
-055 -200 -0.530113E+00
-055 170 -0.417906E+00
-055 -190 -0.417906E+00
-055 180 -0.307804E+00
-055 -180 -0.307804E+00
-040 -165 0.541305E+00
-040 195 0.541305E+00
-040 -150 0.702990E+00
-040 210 0.702990E+00
-040 -130 0.817734E+00
-040 -115 0.830266E+00
-040 -100 0.661142E+00
-040 -085 0.347604E+00
-040 -070 0.689665E-01
-040 -055 -0.952120E-01
-040 -040 -0.849415E-01
-040 -025 -0.798030E-02
-040 -010 0.100381E+00
-040 000 0.199250E+00
-040 015 0.348121E+00
-040 030 0.411283E+00
-040 050 0.434291E+00
-040 070 0.353670E+00
-040 090 0.184284E+00
-040 110 -0.141548E-01
-040 130 -0.337688E-01
-040 145 -0.318636E+00
-040 160 -0.159896E+00
-040 -200 -0.159896E+00
-040 170 0.182765E-01
-040 -190 0.182765E-01
-040 180 0.239578E+00
-040 -180 0.239578E+00
-025 -165 0.652090E+00
-025 195 0.652090E+00
-025 -150 0.736714E+00
-025 210 0.736714E+00
-025 -130 0.761250E+00
-025 -115 0.488900E+00
-025 -100 0.367812E+00
-025 -085 0.231267E+00
-025 -070 0.131948E+00
-025 -055 0.101602E+00
-025 -040 0.139601E+00
-025 -025 0.281118E+00
-025 -010 0.360337E+00
-025 000 0.385636E+00
-025 015 0.416607E+00
-025 030 0.433372E+00
-025 050 0.418453E+00
-025 070 0.338987E+00
-025 090 0.294334E+00
-025 110 0.119534E+00
-025 130 -0.689667E-01
-025 145 -0.624379E-01
-025 160 0.163890E+00
-025 -200 0.163890E+00
-025 170 0.339408E+00
-025 -190 0.339408E+00
-025 180 0.506315E+00
-025 -180 0.506315E+00
-010 -150 0.657274E+00
-010 210 0.657274E+00
-010 -130 0.393587E+00
-010 -115 0.235254E+00
-010 -100 0.163316E+00
-010 -085 0.223388E+00
-010 -070 0.232096E+00
-010 -055 0.241451E+00
-010 -040 0.273338E+00
-010 -025 0.380597E+00
-010 -010 0.405308E+00
-010 000 0.414371E+00
-010 015 0.423902E+00
-010 030 0.423896E+00
-010 050 0.401483E+00
-010 070 0.409471E+00
-010 090 0.346143E+00
-010 110 0.169742E+00
-010 130 0.104330E+00
-010 145 0.236533E+00
-010 160 0.431864E+00
-010 -200 0.431864E+00
-010 170 0.544716E+00
-010 -190 0.544716E+00
-010 180 0.617512E+00
-010 -180 0.617512E+00
000 -165 0.689797E+00
000 195 0.689797E+00
000 -150 0.498635E+00
000 210 0.498635E+00
000 -115 0.442749E-01
000 -100 0.149990E+00
000 -085 0.274373E+00
000 -070 0.315954E+00
000 -055 0.326024E+00
000 -040 0.376347E+00
000 -025 0.396399E+00
000 -010 0.410662E+00
000 000 0.419443E+00
000 015 0.426881E+00
000 030 0.420976E+00
000 050 0.406368E+00
000 070 0.364332E+00
000 090 0.322945E+00
000 110 0.201582E+00
000 130 0.250222E+00
000 145 0.417775E+00
000 160 0.563819E+00
000 -200 0.563819E+00
000 170 0.670693E+00
000 -190 0.670693E+00
000 180 0.872271E+00
000 -180 0.872271E+00
015 -150 0.129064E+00
015 210 0.129064E+00
015 -130 -0.125181E+00
015 -115 -0.298603E-01
015 -100 0.194518E+00
015 -085 0.347958E+00
015 -070 0.386996E+00
015 -055 0.349499E+00
015 -040 0.379280E+00
015 -025 0.396049E+00
015 -010 0.411851E+00
015 000 0.420426E+00
015 015 0.420169E+00
015 030 0.406311E+00
015 070 0.273677E+00
015 090 0.298224E+00
015 110 0.313800E+00
015 130 0.508430E+00
015 145 0.669341E+00
015 160 0.868853E+00
015 -200 0.868853E+00
015 170 0.714636E+00
015 -190 0.714636E+00
015 180 0.603574E+00
015 -180 0.603574E+00
030 -150 -0.181717E+00
030 210 -0.181717E+00
030 -130 -0.267446E+00
030 -115 -0.637613E-01
030 -100 0.178657E+00
030 -085 0.204422E+00
030 -070 0.264976E+00
030 -055 0.325190E+00
030 -040 0.369679E+00
030 -025 0.388807E+00
030 -010 0.398713E+00
030 000 0.395331E+00
030 015 0.364666E+00
030 030 0.259775E+00
030 050 0.146621E+00
030 070 0.186070E+00
030 090 0.349712E+00
030 110 0.541524E+00
030 130 0.698172E+00
030 145 0.798020E+00
030 160 0.626434E+00
030 -200 0.626434E+00
030 170 0.588834E+00
030 -190 0.588834E+00
030 180 0.414474E+00
030 -180 0.414474E+00
050 -165 -0.944590E-01
050 195 -0.944590E-01
050 -150 -0.332122E+00
050 210 -0.332122E+00
050 -130 -0.312707E+00
050 -115 -0.155943E+00
050 -100 0.805643E-02
050 -085 0.160711E+00
050 -070 0.267345E+00
050 -055 0.329148E+00
050 -040 0.362683E+00
050 -025 0.294491E+00
050 -010 0.322203E+00
050 000 0.282528E+00
050 015 0.185479E+00
050 030 0.593240E-01
050 050 -0.138093E-01
050 070 0.166542E+00
050 090 0.550471E+00
050 110 0.768745E+00
050 130 0.774059E+00
050 145 0.679873E+00
050 160 0.555587E+00
050 -200 0.555587E+00
050 170 0.423196E+00
050 -190 0.423196E+00
050 180 0.285136E+00
050 -180 0.285136E+00
070 -165 0.269333E-01
070 195 0.269333E-01
070 -150 -0.780803E-01
070 210 -0.780803E-01
070 -130 -0.484566E-01
070 -115 0.344459E-01
070 -100 0.126227E+00
070 -085 0.218025E+00
070 -070 0.301275E+00
070 -055 0.347033E+00
070 -040 0.346860E+00
070 -025 0.314154E+00
070 -010 0.286181E+00
070 000 0.267395E+00
070 015 0.159068E+00
070 030 0.487665E-01
070 050 0.538417E-01
070 070 0.300423E+00
070 090 0.601532E+00
070 110 0.718740E+00
070 130 0.703668E+00
070 145 0.631719E+00
070 160 0.493912E+00
070 -200 0.493912E+00
070 170 0.372942E+00
070 -190 0.372942E+00
090 -165 0.273280E+00
090 195 0.273280E+00
090 -150 0.257191E+00
090 210 0.257191E+00
090 -130 0.301923E+00
090 -115 0.324140E+00
090 -100 0.312926E+00
090 -085 0.278360E+00
090 -070 0.283312E+00
090 -055 0.304327E+00
090 -040 0.327451E+00
090 -025 0.372641E+00
090 -010 0.364726E+00
090 000 0.345768E+00
090 015 0.276585E+00
090 030 0.259504E+00
090 050 0.256355E+00
090 070 0.436398E+00
090 090 0.551985E+00
090 110 0.607482E+00
090 130 0.601985E+00
090 145 0.553760E+00
090 160 0.477311E+00
090 -200 0.477311E+00
090 170 0.407960E+00
090 -190 0.407960E+00
090 180 0.343112E+00
090 -180 0.343112E+00
110 -165 0.466110E+00
110 195 0.466110E+00
110 -150 0.489780E+00
110 210 0.489780E+00
110 -130 0.510754E+00
110 -115 0.509333E+00
110 -100 0.485305E+00
110 -085 0.435928E+00
110 -070 0.403635E+00
110 -055 0.422060E+00
110 -040 0.459041E+00
110 -025 0.477059E+00
110 -010 0.464299E+00
110 000 0.451491E+00
110 015 0.439962E+00
110 030 0.409606E+00
110 050 0.429590E+00
110 070 0.522106E+00
110 090 0.531275E+00
110 110 0.542428E+00
110 130 0.532421E+00
110 145 0.506515E+00
110 160 0.473108E+00
110 -200 0.473108E+00
110 170 0.447617E+00
110 -190 0.447617E+00
110 180 0.451803E+00
110 -180 0.451803E+00
130 -165 0.587188E+00
130 195 0.587188E+00
130 -150 0.620765E+00
130 210 0.620765E+00
130 -130 0.616887E+00
130 -115 0.587889E+00
130 -100 0.555686E+00
130 -085 0.517985E+00
130 -070 0.503011E+00
130 -055 0.500567E+00
130 -040 0.514349E+00
130 -010 0.525053E+00
130 000 0.527529E+00
130 015 0.524802E+00
130 030 0.506088E+00
130 050 0.604475E+00
130 070 0.575123E+00
130 090 0.551520E+00
130 110 0.507959E+00
130 130 0.434959E+00
130 145 0.371403E+00
130 160 0.412143E+00
130 -200 0.412143E+00
130 170 0.455666E+00
130 -190 0.455666E+00
130 180 0.519360E+00
130 -180 0.519360E+00
150 -165 0.664571E+00
-210 -165 0.664571E+00
150 195 0.664571E+00
150 -150 0.690462E+00
-210 -150 0.690462E+00
150 210 0.690462E+00
150 -130 0.654439E+00
-210 -130 0.654439E+00
150 -115 0.610056E+00
-210 -115 0.610056E+00
150 -100 0.569302E+00
-210 -100 0.569302E+00
150 -085 0.541252E+00
-210 -085 0.541252E+00
150 -070 0.525188E+00
-210 -070 0.525188E+00
150 -055 0.513308E+00
-210 -055 0.513308E+00
150 -040 0.513626E+00
-210 -040 0.513626E+00
150 -025 0.528983E+00
-210 -025 0.528983E+00
150 -010 0.544410E+00
-210 -010 0.544410E+00
150 000 0.551876E+00
-210 000 0.551876E+00
150 015 0.496066E+00
-210 015 0.496066E+00
150 030 0.550272E+00
-210 030 0.550272E+00
150 050 0.595122E+00
-210 050 0.595122E+00
150 070 0.590007E+00
-210 070 0.590007E+00
150 090 0.550644E+00
-210 090 0.550644E+00
150 110 0.362601E+00
-210 110 0.362601E+00
150 130 0.275855E+00
-210 130 0.275855E+00
150 145 0.305410E+00
-210 145 0.305410E+00
150 160 0.402523E+00
-210 160 0.402523E+00
150 -200 0.402523E+00
-210 -200 0.402523E+00
150 170 0.491170E+00
-210 170 0.491170E+00
150 -190 0.491170E+00
-210 -190 0.491170E+00
150 180 0.578483E+00
-210 180 0.578483E+00
150 -180 0.578483E+00
-210 -180 0.578483E+00
165 -165 0.613845E+00
-195 -165 0.613845E+00
165 195 0.613845E+00
165 -150 0.629978E+00
-195 -150 0.629978E+00
165 210 0.629978E+00
165 -130 0.588863E+00
-195 -130 0.588863E+00
165 -115 0.539458E+00
-195 -115 0.539458E+00
165 -100 0.506244E+00
-195 -100 0.506244E+00
165 -085 0.477341E+00
-195 -085 0.477341E+00
165 -070 0.454941E+00
-195 -070 0.454941E+00
165 -055 0.431030E+00
-195 -055 0.431030E+00
165 -040 0.428308E+00
-195 -040 0.428308E+00
165 -025 0.447239E+00
-195 -025 0.447239E+00
165 -010 0.210207E+00
-195 -010 0.210207E+00
165 000 0.258634E+00
-195 000 0.258634E+00
165 015 0.346078E+00
-195 015 0.346078E+00
165 030 0.419647E+00
-195 030 0.419647E+00
165 050 0.480321E+00
-195 050 0.480321E+00
165 070 0.463912E+00
-195 070 0.463912E+00
165 090 0.307143E+00
-195 090 0.307143E+00
165 110 0.198689E+00
-195 110 0.198689E+00
165 130 0.170517E+00
-195 130 0.170517E+00
165 145 0.239383E+00
-195 145 0.239383E+00
165 160 0.348279E+00
-195 160 0.348279E+00
165 -200 0.348279E+00
-195 -200 0.348279E+00
165 170 0.438613E+00
-195 170 0.438613E+00
165 -190 0.438613E+00
-195 -190 0.438613E+00
165 180 0.529646E+00
-195 180 0.529646E+00
165 -180 0.529646E+00
-195 -180 0.529646E+00
180 -165 0.416112E+00
-180 -165 0.416112E+00
180 195 0.416112E+00
180 -150 0.421915E+00
-180 -150 0.421915E+00
180 210 0.421915E+00
180 -130 0.378112E+00
-180 -130 0.378112E+00
180 -115 0.333130E+00
-180 -115 0.333130E+00
180 -100 0.316457E+00
-180 -100 0.316457E+00
180 -085 0.283341E+00
-180 -085 0.283341E+00
180 -070 0.220133E+00
-180 -070 0.220133E+00
180 -055 0.232176E+00
-180 -055 0.232176E+00
180 -040 0.226235E+00
-180 -040 0.226235E+00
180 -025 0.228597E+00
-180 -025 0.228597E+00
180 -010 -0.137598E+00
-180 -010 -0.137598E+00
180 000 -0.697806E-01
-180 000 -0.697806E-01
180 015 0.512938E-01
-180 015 0.512938E-01
180 030 0.150470E+00
-180 030 0.150470E+00
180 070 0.141917E+00
-180 070 0.141917E+00
180 090 0.324913E-01
-180 090 0.324913E-01
180 110 -0.244008E-01
-180 110 -0.244008E-01
180 130 -0.193630E-01
-180 130 -0.193630E-01
180 145 0.744036E-01
-180 145 0.744036E-01
180 160 0.194365E+00
-180 160 0.194365E+00
180 -200 0.194365E+00
-180 -200 0.194365E+00
180 170 0.273732E+00
-180 170 0.273732E+00
180 -190 0.273732E+00
-180 -190 0.273732E+00
180 180 0.351413E+00
-180 180 0.351413E+00
180 -180 0.351413E+00
-180 -180 0.351413E+00
