PHI PSI J_6_16
-165 -165 0.387141E+01
195 -165 0.387141E+01
-165 195 0.387141E+01
195 195 0.387141E+01
-165 -150 0.402289E+01
195 -150 0.402289E+01
-165 210 0.402289E+01
195 210 0.402289E+01
-165 -130 0.414978E+01
195 -130 0.414978E+01
-165 -115 0.417484E+01
195 -115 0.417484E+01
-165 -100 0.407521E+01
195 -100 0.407521E+01
-165 -085 0.387821E+01
195 -085 0.387821E+01
-165 -070 0.391575E+01
195 -070 0.391575E+01
-165 -055 0.394644E+01
195 -055 0.394644E+01
-165 -040 0.399723E+01
195 -040 0.399723E+01
-165 -025 0.406082E+01
195 -025 0.406082E+01
-165 -010 0.413279E+01
195 -010 0.413279E+01
-165 000 0.408240E+01
195 000 0.408240E+01
-165 015 0.406088E+01
195 015 0.406088E+01
-165 030 0.407132E+01
195 030 0.407132E+01
-165 050 0.406493E+01
195 050 0.406493E+01
-165 070 0.398290E+01
195 070 0.398290E+01
-165 090 0.386032E+01
195 090 0.386032E+01
-165 110 0.374616E+01
195 110 0.374616E+01
-165 130 0.367148E+01
195 130 0.367148E+01
-165 145 0.362171E+01
195 145 0.362171E+01
-165 160 0.361096E+01
195 160 0.361096E+01
-165 -200 0.361096E+01
-165 170 0.364183E+01
195 170 0.364183E+01
-165 -190 0.364183E+01
-165 180 0.373526E+01
195 180 0.373526E+01
-165 -180 0.373526E+01
-150 -165 0.325230E+01
210 -165 0.325230E+01
-150 195 0.325230E+01
210 195 0.325230E+01
-150 -150 0.340248E+01
210 -150 0.340248E+01
-150 210 0.340248E+01
210 210 0.340248E+01
-150 -130 0.346079E+01
210 -130 0.346079E+01
-150 -115 0.337287E+01
210 -115 0.337287E+01
-150 -100 0.324215E+01
210 -100 0.324215E+01
-150 -085 0.326661E+01
210 -085 0.326661E+01
-150 -070 0.323440E+01
210 -070 0.323440E+01
-150 -055 0.315038E+01
210 -055 0.315038E+01
-150 -040 0.313659E+01
210 -040 0.313659E+01
-150 -025 0.319100E+01
210 -025 0.319100E+01
-150 -010 0.340758E+01
210 -010 0.340758E+01
-150 000 0.341889E+01
210 000 0.341889E+01
-150 015 0.343681E+01
210 015 0.343681E+01
-150 030 0.347492E+01
210 030 0.347492E+01
-150 050 0.343426E+01
210 050 0.343426E+01
-150 070 0.330151E+01
210 070 0.330151E+01
-150 090 0.314390E+01
210 090 0.314390E+01
-150 110 0.299455E+01
210 110 0.299455E+01
-150 130 0.288829E+01
210 130 0.288829E+01
-150 145 0.284729E+01
210 145 0.284729E+01
-150 160 0.287798E+01
210 160 0.287798E+01
-150 -200 0.287798E+01
-150 170 0.295477E+01
210 170 0.295477E+01
-150 -190 0.295477E+01
-125 -165 0.164800E+01
-125 195 0.164800E+01
-125 -150 0.171409E+01
-125 210 0.171409E+01
-125 -130 0.172780E+01
-125 -115 0.176696E+01
-125 -100 0.181126E+01
-125 -085 0.178056E+01
-125 -070 0.173455E+01
-125 -055 0.183518E+01
-125 -040 0.188831E+01
-125 -025 0.182942E+01
-125 -010 0.182975E+01
-125 000 0.184998E+01
-125 015 0.189856E+01
-125 030 0.191291E+01
-125 050 0.183698E+01
-125 070 0.171353E+01
-125 090 0.160384E+01
-125 110 0.144861E+01
-125 130 0.134954E+01
-125 145 0.132681E+01
-125 160 0.136558E+01
-125 -200 0.136558E+01
-125 170 0.147987E+01
-125 -190 0.147987E+01
-100 -165 0.371362E+00
-100 195 0.371362E+00
-100 -150 0.395114E+00
-100 210 0.395114E+00
-100 -130 0.432385E+00
-100 -115 0.461908E+00
-100 -100 0.478595E+00
-100 -085 0.490851E+00
-100 -070 0.481647E+00
-100 -055 0.532105E+00
-100 -040 0.511233E+00
-100 -025 0.513618E+00
-100 -010 0.503733E+00
-100 000 0.513059E+00
-100 015 0.505426E+00
-100 030 0.476400E+00
-100 050 0.453243E+00
-100 070 0.436406E+00
-100 090 0.432663E+00
-100 110 0.386245E+00
-100 130 0.327571E+00
-100 145 0.311068E+00
-100 160 0.316854E+00
-100 -200 0.316854E+00
-100 170 0.327902E+00
-100 -190 0.327902E+00
-085 -165 0.135735E+00
-085 195 0.135735E+00
-085 -150 0.935097E-01
-085 210 0.935097E-01
-085 -130 0.771902E-01
-085 -115 0.907177E-01
-085 -100 0.108984E+00
-085 -085 0.128025E+00
-085 -070 0.142090E+00
-085 -055 0.148096E+00
-085 -040 0.137985E+00
-085 -025 0.109131E+00
-085 -010 0.105225E+00
-085 000 0.945769E-01
-085 015 0.650707E-01
-085 030 0.497650E-01
-085 050 0.231219E-01
-085 070 0.975048E-01
-085 090 0.215895E+00
-085 110 0.256627E+00
-085 130 0.244133E+00
-085 145 0.245492E+00
-085 160 0.230282E+00
-085 -200 0.230282E+00
-085 170 0.214020E+00
-085 -190 0.214020E+00
-085 180 0.188153E+00
-085 -180 0.188153E+00
-070 -165 0.334889E+00
-070 195 0.334889E+00
-070 -150 0.230034E+00
-070 210 0.230034E+00
-070 -130 0.139107E+00
-070 -115 0.119942E+00
-070 -100 0.130617E+00
-070 -085 0.156769E+00
-070 -070 0.148389E+00
-070 -055 0.101328E+00
-070 -040 0.590929E-01
-070 -025 0.641116E-01
-070 -010 0.560286E-01
-070 000 0.427292E-01
-070 015 0.200581E-01
-070 030 0.159213E-01
-070 050 0.696029E-01
-070 070 0.231903E+00
-070 090 0.415437E+00
-070 110 0.477550E+00
-070 130 0.501724E+00
-070 145 0.523856E+00
-070 160 0.507592E+00
-070 -200 0.507592E+00
-070 170 0.491290E+00
-070 -190 0.491290E+00
-055 -165 0.849576E+00
-055 195 0.849576E+00
-055 -150 0.634424E+00
-055 210 0.634424E+00
-055 -130 0.456613E+00
-055 -115 0.412487E+00
-055 -100 0.437419E+00
-055 -085 0.432318E+00
-055 -070 0.323336E+00
-055 -055 0.288913E+00
-055 -040 0.309329E+00
-055 -025 0.318807E+00
-055 -010 0.324481E+00
-055 000 0.301951E+00
-055 015 0.267849E+00
-055 030 0.264410E+00
-055 050 0.432918E+00
-055 070 0.655979E+00
-055 090 0.844134E+00
-055 110 0.862184E+00
-055 130 0.926163E+00
-055 145 0.966322E+00
-055 160 0.101520E+01
-055 -200 0.101520E+01
-055 170 0.103767E+01
-055 -190 0.103767E+01
-055 180 0.992435E+00
-055 -180 0.992435E+00
-040 -165 0.130310E+01
-040 195 0.130310E+01
-040 -150 0.101880E+01
-040 210 0.101880E+01
-040 -130 0.851366E+00
-040 -115 0.817129E+00
-040 -100 0.726090E+00
-040 -085 0.512097E+00
-040 -070 0.593140E+00
-040 -055 0.714099E+00
-040 -040 0.750429E+00
-040 -025 0.741713E+00
-040 -010 0.687049E+00
-040 000 0.626048E+00
-040 015 0.546006E+00
-040 030 0.669597E+00
-040 050 0.892012E+00
-040 070 0.114544E+01
-040 090 0.121874E+01
-040 110 0.112118E+01
-040 130 0.135711E+01
-040 145 0.148097E+01
-040 160 0.157832E+01
-040 -200 0.157832E+01
-040 170 0.161711E+01
-040 -190 0.161711E+01
-040 180 0.156962E+01
-040 -180 0.156962E+01
-025 -165 0.156358E+01
-025 195 0.156358E+01
-025 -150 0.127906E+01
-025 210 0.127906E+01
-025 -130 0.767092E+00
-025 -115 0.843098E+00
-025 -100 0.832957E+00
-025 -085 0.875852E+00
-025 -070 0.100433E+01
-025 -055 0.112665E+01
-025 -040 0.111956E+01
-025 -025 0.122594E+01
-025 -010 0.877743E+00
-025 000 0.847483E+00
-025 015 0.945924E+00
-025 030 0.106341E+01
-025 050 0.123266E+01
-025 070 0.134977E+01
-025 090 0.108916E+01
-025 110 0.126313E+01
-025 130 0.160997E+01
-025 145 0.188441E+01
-025 160 0.199244E+01
-025 -200 0.199244E+01
-025 170 0.197559E+01
-025 -190 0.197559E+01
-025 180 0.184137E+01
-025 -180 0.184137E+01
-010 -150 0.127864E+01
-010 210 0.127864E+01
-010 -130 0.133697E+01
-010 -115 0.131287E+01
-010 -100 0.127912E+01
-010 -085 0.121687E+01
-010 -070 0.135220E+01
-010 -055 0.140340E+01
-010 -040 0.123785E+01
-010 -025 0.110445E+01
-010 -010 0.120206E+01
-010 000 0.125027E+01
-010 015 0.129833E+01
-010 030 0.132612E+01
-010 050 0.133789E+01
-010 070 0.105752E+01
-010 090 0.117400E+01
-010 110 0.150759E+01
-010 130 0.184438E+01
-010 145 0.198193E+01
-010 160 0.201728E+01
-010 -200 0.201728E+01
-010 170 0.195323E+01
-010 -190 0.195323E+01
-010 180 0.180362E+01
-010 -180 0.180362E+01
000 -165 0.152310E+01
000 195 0.152310E+01
000 -150 0.160827E+01
000 210 0.160827E+01
000 -115 0.157765E+01
000 -100 0.141991E+01
000 -085 0.132799E+01
000 -070 0.142150E+01
000 -055 0.135855E+01
000 -040 0.122213E+01
000 -025 0.134355E+01
000 -010 0.139969E+01
000 000 0.140745E+01
000 015 0.138404E+01
000 030 0.134899E+01
000 050 0.117901E+01
000 070 0.120807E+01
000 090 0.130085E+01
000 110 0.160730E+01
000 130 0.182937E+01
000 145 0.188594E+01
000 160 0.186837E+01
000 -200 0.186837E+01
000 170 0.172776E+01
000 -190 0.172776E+01
000 180 0.133850E+01
000 -180 0.133850E+01
015 -150 0.201740E+01
015 210 0.201740E+01
015 -130 0.186817E+01
015 -115 0.162773E+01
015 -100 0.139524E+01
015 -085 0.126043E+01
015 -070 0.123751E+01
015 -055 0.142361E+01
015 -040 0.143950E+01
015 -025 0.147612E+01
015 -010 0.141882E+01
015 000 0.135701E+01
015 015 0.125832E+01
015 030 0.113830E+01
015 070 0.125659E+01
015 090 0.132823E+01
015 110 0.150837E+01
015 130 0.155816E+01
015 145 0.151692E+01
015 160 0.152069E+01
015 -200 0.152069E+01
015 170 0.173639E+01
015 -190 0.173639E+01
015 180 0.186704E+01
015 -180 0.186704E+01
030 -150 0.201737E+01
030 210 0.201737E+01
030 -130 0.173311E+01
030 -115 0.146951E+01
030 -100 0.125039E+01
030 -085 0.144622E+01
030 -070 0.159336E+01
030 -055 0.152425E+01
030 -040 0.145749E+01
030 -025 0.126589E+01
030 -010 0.111712E+01
030 000 0.101539E+01
030 015 0.904219E+00
030 030 0.959674E+00
030 050 0.109505E+01
030 070 0.107246E+01
030 090 0.107445E+01
030 110 0.109021E+01
030 130 0.108392E+01
030 145 0.148966E+01
030 160 0.170706E+01
030 -200 0.170706E+01
030 170 0.175825E+01
030 -190 0.175825E+01
030 180 0.199501E+01
030 -180 0.199501E+01
050 -165 0.149226E+01
050 195 0.149226E+01
050 -150 0.148074E+01
050 210 0.148074E+01
050 -130 0.126712E+01
050 -115 0.123106E+01
050 -100 0.128970E+01
050 -085 0.129345E+01
050 -070 0.118389E+01
050 -055 0.102250E+01
050 -040 0.101763E+01
050 -025 0.997799E+00
050 -010 0.505687E+00
050 000 0.446732E+00
050 015 0.531309E+00
050 030 0.566635E+00
050 050 0.598658E+00
050 070 0.567475E+00
050 090 0.654683E+00
050 110 0.834768E+00
050 130 0.856063E+00
050 145 0.971423E+00
050 160 0.115171E+01
050 -200 0.115171E+01
050 170 0.127686E+01
050 -190 0.127686E+01
050 180 0.138989E+01
050 -180 0.138989E+01
070 -165 0.618739E+00
070 195 0.618739E+00
070 -150 0.656306E+00
070 210 0.656306E+00
070 -130 0.617769E+00
070 -115 0.586635E+00
070 -100 0.575666E+00
070 -085 0.518662E+00
070 -070 0.390606E+00
070 -055 0.246711E+00
070 -040 0.829812E-01
070 -025 -0.222283E-01
070 -010 -0.550839E-01
070 000 -0.198812E-01
070 015 0.193056E-01
070 030 0.635174E-01
070 050 0.972322E-01
070 070 0.100074E+00
070 090 0.198442E+00
070 110 0.167003E+00
070 130 0.150323E+00
070 145 0.193341E+00
070 160 0.307759E+00
070 -200 0.307759E+00
070 170 0.403602E+00
070 -190 0.403602E+00
090 -165 0.710129E-01
090 195 0.710129E-01
090 -150 0.938606E-01
090 210 0.938606E-01
090 -130 0.105139E+00
090 -115 0.104735E+00
090 -100 0.894074E-01
090 -085 0.370291E-01
090 -070 -0.369360E-01
090 -055 -0.114500E+00
090 -040 -0.153755E+00
090 -025 -0.144029E+00
090 -010 -0.117526E+00
090 000 -0.927820E-01
090 015 -0.812392E-01
090 030 -0.620956E-01
090 050 -0.486713E-01
090 070 -0.279622E-01
090 090 -0.398295E-01
090 110 -0.723859E-01
090 130 -0.102866E+00
090 145 -0.111205E+00
090 160 -0.795425E-01
090 -200 -0.795425E-01
090 170 -0.372367E-01
090 -190 -0.372367E-01
090 180 0.129977E-01
090 -180 0.129977E-01
110 -165 0.294000E+00
110 195 0.294000E+00
110 -150 0.269366E+00
110 210 0.269366E+00
110 -130 0.269809E+00
110 -115 0.297779E+00
110 -100 0.314931E+00
110 -085 0.338995E+00
110 -070 0.356915E+00
110 -055 0.389514E+00
110 -040 0.426652E+00
110 -025 0.450511E+00
110 -010 0.431843E+00
110 000 0.411816E+00
110 015 0.380138E+00
110 030 0.369197E+00
110 050 0.414367E+00
110 070 0.405727E+00
110 090 0.474109E+00
110 110 0.505888E+00
110 130 0.496973E+00
110 145 0.481646E+00
110 160 0.445300E+00
110 -200 0.445300E+00
110 170 0.419836E+00
110 -190 0.419836E+00
110 180 0.369841E+00
110 -180 0.369841E+00
130 -165 0.163719E+01
130 195 0.163719E+01
130 -150 0.150762E+01
130 210 0.150762E+01
130 -130 0.143506E+01
130 -115 0.142648E+01
130 -100 0.146126E+01
130 -085 0.152060E+01
130 -070 0.163444E+01
130 -055 0.176915E+01
130 -040 0.184645E+01
130 -010 0.171299E+01
130 000 0.163399E+01
130 015 0.157556E+01
130 030 0.155688E+01
130 050 0.161028E+01
130 070 0.171092E+01
130 090 0.179686E+01
130 110 0.186866E+01
130 130 0.201510E+01
130 145 0.215538E+01
130 160 0.212313E+01
130 -200 0.212313E+01
130 170 0.205195E+01
130 -190 0.205195E+01
130 180 0.189188E+01
130 -180 0.189188E+01
150 -165 0.318073E+01
-210 -165 0.318073E+01
150 195 0.318073E+01
150 -150 0.306109E+01
-210 -150 0.306109E+01
150 210 0.306109E+01
150 -130 0.298054E+01
-210 -130 0.298054E+01
150 -115 0.300305E+01
-210 -115 0.300305E+01
150 -100 0.306938E+01
-210 -100 0.306938E+01
150 -085 0.317002E+01
-210 -085 0.317002E+01
150 -070 0.334427E+01
-210 -070 0.334427E+01
150 -055 0.348803E+01
-210 -055 0.348803E+01
150 -040 0.354605E+01
-210 -040 0.354605E+01
150 -025 0.349473E+01
-210 -025 0.349473E+01
150 -010 0.341346E+01
-210 -010 0.341346E+01
150 000 0.334821E+01
-210 000 0.334821E+01
150 015 0.342645E+01
-210 015 0.342645E+01
150 030 0.331508E+01
-210 030 0.331508E+01
150 050 0.323616E+01
-210 050 0.323616E+01
150 070 0.321266E+01
-210 070 0.321266E+01
150 090 0.325465E+01
-210 090 0.325465E+01
150 110 0.347751E+01
-210 110 0.347751E+01
150 130 0.366356E+01
-210 130 0.366356E+01
150 145 0.370881E+01
-210 145 0.370881E+01
150 160 0.362906E+01
-210 160 0.362906E+01
150 -200 0.362906E+01
-210 -200 0.362906E+01
150 170 0.351986E+01
-210 170 0.351986E+01
150 -190 0.351986E+01
-210 -190 0.351986E+01
150 180 0.337201E+01
-210 180 0.337201E+01
150 -180 0.337201E+01
-210 -180 0.337201E+01
165 -165 0.389348E+01
-195 -165 0.389348E+01
165 195 0.389348E+01
165 -150 0.386742E+01
-195 -150 0.386742E+01
165 210 0.386742E+01
165 -130 0.390093E+01
-195 -130 0.390093E+01
165 -115 0.396136E+01
-195 -115 0.396136E+01
165 -100 0.401742E+01
-195 -100 0.401742E+01
165 -085 0.408792E+01
-195 -085 0.408792E+01
165 -070 0.417097E+01
-195 -070 0.417097E+01
165 -055 0.425229E+01
-195 -055 0.425229E+01
165 -040 0.432786E+01
-195 -040 0.432786E+01
165 -025 0.434918E+01
-195 -025 0.434918E+01
165 -010 0.431938E+01
-195 -010 0.431938E+01
165 000 0.428659E+01
-195 000 0.428659E+01
165 015 0.417306E+01
-195 015 0.417306E+01
165 030 0.409268E+01
-195 030 0.409268E+01
165 050 0.400543E+01
-195 050 0.400543E+01
165 070 0.394738E+01
-195 070 0.394738E+01
165 090 0.403748E+01
-195 090 0.403748E+01
165 110 0.414960E+01
-195 110 0.414960E+01
165 130 0.422123E+01
-195 130 0.422123E+01
165 145 0.419843E+01
-195 145 0.419843E+01
165 160 0.412513E+01
-195 160 0.412513E+01
165 -200 0.412513E+01
-195 -200 0.412513E+01
165 170 0.405114E+01
-195 170 0.405114E+01
165 -190 0.405114E+01
-195 -190 0.405114E+01
165 180 0.396800E+01
-195 180 0.396800E+01
165 -180 0.396800E+01
-195 -180 0.396800E+01
180 -165 0.410945E+01
-180 -165 0.410945E+01
180 195 0.410945E+01
180 -150 0.420917E+01
-180 -150 0.420917E+01
180 210 0.420917E+01
180 -130 0.433365E+01
-180 -130 0.433365E+01
180 -115 0.438674E+01
-180 -115 0.438674E+01
180 -100 0.441265E+01
-180 -100 0.441265E+01
180 -085 0.422885E+01
-180 -085 0.422885E+01
180 -070 0.426423E+01
-180 -070 0.426423E+01
180 -055 0.437645E+01
-180 -055 0.437645E+01
180 -040 0.445798E+01
-180 -040 0.445798E+01
180 -025 0.451027E+01
-180 -025 0.451027E+01
180 -010 0.447703E+01
-180 -010 0.447703E+01
180 000 0.441362E+01
-180 000 0.441362E+01
180 015 0.435043E+01
-180 015 0.435043E+01
180 030 0.432439E+01
-180 030 0.432439E+01
180 070 0.424202E+01
-180 070 0.424202E+01
180 090 0.420469E+01
-180 090 0.420469E+01
180 110 0.419815E+01
-180 110 0.419815E+01
180 130 0.416999E+01
-180 130 0.416999E+01
180 145 0.412731E+01
-180 145 0.412731E+01
180 160 0.407043E+01
-180 160 0.407043E+01
180 -200 0.407043E+01
-180 -200 0.407043E+01
180 170 0.404186E+01
-180 170 0.404186E+01
180 -190 0.404186E+01
-180 -190 0.404186E+01
180 180 0.404907E+01
-180 180 0.404907E+01
180 -180 0.404907E+01
-180 -180 0.404907E+01
