PHI PSI J_12_16
-165 -165 0.451707E+01
195 -165 0.451707E+01
-165 195 0.451707E+01
195 195 0.451707E+01
-165 -150 0.435144E+01
195 -150 0.435144E+01
-165 210 0.435144E+01
195 210 0.435144E+01
-165 -130 0.399234E+01
195 -130 0.399234E+01
-165 -115 0.380002E+01
195 -115 0.380002E+01
-165 -100 0.372958E+01
195 -100 0.372958E+01
-165 -085 0.335184E+01
195 -085 0.335184E+01
-165 -070 0.338629E+01
195 -070 0.338629E+01
-165 -055 0.367330E+01
195 -055 0.367330E+01
-165 -040 0.368932E+01
195 -040 0.368932E+01
-165 -025 0.359915E+01
195 -025 0.359915E+01
-165 -010 0.108591E+01
195 -010 0.108591E+01
-165 000 0.120435E+01
195 000 0.120435E+01
-165 015 0.153884E+01
195 015 0.153884E+01
-165 030 0.191030E+01
195 030 0.191030E+01
-165 050 0.225454E+01
195 050 0.225454E+01
-165 070 0.223132E+01
195 070 0.223132E+01
-165 090 0.221728E+01
195 090 0.221728E+01
-165 110 0.242251E+01
195 110 0.242251E+01
-165 130 0.279143E+01
195 130 0.279143E+01
-165 145 0.332067E+01
195 145 0.332067E+01
-165 160 0.386208E+01
195 160 0.386208E+01
-165 -200 0.386208E+01
-165 170 0.419182E+01
195 170 0.419182E+01
-165 -190 0.419182E+01
-165 180 0.442504E+01
195 180 0.442504E+01
-165 -180 0.442504E+01
-150 -165 0.461724E+01
210 -165 0.461724E+01
-150 195 0.461724E+01
210 195 0.461724E+01
-150 -150 0.451631E+01
210 -150 0.451631E+01
-150 210 0.451631E+01
210 210 0.451631E+01
-150 -130 0.419419E+01
210 -130 0.419419E+01
-150 -115 0.391079E+01
210 -115 0.391079E+01
-150 -100 0.303318E+01
210 -100 0.303318E+01
-150 -085 0.268872E+01
210 -085 0.268872E+01
-150 -070 0.285896E+01
210 -070 0.285896E+01
-150 -055 0.337259E+01
210 -055 0.337259E+01
-150 -040 0.374657E+01
210 -040 0.374657E+01
-150 -025 0.384257E+01
210 -025 0.384257E+01
-150 -010 0.222319E+00
210 -010 0.222319E+00
-150 000 0.409903E+00
210 000 0.409903E+00
-150 015 0.706806E+00
210 015 0.706806E+00
-150 030 0.102606E+01
210 030 0.102606E+01
-150 050 0.143150E+01
210 050 0.143150E+01
-150 070 0.150376E+01
210 070 0.150376E+01
-150 090 0.153541E+01
210 090 0.153541E+01
-150 110 0.188713E+01
210 110 0.188713E+01
-150 130 0.246055E+01
210 130 0.246055E+01
-150 145 0.309902E+01
210 145 0.309902E+01
-150 160 0.379977E+01
210 160 0.379977E+01
-150 -200 0.379977E+01
-150 170 0.422365E+01
210 170 0.422365E+01
-150 -190 0.422365E+01
-125 -165 0.432086E+01
-125 195 0.432086E+01
-125 -150 0.405170E+01
-125 210 0.405170E+01
-125 -130 0.307349E+01
-125 -115 0.228096E+01
-125 -100 0.184938E+01
-125 -085 0.163265E+01
-125 -070 0.161400E+01
-125 -055 0.916754E-01
-125 -040 -0.604939E+00
-125 -025 -0.602364E+00
-125 -010 -0.507518E+00
-125 000 -0.405975E+00
-125 015 -0.198907E+00
-125 030 0.837172E-01
-125 050 0.415627E+00
-125 070 0.417806E+00
-125 090 0.617240E+00
-125 110 0.117226E+01
-125 130 0.198929E+01
-125 145 0.267390E+01
-125 160 0.350321E+01
-125 -200 0.350321E+01
-125 170 0.394301E+01
-125 -190 0.394301E+01
-100 -165 0.204911E+01
-100 195 0.204911E+01
-100 -150 0.176522E+01
-100 210 0.176522E+01
-100 -130 0.129300E+01
-100 -115 0.110495E+01
-100 -100 0.100578E+01
-100 -085 0.534922E+00
-100 -070 -0.546691E-02
-100 -055 -0.612356E+00
-100 -040 -0.497789E+00
-100 -025 -0.439714E+00
-100 -010 -0.356467E+00
-100 000 -0.409648E+00
-100 015 -0.433892E+00
-100 030 -0.290437E+00
-100 050 -0.330527E+00
-100 070 -0.378132E+00
-100 090 -0.202848E+00
-100 110 0.318956E+00
-100 130 0.103806E+01
-100 145 0.155231E+01
-100 160 0.198063E+01
-100 -200 0.198063E+01
-100 170 0.217538E+01
-100 -190 0.217538E+01
-085 -165 0.770640E+00
-085 195 0.770640E+00
-085 -150 0.877344E+00
-085 210 0.877344E+00
-085 -130 0.806660E+00
-085 -115 0.759739E+00
-085 -100 0.410680E+00
-085 -085 0.170321E-01
-085 -070 -0.493295E+00
-085 -055 -0.244233E+00
-085 -040 0.224514E+00
-085 -025 0.491011E+00
-085 -010 0.973332E-01
-085 000 -0.177006E+00
-085 015 -0.403068E+00
-085 030 -0.413603E+00
-085 050 -0.379292E+00
-085 070 -0.372362E+00
-085 090 -0.391739E+00
-085 110 -0.262775E+00
-085 130 0.395331E-01
-085 145 0.358377E+00
-085 160 0.552583E+00
-085 -200 0.552583E+00
-085 170 0.624944E+00
-085 -190 0.624944E+00
-085 180 0.659872E+00
-085 -180 0.659872E+00
-070 -165 0.435546E-01
-070 195 0.435546E-01
-070 -150 0.237478E+00
-070 210 0.237478E+00
-070 -130 0.295566E+00
-070 -115 0.225340E+00
-070 -100 -0.147545E+00
-070 -085 -0.436216E+00
-070 -070 -0.357585E+00
-070 -055 0.884129E+00
-070 -040 0.187579E+01
-070 -025 0.115538E+01
-070 -010 0.284914E+00
-070 000 -0.626555E-01
-070 015 -0.297285E+00
-070 030 -0.344692E+00
-070 050 -0.346644E+00
-070 070 -0.348399E+00
-070 090 -0.405339E+00
-070 110 -0.462060E+00
-070 130 -0.514855E+00
-070 145 -0.512026E+00
-070 160 -0.431503E+00
-070 -200 -0.431503E+00
-070 170 -0.310194E+00
-070 -190 -0.310194E+00
-055 -165 -0.362047E+00
-055 195 -0.362047E+00
-055 -150 -0.251204E+00
-055 210 -0.251204E+00
-055 -130 -0.223741E+00
-055 -115 -0.425047E+00
-055 -100 -0.525497E+00
-055 -085 -0.275737E+00
-055 -070 0.142928E+01
-055 -055 0.279703E+01
-055 -040 0.236661E+01
-055 -025 0.134868E+01
-055 -010 0.442722E+00
-055 000 0.186645E+00
-055 015 0.470334E-01
-055 030 0.180536E+00
-055 050 0.442872E-01
-055 070 -0.163609E-01
-055 090 -0.162577E+00
-055 110 -0.166318E+00
-055 130 -0.361567E+00
-055 145 -0.490299E+00
-055 160 -0.579756E+00
-055 -200 -0.579756E+00
-055 170 -0.571572E+00
-055 -190 -0.571572E+00
-055 180 -0.516037E+00
-055 -180 -0.516037E+00
-040 -165 -0.465548E+00
-040 195 -0.465548E+00
-040 -150 -0.498318E+00
-040 210 -0.498318E+00
-040 -130 -0.522616E+00
-040 -115 -0.268778E+00
-040 -100 0.985404E+00
-040 -085 0.427496E+01
-040 -070 0.426360E+01
-040 -055 0.344859E+01
-040 -040 0.250344E+01
-040 -025 0.157116E+01
-040 -010 0.109782E+01
-040 000 0.117790E+01
-040 015 0.199056E+01
-040 030 0.173358E+01
-040 050 0.134002E+01
-040 070 0.913603E+00
-040 090 0.819558E+00
-040 110 0.113377E+01
-040 130 0.672069E+00
-040 145 0.181481E+00
-040 160 -0.119977E+00
-040 -200 -0.119977E+00
-040 170 -0.309841E+00
-040 -190 -0.309841E+00
-040 180 -0.402159E+00
-040 -180 -0.402159E+00
-025 -165 0.727278E-01
-025 195 0.727278E-01
-025 -150 -0.509777E-01
-025 210 -0.509777E-01
-025 -130 0.779865E+01
-025 -115 0.773438E+01
-025 -100 0.739488E+01
-025 -085 0.669951E+01
-025 -070 0.553015E+01
-025 -055 0.421757E+01
-025 -040 0.328049E+01
-025 -025 0.281117E+01
-025 -010 0.458985E+01
-025 000 0.499964E+01
-025 015 0.518800E+01
-025 030 0.473609E+01
-025 050 0.382107E+01
-025 070 0.328685E+01
-025 090 0.434292E+01
-025 110 0.355004E+01
-025 130 0.229948E+01
-025 145 0.144090E+01
-025 160 0.915010E+00
-025 -200 0.915010E+00
-025 170 0.653294E+00
-025 -190 0.653294E+00
-025 180 0.457485E+00
-025 -180 0.457485E+00
-010 -150 0.702193E+01
-010 210 0.702193E+01
-010 -130 0.697522E+01
-010 -115 0.712712E+01
-010 -100 0.722709E+01
-010 -085 0.708661E+01
-010 -070 0.589985E+01
-010 -055 0.496244E+01
-010 -040 0.498654E+01
-010 -025 0.690999E+01
-010 -010 0.694771E+01
-010 000 0.695353E+01
-010 015 0.687178E+01
-010 030 0.659464E+01
-010 050 0.623531E+01
-010 070 0.713505E+01
-010 090 0.654688E+01
-010 110 0.495865E+01
-010 130 0.386370E+01
-010 145 0.339613E+01
-010 160 0.293296E+01
-010 -200 0.293296E+01
-010 170 0.269669E+01
-010 -190 0.269669E+01
-010 180 0.239112E+01
-010 -180 0.239112E+01
000 -165 0.571089E+01
000 195 0.571089E+01
000 -150 0.574546E+01
000 210 0.574546E+01
000 -115 0.619521E+01
000 -100 0.688654E+01
000 -085 0.715056E+01
000 -070 0.647256E+01
000 -055 0.615618E+01
000 -040 0.739745E+01
000 -025 0.739397E+01
000 -010 0.736002E+01
000 000 0.734266E+01
000 015 0.729407E+01
000 030 0.721100E+01
000 050 0.731977E+01
000 070 0.708289E+01
000 090 0.685052E+01
000 110 0.574021E+01
000 130 0.512652E+01
000 145 0.490362E+01
000 160 0.463463E+01
000 -200 0.463463E+01
000 170 0.475370E+01
000 -190 0.475370E+01
000 180 0.658020E+01
000 -180 0.658020E+01
015 -150 0.332341E+01
015 210 0.332341E+01
015 -130 0.409773E+01
015 -115 0.510446E+01
015 -100 0.636305E+01
015 -085 0.713521E+01
015 -070 0.739931E+01
015 -055 0.668446E+01
015 -040 0.705065E+01
015 -025 0.665620E+01
015 -010 0.686106E+01
015 000 0.689619E+01
015 015 0.699826E+01
015 030 0.702684E+01
015 070 0.662899E+01
015 090 0.709974E+01
015 110 0.689179E+01
015 130 0.696746E+01
015 145 0.719629E+01
015 160 0.386084E+01
015 -200 0.386084E+01
015 170 0.268790E+01
015 -190 0.268790E+01
015 180 0.264107E+01
015 -180 0.264107E+01
030 -150 0.147266E+01
030 210 0.147266E+01
030 -130 0.254803E+01
030 -115 0.366948E+01
030 -100 0.487731E+01
030 -085 0.397529E+01
030 -070 0.375451E+01
030 -055 0.390567E+01
030 -040 0.529264E+01
030 -025 0.463996E+01
030 -010 0.521899E+01
030 000 0.540852E+01
030 015 0.548499E+01
030 030 0.448866E+01
030 050 0.508383E+01
030 070 0.631937E+01
030 090 0.710159E+01
030 110 0.757848E+01
030 130 0.786340E+01
030 145 0.715963E+00
030 160 0.307526E+00
030 -200 0.307526E+00
030 170 0.393044E+00
030 -190 0.393044E+00
030 180 0.534588E+00
030 -180 0.534588E+00
050 -165 -0.212680E+00
050 195 -0.212680E+00
050 -150 0.324081E-01
050 210 0.324081E-01
050 -130 0.761563E+00
050 -115 0.972428E+00
050 -100 0.942758E+00
050 -085 0.107060E+01
050 -070 0.119257E+01
050 -055 0.118261E+01
050 -040 0.188142E+01
050 -025 0.511954E+00
050 -010 0.236635E+01
050 000 0.272231E+01
050 015 0.233423E+01
050 030 0.335337E+01
050 050 0.469992E+01
050 070 0.518913E+01
050 090 0.253642E+01
050 110 0.164691E+00
050 130 -0.330216E+00
050 145 -0.392673E+00
050 160 -0.376513E+00
050 -200 -0.376513E+00
050 170 -0.355597E+00
050 -190 -0.355597E+00
050 180 -0.361895E+00
050 -180 -0.361895E+00
070 -165 -0.524938E+00
070 195 -0.524938E+00
070 -150 -0.482702E+00
070 210 -0.482702E+00
070 -130 -0.235344E+00
070 -115 0.121283E-02
070 -100 0.255436E+00
070 -085 0.506777E+00
070 -070 0.615429E+00
070 -055 0.622723E+00
070 -040 0.993437E+00
070 -025 0.138364E+01
070 -010 0.170441E+01
070 000 0.168390E+01
070 015 0.270999E+01
070 030 0.365531E+01
070 050 0.397579E+01
070 070 0.289434E+01
070 090 0.409101E-01
070 110 -0.309135E+00
070 130 -0.343276E+00
070 145 -0.329265E+00
070 160 -0.359955E+00
070 -200 -0.359955E+00
070 170 -0.414147E+00
070 -190 -0.414147E+00
090 -165 -0.865704E-01
090 195 -0.865704E-01
090 -150 -0.348074E+00
090 210 -0.348074E+00
090 -130 -0.343103E+00
090 -115 -0.339492E+00
090 -100 -0.119561E+00
090 -085 0.392623E+00
090 -070 0.716055E+00
090 -055 0.832905E+00
090 -040 0.801385E+00
090 -025 0.612953E+00
090 -010 0.892009E+00
090 000 0.114850E+01
090 015 0.194677E+01
090 030 0.213825E+01
090 050 0.200424E+01
090 070 0.909575E-01
090 090 -0.280331E+00
090 110 -0.225796E+00
090 130 -0.169950E+00
090 145 -0.160724E+00
090 160 -0.119853E+00
090 -200 -0.119853E+00
090 170 -0.147512E+00
090 -190 -0.147512E+00
090 180 -0.129127E+00
090 -180 -0.129127E+00
110 -165 0.161759E+01
110 195 0.161759E+01
110 -150 0.121553E+01
110 210 0.121553E+01
110 -130 0.502198E+00
110 -115 0.261548E+00
110 -100 -0.685991E-01
110 -085 -0.193436E+00
110 -070 -0.190699E+00
110 -055 -0.195887E+00
110 -040 -0.216751E+00
110 -025 -0.210003E+00
110 -010 -0.699733E-01
110 000 0.976837E-01
110 015 0.246086E+00
110 030 0.316838E+00
110 050 -0.144032E+00
110 070 0.620324E-01
110 090 0.185647E+00
110 110 0.343784E+00
110 130 0.604181E+00
110 145 0.982544E+00
110 160 0.149428E+01
110 -200 0.149428E+01
110 170 0.199674E+01
110 -190 0.199674E+01
110 180 0.196297E+01
110 -180 0.196297E+01
130 -165 0.402016E+01
130 195 0.402016E+01
130 -150 0.316133E+01
130 210 0.316133E+01
130 -130 0.201279E+01
130 -115 0.132177E+01
130 -100 0.924008E+00
130 -085 0.548326E+00
130 -070 0.467294E+00
130 -055 0.336326E+00
130 -040 0.238722E+00
130 -010 -0.277729E+00
130 000 -0.395893E+00
130 015 -0.528382E+00
130 030 -0.608154E+00
130 050 0.277658E+01
130 070 0.204013E+01
130 090 0.165519E+01
130 110 0.205375E+01
130 130 0.365860E+01
130 145 0.463523E+01
130 160 0.510303E+01
130 -200 0.510303E+01
130 170 0.517876E+01
130 -190 0.517876E+01
130 180 0.486815E+01
130 -180 0.486815E+01
150 -165 0.486323E+01
-210 -165 0.486323E+01
150 195 0.486323E+01
150 -150 0.408919E+01
-210 -150 0.408919E+01
150 210 0.408919E+01
150 -130 0.305306E+01
-210 -130 0.305306E+01
150 -115 0.240376E+01
-210 -115 0.240376E+01
150 -100 0.208995E+01
-210 -100 0.208995E+01
150 -085 0.192932E+01
-210 -085 0.192932E+01
150 -070 0.202236E+01
-210 -070 0.202236E+01
150 -055 0.198635E+01
-210 -055 0.198635E+01
150 -040 0.177599E+01
-210 -040 0.177599E+01
150 -025 0.133692E+01
-210 -025 0.133692E+01
150 -010 0.797223E+00
-210 -010 0.797223E+00
150 000 0.509261E+00
-210 000 0.509261E+00
150 015 0.507420E+01
-210 015 0.507420E+01
150 030 0.491089E+01
-210 030 0.491089E+01
150 050 0.444251E+01
-210 050 0.444251E+01
150 070 0.371649E+01
-210 070 0.371649E+01
150 090 0.372318E+01
-210 090 0.372318E+01
150 110 0.455455E+01
-210 110 0.455455E+01
150 130 0.489898E+01
-210 130 0.489898E+01
150 145 0.519592E+01
-210 145 0.519592E+01
150 160 0.542079E+01
-210 160 0.542079E+01
150 -200 0.542079E+01
-210 -200 0.542079E+01
150 170 0.546798E+01
-210 170 0.546798E+01
150 -190 0.546798E+01
-210 -190 0.546798E+01
150 180 0.535835E+01
-210 180 0.535835E+01
150 -180 0.535835E+01
-210 -180 0.535835E+01
165 -165 0.478460E+01
-195 -165 0.478460E+01
165 195 0.478460E+01
165 -150 0.427135E+01
-195 -150 0.427135E+01
165 210 0.427135E+01
165 -130 0.350477E+01
-195 -130 0.350477E+01
165 -115 0.303804E+01
-195 -115 0.303804E+01
165 -100 0.277969E+01
-195 -100 0.277969E+01
165 -085 0.295872E+01
-195 -085 0.295872E+01
165 -070 0.319456E+01
-195 -070 0.319456E+01
165 -055 0.324817E+01
-195 -055 0.324817E+01
165 -040 0.290434E+01
-195 -040 0.290434E+01
165 -025 0.240831E+01
-195 -025 0.240831E+01
165 -010 0.386953E+01
-195 -010 0.386953E+01
165 000 0.390091E+01
-195 000 0.390091E+01
165 015 0.398923E+01
-195 015 0.398923E+01
165 030 0.409407E+01
-195 030 0.409407E+01
165 050 0.417693E+01
-195 050 0.417693E+01
165 070 0.410671E+01
-195 070 0.410671E+01
165 090 0.396957E+01
-195 090 0.396957E+01
165 110 0.397355E+01
-195 110 0.397355E+01
165 130 0.420510E+01
-195 130 0.420510E+01
165 145 0.451398E+01
-195 145 0.451398E+01
165 160 0.482153E+01
-195 160 0.482153E+01
165 -200 0.482153E+01
-195 -200 0.482153E+01
165 170 0.496955E+01
-195 170 0.496955E+01
165 -190 0.496955E+01
-195 -190 0.496955E+01
165 180 0.501968E+01
-195 180 0.501968E+01
165 -180 0.501968E+01
-195 -180 0.501968E+01
180 -165 0.459218E+01
-180 -165 0.459218E+01
180 195 0.459218E+01
180 -150 0.427487E+01
-180 -150 0.427487E+01
180 210 0.427487E+01
180 -130 0.375400E+01
-180 -130 0.375400E+01
180 -115 0.346089E+01
-180 -115 0.346089E+01
180 -100 0.334226E+01
-180 -100 0.334226E+01
180 -085 0.374812E+01
-180 -085 0.374812E+01
180 -070 0.383333E+01
-180 -070 0.383333E+01
180 -055 0.371448E+01
-180 -055 0.371448E+01
180 -040 0.347442E+01
-180 -040 0.347442E+01
180 -025 0.314841E+01
-180 -025 0.314841E+01
180 -010 0.233982E+01
-180 -010 0.233982E+01
180 000 0.240452E+01
-180 000 0.240452E+01
180 015 0.264793E+01
-180 015 0.264793E+01
180 030 0.295556E+01
-180 030 0.295556E+01
180 070 0.318561E+01
-180 070 0.318561E+01
180 090 0.306386E+01
-180 090 0.306386E+01
180 110 0.306338E+01
-180 110 0.306338E+01
180 130 0.336742E+01
-180 130 0.336742E+01
180 145 0.376390E+01
-180 145 0.376390E+01
180 160 0.419443E+01
-180 160 0.419443E+01
180 -200 0.419443E+01
-180 -200 0.419443E+01
180 170 0.443539E+01
-180 170 0.443539E+01
180 -190 0.443539E+01
-180 -190 0.443539E+01
180 180 0.461170E+01
-180 180 0.461170E+01
180 -180 0.461170E+01
-180 -180 0.461170E+01
