PHI PSI J_6_15
-165 -165 0.195993E-01
195 -165 0.195993E-01
-165 195 0.195993E-01
195 195 0.195993E-01
-165 -150 -0.313293E-01
195 -150 -0.313293E-01
-165 210 -0.313293E-01
195 210 -0.313293E-01
-165 -130 -0.760640E-01
195 -130 -0.760640E-01
-165 -115 -0.757338E-01
195 -115 -0.757338E-01
-165 -100 -0.337476E-01
195 -100 -0.337476E-01
-165 -085 0.210499E+00
195 -085 0.210499E+00
-165 -070 0.175796E+00
195 -070 0.175796E+00
-165 -055 0.449012E-01
195 -055 0.449012E-01
-165 -040 -0.321078E-01
195 -040 -0.321078E-01
-165 -025 -0.632914E-01
195 -025 -0.632914E-01
-165 -010 0.395721E+00
195 -010 0.395721E+00
-165 000 0.376850E+00
195 000 0.376850E+00
-165 015 0.338865E+00
195 015 0.338865E+00
-165 050 0.287581E+00
195 050 0.287581E+00
-165 070 0.298131E+00
195 070 0.298131E+00
-165 090 0.293324E+00
195 090 0.293324E+00
-165 110 0.275329E+00
195 110 0.275329E+00
-165 130 0.251798E+00
195 130 0.251798E+00
-165 145 0.205739E+00
195 145 0.205739E+00
-165 160 0.156978E+00
195 160 0.156978E+00
-165 -200 0.156978E+00
-165 170 0.120178E+00
195 170 0.120178E+00
-165 -190 0.120178E+00
-165 180 0.103498E+00
195 180 0.103498E+00
-165 -180 0.103498E+00
-150 -165 0.991774E-01
210 -165 0.991774E-01
-150 195 0.991774E-01
210 195 0.991774E-01
-150 -150 0.567178E-01
210 -150 0.567178E-01
-150 210 0.567178E-01
210 210 0.567178E-01
-150 -130 0.279026E-01
210 -130 0.279026E-01
-150 -115 0.363270E-01
210 -115 0.363270E-01
-150 -100 0.112543E+00
210 -100 0.112543E+00
-150 -085 0.122638E+00
210 -085 0.122638E+00
-150 -070 0.102237E+00
210 -070 0.102237E+00
-150 -055 0.820003E-01
210 -055 0.820003E-01
-150 -040 0.714873E-01
210 -040 0.714873E-01
-150 -025 0.740675E-01
210 -025 0.740675E-01
-150 -010 0.161954E+00
210 -010 0.161954E+00
-150 000 0.154137E+00
210 000 0.154137E+00
-150 015 0.147115E+00
210 015 0.147115E+00
-150 030 0.146356E+00
210 030 0.146356E+00
-150 050 0.148050E+00
210 050 0.148050E+00
-150 070 0.151165E+00
210 070 0.151165E+00
-150 090 0.143094E+00
210 090 0.143094E+00
-150 110 0.131625E+00
210 110 0.131625E+00
-150 130 0.134213E+00
210 130 0.134213E+00
-150 145 0.142612E+00
210 145 0.142612E+00
-150 160 0.147387E+00
210 160 0.147387E+00
-150 -200 0.147387E+00
-150 170 0.143268E+00
210 170 0.143268E+00
-150 -190 0.143268E+00
-125 -165 0.938652E+00
-125 195 0.938652E+00
-125 -150 0.836098E+00
-125 210 0.836098E+00
-125 -130 0.698508E+00
-125 -115 0.615290E+00
-125 -100 0.581751E+00
-125 -085 0.593124E+00
-125 -070 0.628265E+00
-125 -055 0.580823E+00
-125 -040 0.575081E+00
-125 -025 0.572402E+00
-125 -010 0.567166E+00
-125 000 0.563685E+00
-125 015 0.559783E+00
-125 030 0.574797E+00
-125 050 0.636752E+00
-125 070 0.693048E+00
-125 090 0.710321E+00
-125 110 0.790395E+00
-125 130 0.882763E+00
-125 145 0.964914E+00
-125 160 0.103685E+01
-125 -200 0.103685E+01
-125 170 0.102985E+01
-125 -190 0.102985E+01
-100 -165 0.232619E+01
-100 195 0.232619E+01
-100 -150 0.210556E+01
-100 210 0.210556E+01
-100 -130 0.195861E+01
-100 -115 0.191325E+01
-100 -100 0.193717E+01
-100 -085 0.192538E+01
-100 -070 0.192697E+01
-100 -055 0.184788E+01
-100 -040 0.183709E+01
-100 -025 0.178627E+01
-100 -010 0.177376E+01
-100 000 0.174207E+01
-100 015 0.172435E+01
-100 030 0.177431E+01
-100 050 0.186623E+01
-100 070 0.193347E+01
-100 090 0.205075E+01
-100 110 0.223342E+01
-100 130 0.243814E+01
-100 145 0.254674E+01
-100 160 0.261644E+01
-100 -200 0.261644E+01
-100 170 0.261594E+01
-100 -190 0.261594E+01
-085 -165 0.315872E+01
-085 195 0.315872E+01
-085 -150 0.299342E+01
-085 210 0.299342E+01
-085 -130 0.288887E+01
-085 -115 0.285766E+01
-085 -100 0.283937E+01
-085 -085 0.282395E+01
-085 -070 0.274518E+01
-085 -055 0.263068E+01
-085 -040 0.262468E+01
-085 -025 0.259765E+01
-085 -010 0.252017E+01
-085 000 0.247524E+01
-085 015 0.248140E+01
-085 030 0.256098E+01
-085 050 0.264680E+01
-085 070 0.272726E+01
-085 090 0.285231E+01
-085 110 0.303217E+01
-085 130 0.322807E+01
-085 145 0.338704E+01
-085 160 0.341958E+01
-085 -200 0.341958E+01
-085 170 0.339423E+01
-085 -190 0.339423E+01
-085 180 0.332388E+01
-085 -180 0.332388E+01
-070 -165 0.380498E+01
-070 195 0.380498E+01
-070 -150 0.370804E+01
-070 210 0.370804E+01
-070 -130 0.363647E+01
-070 -115 0.359613E+01
-070 -100 0.354894E+01
-070 -085 0.348049E+01
-070 -070 0.330991E+01
-070 -055 0.322055E+01
-070 -040 0.321896E+01
-070 -025 0.310250E+01
-070 -010 0.305061E+01
-070 000 0.304512E+01
-070 015 0.308426E+01
-070 030 0.313119E+01
-070 050 0.324063E+01
-070 070 0.332669E+01
-070 090 0.342228E+01
-070 110 0.354582E+01
-070 130 0.369844E+01
-055 -165 0.405443E+01
-055 195 0.405443E+01
-055 -150 0.403077E+01
-055 210 0.403077E+01
-055 -130 0.398749E+01
-055 -115 0.389986E+01
-055 -100 0.380167E+01
-055 -085 0.363053E+01
-055 -070 0.343571E+01
-055 -055 0.341216E+01
-055 -040 0.332668E+01
-055 -025 0.326975E+01
-055 -010 0.327951E+01
-055 000 0.330233E+01
-055 015 0.331899E+01
-055 030 0.334246E+01
-055 050 0.343658E+01
-055 070 0.350014E+01
-055 090 0.355311E+01
-055 110 0.357629E+01
-055 130 0.367767E+01
-055 145 0.372907E+01
-055 160 0.383814E+01
-055 -200 0.383814E+01
-055 170 0.392213E+01
-055 -190 0.392213E+01
-055 180 0.396268E+01
-055 -180 0.396268E+01
-040 -165 0.378667E+01
-040 195 0.378667E+01
-040 -150 0.386560E+01
-040 210 0.386560E+01
-040 -130 0.382980E+01
-040 -115 0.363572E+01
-040 -100 0.335943E+01
-040 -085 0.326771E+01
-040 -070 0.320970E+01
-040 -055 0.310271E+01
-040 -040 0.305713E+01
-040 -025 0.308744E+01
-040 -010 0.311605E+01
-040 000 0.310126E+01
-040 015 0.304868E+01
-040 030 0.307652E+01
-040 050 0.313367E+01
-040 070 0.317765E+01
-040 090 0.314479E+01
-040 110 0.308462E+01
-040 130 0.323522E+01
-040 145 0.327854E+01
-040 160 0.338610E+01
-040 -200 0.338610E+01
-040 170 0.350030E+01
-040 -190 0.350030E+01
-040 180 0.361378E+01
-040 -180 0.361378E+01
-025 -165 0.311457E+01
-025 195 0.311457E+01
-025 -150 0.326841E+01
-025 210 0.326841E+01
-025 -130 0.275723E+01
-025 -115 0.282106E+01
-025 -100 0.277478E+01
-025 -085 0.267392E+01
-025 -070 0.254746E+01
-025 -055 0.249051E+01
-025 -040 0.251339E+01
-025 -025 0.256855E+01
-025 -010 0.251236E+01
-025 000 0.242577E+01
-025 015 0.240814E+01
-025 030 0.240412E+01
-025 050 0.240903E+01
-025 070 0.236538E+01
-025 090 0.222207E+01
-025 110 0.224668E+01
-025 130 0.234800E+01
-025 145 0.246292E+01
-025 160 0.258720E+01
-025 -200 0.258720E+01
-025 170 0.268301E+01
-025 -190 0.268301E+01
-025 180 0.281935E+01
-025 -180 0.281935E+01
-010 -165 0.167782E+01
-010 195 0.167782E+01
-010 -150 0.183461E+01
-010 210 0.183461E+01
-010 -130 0.187935E+01
-010 -115 0.187151E+01
-010 -100 0.184330E+01
-010 -085 0.174634E+01
-010 -070 0.168206E+01
-010 -055 0.170982E+01
-010 -040 0.173540E+01
-010 -025 0.165021E+01
-010 -010 0.163088E+01
-010 000 0.162461E+01
-010 015 0.160678E+01
-010 030 0.157573E+01
-010 050 0.151164E+01
-010 070 0.132188E+01
-010 090 0.130500E+01
-010 110 0.135290E+01
-010 130 0.143327E+01
-010 145 0.149419E+01
-010 160 0.159176E+01
-010 -200 0.159176E+01
-010 170 0.167987E+01
-010 -190 0.167987E+01
-010 180 0.184145E+01
-010 -180 0.184145E+01
000 -165 0.112446E+01
000 195 0.112446E+01
000 -150 0.121708E+01
000 210 0.121708E+01
000 -130 0.124928E+01
000 -115 0.124585E+01
000 -100 0.120624E+01
000 -085 0.113327E+01
000 -070 0.112438E+01
000 -055 0.115976E+01
000 -040 0.112790E+01
000 -025 0.109334E+01
000 -010 0.109309E+01
000 000 0.108278E+01
000 015 0.106731E+01
000 030 0.102376E+01
000 050 0.906094E+00
000 070 0.773160E+00
000 090 0.754881E+00
000 110 0.797856E+00
000 130 0.856557E+00
000 145 0.897861E+00
000 160 0.975186E+00
000 -200 0.975186E+00
000 170 0.103346E+01
000 -190 0.103346E+01
000 180 0.958028E+00
000 -180 0.958028E+00
015 -165 0.342096E+00
015 195 0.342096E+00
015 -150 0.426997E+00
015 210 0.426997E+00
015 -130 0.482687E+00
015 -115 0.486240E+00
015 -100 0.454787E+00
015 -085 0.425896E+00
015 -070 0.439769E+00
015 -055 0.427225E+00
015 -040 0.622847E+00
015 -025 0.414339E+00
015 -010 0.420827E+00
015 000 0.416029E+00
015 015 0.397750E+00
015 030 0.346569E+00
015 050 0.187802E+00
015 070 0.166281E+00
015 090 0.155454E+00
015 110 0.172606E+00
015 130 0.188788E+00
015 145 0.197818E+00
015 160 0.683468E-01
015 -200 0.683468E-01
015 170 0.103296E+00
015 -190 0.103296E+00
015 180 0.205276E+00
015 -180 0.205276E+00
030 -165 -0.141612E+00
030 195 -0.141612E+00
030 -150 -0.401188E-01
030 210 -0.401188E-01
030 -130 0.447850E-01
030 -115 0.668580E-01
030 -100 0.558536E-01
030 -085 0.142744E-01
030 -070 -0.864350E-02
030 -055 -0.719922E-02
030 -040 0.113315E+00
030 -025 0.353388E-01
030 -010 0.513427E-01
030 000 0.496029E-01
030 015 0.333090E-01
030 030 -0.609236E-01
030 050 -0.576482E-01
030 070 -0.481718E-01
030 090 -0.659750E-01
030 110 -0.949855E-01
030 130 -0.123388E+00
030 145 -0.369584E+00
030 160 -0.378761E+00
030 -200 -0.378761E+00
030 170 -0.335962E+00
030 -190 -0.335962E+00
030 180 -0.267252E+00
030 -180 -0.267252E+00
050 -165 -0.184691E+00
050 195 -0.184691E+00
050 -150 -0.118143E+00
050 210 -0.118143E+00
050 -130 -0.299572E-01
050 -115 -0.342407E-01
050 -100 -0.832239E-01
050 -085 -0.890851E-01
050 -070 -0.481060E-01
050 -055 -0.174326E-01
050 -040 -0.246207E-01
050 -025 -0.778781E-02
050 -010 0.951888E-01
050 000 0.101666E+00
050 015 0.575265E-01
050 030 0.133743E+00
050 050 0.240887E+00
050 070 0.254423E+00
050 090 0.108071E-01
050 110 -0.214083E+00
050 130 -0.315637E+00
050 145 -0.351576E+00
050 160 -0.339250E+00
050 -200 -0.339250E+00
050 170 -0.313488E+00
050 -190 -0.313488E+00
050 180 -0.251648E+00
050 -180 -0.251648E+00
070 -165 0.938848E-01
070 195 0.938848E-01
070 -150 0.100259E+00
070 210 0.100259E+00
070 -130 0.158785E+00
070 -115 0.177749E+00
070 -100 0.219894E+00
070 -085 0.292059E+00
070 -070 0.361970E+00
070 -055 0.419557E+00
070 -040 0.500355E+00
070 -025 0.534927E+00
070 -010 0.528848E+00
070 000 0.491594E+00
070 015 0.610427E+00
070 030 0.727647E+00
070 050 0.792934E+00
070 070 0.663737E+00
070 090 0.215448E+00
070 110 0.131259E+00
070 130 0.966799E-01
090 -165 0.454806E+00
090 195 0.454806E+00
090 -150 0.412941E+00
090 210 0.412941E+00
090 -130 0.390741E+00
090 -115 0.453647E+00
090 -100 0.570966E+00
090 -085 0.767572E+00
090 -070 0.924119E+00
090 -055 0.996667E+00
090 -040 0.976940E+00
090 -025 0.876152E+00
090 -010 0.879707E+00
090 000 0.888212E+00
090 015 0.101043E+01
090 030 0.103233E+01
090 050 0.107994E+01
090 070 0.725137E+00
090 090 0.585971E+00
090 110 0.598389E+00
090 130 0.651462E+00
090 145 0.603756E+00
090 160 0.585318E+00
090 -200 0.585318E+00
090 170 0.572795E+00
090 -190 0.572795E+00
090 180 0.523598E+00
090 -180 0.523598E+00
110 -165 0.874927E+00
110 195 0.874927E+00
110 -150 0.785204E+00
110 210 0.785204E+00
110 -130 0.713432E+00
110 -115 0.729860E+00
110 -100 0.805147E+00
110 -085 0.930264E+00
110 -070 0.103661E+01
110 -055 0.106487E+01
110 -040 0.102348E+01
110 -025 0.998181E+00
110 -010 0.102205E+01
110 000 0.104886E+01
110 015 0.106362E+01
110 030 0.110992E+01
110 050 0.106434E+01
110 070 0.772004E+00
110 090 0.822938E+00
110 110 0.879210E+00
110 130 0.924026E+00
110 145 0.970437E+00
110 160 0.102949E+01
110 -200 0.102949E+01
110 170 0.105172E+01
110 -190 0.105172E+01
110 180 0.101133E+01
110 -180 0.101133E+01
130 -165 0.100070E+01
130 195 0.100070E+01
130 -150 0.852277E+00
130 210 0.852277E+00
130 -130 0.761357E+00
130 -115 0.787095E+00
130 -100 0.865461E+00
130 -085 0.951619E+00
130 -070 0.982201E+00
130 -055 0.954926E+00
130 -040 0.903417E+00
130 -025 0.889156E+00
130 -010 0.887406E+00
130 000 0.885394E+00
130 015 0.890991E+00
130 030 0.937505E+00
130 050 0.843522E+00
130 070 0.749650E+00
130 090 0.755939E+00
130 110 0.937975E+00
130 130 0.115283E+01
130 145 0.121651E+01
130 160 0.149031E+01
130 -200 0.149031E+01
130 170 0.143630E+01
130 -190 0.143630E+01
130 180 0.125956E+01
130 -180 0.125956E+01
150 -165 0.750032E+00
-210 -165 0.750032E+00
150 195 0.750032E+00
150 -150 0.552450E+00
-210 -150 0.552450E+00
150 210 0.552450E+00
150 -130 0.474233E+00
-210 -130 0.474233E+00
150 -115 0.496177E+00
-210 -115 0.496177E+00
150 -100 0.567324E+00
-210 -100 0.567324E+00
150 -085 0.620815E+00
-210 -085 0.620815E+00
150 -070 0.625969E+00
-210 -070 0.625969E+00
150 -055 0.566613E+00
-210 -055 0.566613E+00
150 -040 0.511266E+00
-210 -040 0.511266E+00
150 -025 0.467563E+00
-210 -025 0.467563E+00
150 -010 0.445609E+00
-210 -010 0.445609E+00
150 000 0.447283E+00
-210 000 0.447283E+00
150 015 0.123428E+01
-210 015 0.123428E+01
150 030 0.107980E+01
-210 030 0.107980E+01
150 050 0.817824E+00
-210 050 0.817824E+00
150 070 0.585970E+00
-210 070 0.585970E+00
150 090 0.631093E+00
-210 090 0.631093E+00
150 110 0.112790E+01
-210 110 0.112790E+01
150 130 0.136211E+01
-210 130 0.136211E+01
150 145 0.137496E+01
-210 145 0.137496E+01
150 160 0.129680E+01
-210 160 0.129680E+01
150 -200 0.129680E+01
-210 -200 0.129680E+01
150 170 0.117245E+01
-210 170 0.117245E+01
150 -190 0.117245E+01
-210 -190 0.117245E+01
150 180 0.100785E+01
-210 180 0.100785E+01
150 -180 0.100785E+01
-210 -180 0.100785E+01
165 -165 0.436732E+00
-195 -165 0.436732E+00
165 195 0.436732E+00
165 -150 0.288964E+00
-195 -150 0.288964E+00
165 210 0.288964E+00
165 -130 0.193565E+00
-195 -130 0.193565E+00
165 -115 0.199734E+00
-195 -115 0.199734E+00
165 -100 0.247950E+00
-195 -100 0.247950E+00
165 -085 0.311545E+00
-195 -085 0.311545E+00
165 -070 0.338653E+00
-195 -070 0.338653E+00
165 -055 0.303986E+00
-195 -055 0.303986E+00
165 -040 0.228150E+00
-195 -040 0.228150E+00
165 -025 0.160189E+00
-195 -025 0.160189E+00
165 -010 0.116822E+01
-195 -010 0.116822E+01
165 000 0.111550E+01
-195 000 0.111550E+01
165 015 0.100768E+01
-195 015 0.100768E+01
165 030 0.894677E+00
-195 030 0.894677E+00
165 050 0.712391E+00
-195 050 0.712391E+00
165 070 0.651425E+00
-195 070 0.651425E+00
165 090 0.890115E+00
-195 090 0.890115E+00
165 110 0.102665E+01
-195 110 0.102665E+01
165 130 0.106995E+01
-195 130 0.106995E+01
165 145 0.100912E+01
-195 145 0.100912E+01
165 160 0.904946E+00
-195 160 0.904946E+00
165 -200 0.904946E+00
-195 -200 0.904946E+00
165 170 0.804734E+00
-195 170 0.804734E+00
165 -190 0.804734E+00
-195 -190 0.804734E+00
165 180 0.654430E+00
-195 180 0.654430E+00
165 -180 0.654430E+00
-195 -180 0.654430E+00
180 -165 0.172419E+00
-180 -165 0.172419E+00
180 195 0.172419E+00
180 -150 0.602747E-01
-180 -150 0.602747E-01
180 210 0.602747E-01
180 -130 -0.182914E-01
-180 -130 -0.182914E-01
180 -115 -0.115419E-01
-180 -115 -0.115419E-01
180 -100 0.147721E-01
-180 -100 0.147721E-01
180 -085 0.211843E+00
-180 -085 0.211843E+00
180 -070 0.306015E+00
-180 -070 0.306015E+00
180 -055 0.139699E+00
-180 -055 0.139699E+00
180 -040 0.419170E-01
-180 -040 0.419170E-01
180 -025 -0.183938E-01
-180 -025 -0.183938E-01
180 -010 0.799270E+00
-180 -010 0.799270E+00
180 000 0.757523E+00
-180 000 0.757523E+00
180 015 0.679186E+00
-180 015 0.679186E+00
180 030 0.603925E+00
-180 030 0.603925E+00
180 050 0.538701E+00
-180 050 0.538701E+00
180 070 0.574605E+00
-180 070 0.574605E+00
180 090 0.623071E+00
-180 090 0.623071E+00
180 110 0.669121E+00
-180 110 0.669121E+00
180 130 0.641407E+00
-180 130 0.641407E+00
180 145 0.571446E+00
-180 145 0.571446E+00
180 160 0.472087E+00
-180 160 0.472087E+00
180 -200 0.472087E+00
-180 -200 0.472087E+00
180 170 0.398038E+00
-180 170 0.398038E+00
180 -190 0.398038E+00
-180 -190 0.398038E+00
180 180 0.304202E+00
-180 180 0.304202E+00
180 -180 0.304202E+00
-180 -180 0.304202E+00
