PHI PSI J_16_20
-165 -165 0.364505E+02
195 -165 0.364505E+02
-165 195 0.364505E+02
195 195 0.364505E+02
-165 -150 0.367538E+02
195 -150 0.367538E+02
-165 210 0.367538E+02
195 210 0.367538E+02
-165 -130 0.371736E+02
195 -130 0.371736E+02
-165 -115 0.372799E+02
195 -115 0.372799E+02
-165 -100 0.370642E+02
195 -100 0.370642E+02
-165 -085 0.365060E+02
195 -085 0.365060E+02
-165 -070 0.362341E+02
195 -070 0.362341E+02
-165 -055 0.360190E+02
195 -055 0.360190E+02
-165 -040 0.359045E+02
195 -040 0.359045E+02
-165 -025 0.358604E+02
195 -025 0.358604E+02
-165 -010 0.359450E+02
195 -010 0.359450E+02
-165 000 0.358653E+02
195 000 0.358653E+02
-165 015 0.356418E+02
195 015 0.356418E+02
-165 030 0.354902E+02
195 030 0.354902E+02
-165 050 0.355546E+02
195 050 0.355546E+02
-165 070 0.360112E+02
195 070 0.360112E+02
-165 090 0.366206E+02
195 090 0.366206E+02
-165 110 0.369997E+02
195 110 0.369997E+02
-165 130 0.368907E+02
195 130 0.368907E+02
-165 145 0.367271E+02
195 145 0.367271E+02
-165 160 0.365101E+02
195 160 0.365101E+02
-165 -200 0.365101E+02
-165 170 0.363931E+02
195 170 0.363931E+02
-165 -190 0.363931E+02
-165 180 0.367258E+02
195 180 0.367258E+02
-165 -180 0.367258E+02
-150 -165 0.363212E+02
210 -165 0.363212E+02
-150 195 0.363212E+02
210 195 0.363212E+02
-150 -150 0.366258E+02
210 -150 0.366258E+02
-150 210 0.366258E+02
210 210 0.366258E+02
-150 -130 0.370209E+02
210 -130 0.370209E+02
-150 -115 0.369942E+02
210 -115 0.369942E+02
-150 -100 0.366202E+02
210 -100 0.366202E+02
-150 -085 0.364533E+02
210 -085 0.364533E+02
-150 -070 0.363216E+02
210 -070 0.363216E+02
-150 -055 0.361742E+02
210 -055 0.361742E+02
-150 -040 0.360784E+02
210 -040 0.360784E+02
-150 -025 0.341714E+02
210 -025 0.341714E+02
-150 -010 0.361422E+02
210 -010 0.361422E+02
-150 000 0.359780E+02
210 000 0.359780E+02
-150 015 0.357952E+02
210 015 0.357952E+02
-150 030 0.356759E+02
210 030 0.356759E+02
-150 050 0.357093E+02
210 050 0.357093E+02
-150 070 0.361687E+02
210 070 0.361687E+02
-150 090 0.366679E+02
210 090 0.366679E+02
-150 110 0.369271E+02
210 110 0.369271E+02
-150 130 0.368350E+02
210 130 0.368350E+02
-150 145 0.366451E+02
210 145 0.366451E+02
-150 160 0.364078E+02
210 160 0.364078E+02
-150 -200 0.364078E+02
-150 170 0.362926E+02
210 170 0.362926E+02
-150 -190 0.362926E+02
-125 -165 0.360635E+02
-125 195 0.360635E+02
-125 -150 0.362390E+02
-125 210 0.362390E+02
-125 -130 0.364460E+02
-125 -115 0.364860E+02
-125 -100 0.365977E+02
-125 -085 0.366567E+02
-125 -070 0.366561E+02
-125 -055 0.366138E+02
-125 -040 0.365903E+02
-125 -025 0.365163E+02
-125 -010 0.363368E+02
-125 000 0.362276E+02
-125 015 0.360973E+02
-125 030 0.360443E+02
-125 050 0.361192E+02
-125 070 0.364351E+02
-125 090 0.367271E+02
-125 110 0.367988E+02
-125 130 0.366341E+02
-125 145 0.358672E+02
-125 160 0.361776E+02
-125 -200 0.361776E+02
-125 170 0.360241E+02
-125 -190 0.360241E+02
-100 -165 0.357283E+02
-100 195 0.357283E+02
-100 -150 0.359328E+02
-100 210 0.359328E+02
-100 -130 0.362892E+02
-100 -115 0.366145E+02
-100 -100 0.368854E+02
-100 -085 0.370065E+02
-100 -070 0.369435E+02
-100 -055 0.367381E+02
-100 -040 0.366319E+02
-100 -025 0.364555E+02
-100 -010 0.363614E+02
-100 000 0.363655E+02
-100 015 0.364345E+02
-100 030 0.364872E+02
-100 050 0.365760E+02
-100 070 0.367324E+02
-100 090 0.367509E+02
-100 110 0.366344E+02
-100 130 0.346271E+02
-100 145 0.362015E+02
-100 160 0.359729E+02
-100 -200 0.359729E+02
-100 170 0.358408E+02
-100 -190 0.358408E+02
-085 -165 0.356204E+02
-085 195 0.356204E+02
-085 -150 0.359232E+02
-085 210 0.359232E+02
-085 -130 0.365031E+02
-085 -115 0.368995E+02
-085 -100 0.371339E+02
-085 -085 0.371582E+02
-085 -070 0.369124E+02
-085 -055 0.365217E+02
-085 -040 0.363174E+02
-085 -025 0.361644E+02
-085 -010 0.362808E+02
-085 000 0.364051E+02
-085 015 0.365912E+02
-085 030 0.367160E+02
-085 050 0.367978E+02
-085 070 0.368393E+02
-085 090 0.368216E+02
-085 110 0.366140E+02
-085 130 0.363940E+02
-085 145 0.361240E+02
-085 160 0.358818E+02
-085 -200 0.358818E+02
-085 170 0.357259E+02
-085 -190 0.357259E+02
-085 180 0.356398E+02
-085 -180 0.356398E+02
-070 -165 0.356500E+02
-070 195 0.356500E+02
-070 -150 0.360569E+02
-070 210 0.360569E+02
-070 -130 0.368064E+02
-070 -115 0.372725E+02
-070 -100 0.373785E+02
-070 -085 0.371668E+02
-070 -070 0.364708E+02
-070 -055 0.360132E+02
-070 -040 0.357308E+02
-070 -025 0.359017E+02
-070 -010 0.362272E+02
-070 000 0.364140E+02
-070 015 0.366742E+02
-070 030 0.368160E+02
-070 050 0.368440E+02
-070 070 0.369196E+02
-070 090 0.369364E+02
-070 110 0.366967E+02
-070 130 0.363771E+02
-070 145 0.360782E+02
-070 160 0.357742E+02
-070 -200 0.357742E+02
-070 170 0.356321E+02
-070 -190 0.356321E+02
-055 -165 0.358631E+02
-055 195 0.358631E+02
-055 -150 0.364478E+02
-055 210 0.364478E+02
-055 -130 0.372316E+02
-055 -115 0.375278E+02
-055 -100 0.372896E+02
-055 -085 0.365967E+02
-055 -070 0.356785E+02
-055 -055 0.352533E+02
-055 -040 0.353611E+02
-055 -025 0.357193E+02
-055 -010 0.361319E+02
-055 000 0.363911E+02
-055 015 0.366835E+02
-055 030 0.367718E+02
-055 050 0.368262E+02
-055 070 0.369940E+02
-055 090 0.369973E+02
-055 110 0.367303E+02
-055 130 0.363360E+02
-055 145 0.360378E+02
-055 160 0.357073E+02
-055 -200 0.357073E+02
-055 170 0.355785E+02
-055 -190 0.355785E+02
-055 180 0.323330E+02
-055 -180 0.323330E+02
-040 -165 0.362601E+02
-040 195 0.362601E+02
-040 -150 0.368951E+02
-040 210 0.368951E+02
-040 -130 0.375201E+02
-040 -115 0.373441E+02
-040 -100 0.364050E+02
-040 -085 0.351538E+02
-040 -070 0.348742E+02
-040 -055 0.349047E+02
-040 -040 0.351768E+02
-040 -025 0.357587E+02
-040 -010 0.361077E+02
-040 000 0.363585E+02
-040 015 0.365373E+02
-040 030 0.366357E+02
-040 050 0.367725E+02
-040 070 0.369550E+02
-040 090 0.369213E+02
-040 110 0.365232E+02
-040 130 0.358424E+02
-040 145 0.358891E+02
-040 160 0.357168E+02
-040 -200 0.357168E+02
-040 170 0.356972E+02
-040 -190 0.356972E+02
-040 180 0.358285E+02
-040 -180 0.358285E+02
-025 -165 0.366910E+02
-025 195 0.366910E+02
-025 -150 0.372330E+02
-025 210 0.372330E+02
-025 -130 0.359753E+02
-025 -115 0.354245E+02
-025 -100 0.349975E+02
-025 -085 0.347688E+02
-025 -070 0.346459E+02
-025 -055 0.348514E+02
-025 -040 0.352565E+02
-025 -025 0.350482E+02
-025 -010 0.370499E+02
-025 000 0.362163E+02
-025 015 0.363235E+02
-025 030 0.364242E+02
-025 050 0.366299E+02
-025 070 0.367218E+02
-025 090 0.362433E+02
-025 110 0.360893E+02
-025 130 0.359198E+02
-025 145 0.358404E+02
-025 160 0.358794E+02
-025 -200 0.358794E+02
-025 170 0.360156E+02
-025 -190 0.360156E+02
-025 180 0.362461E+02
-025 -180 0.362461E+02
-010 -150 0.361635E+02
-010 210 0.361635E+02
-010 -130 0.356829E+02
-010 -115 0.353891E+02
-010 -100 0.351521E+02
-010 -085 0.348879E+02
-010 -070 0.347553E+02
-010 -055 0.350078E+02
-010 -040 0.354757E+02
-010 -025 0.360589E+02
-010 -010 0.361754E+02
-010 000 0.361814E+02
-010 015 0.362282E+02
-010 030 0.363113E+02
-010 050 0.363628E+02
-010 070 0.355329E+02
-010 090 0.355160E+02
-010 110 0.356946E+02
-010 130 0.357801E+02
-010 145 0.358722E+02
-010 160 0.361717E+02
-010 -200 0.361717E+02
-010 170 0.364385E+02
-010 -190 0.364385E+02
-010 180 0.366996E+02
-010 -180 0.366996E+02
000 -165 0.363157E+02
000 195 0.363157E+02
000 -150 0.359757E+02
000 210 0.359757E+02
000 -115 0.355234E+02
000 -100 0.352794E+02
000 -085 0.350621E+02
000 -070 0.349538E+02
000 -055 0.352542E+02
000 -040 0.360901E+02
000 -025 0.362163E+02
000 -010 0.362029E+02
000 000 0.362012E+02
000 015 0.362138E+02
000 030 0.362449E+02
000 050 0.358551E+02
000 070 0.351511E+02
000 090 0.352474E+02
000 110 0.355170E+02
000 130 0.357461E+02
000 145 0.359700E+02
000 160 0.363974E+02
000 -200 0.363974E+02
000 170 0.366663E+02
000 -190 0.366663E+02
000 180 0.367188E+02
000 -180 0.367188E+02
015 -150 0.357575E+02
015 210 0.357575E+02
015 -130 0.356949E+02
015 -115 0.356874E+02
015 -100 0.355422E+02
015 -085 0.354462E+02
015 -070 0.354778E+02
015 -055 0.364471E+02
015 -040 0.363867E+02
015 -025 0.363940E+02
015 -010 0.363185E+02
015 000 0.363038E+02
015 015 0.362195E+02
015 030 0.359992E+02
015 070 0.349139E+02
015 090 0.349771E+02
015 110 0.353110E+02
015 130 0.357411E+02
015 145 0.362053E+02
015 160 0.370535E+02
015 -200 0.370535E+02
015 170 0.366969E+02
015 -190 0.366969E+02
015 180 0.363227E+02
015 -180 0.363227E+02
030 -150 0.356266E+02
030 210 0.356266E+02
030 -130 0.358234E+02
030 -115 0.359410E+02
030 -100 0.360810E+02
030 -085 0.365945E+02
030 -070 0.368526E+02
030 -055 0.367880E+02
030 -040 0.366286E+02
030 -025 0.366054E+02
030 -010 0.364870E+02
030 000 0.363898E+02
030 015 0.361548E+02
030 030 0.355047E+02
030 050 0.349363E+02
030 070 0.347607E+02
030 090 0.348533E+02
030 110 0.353498E+02
030 130 0.374586E+02
030 145 0.373114E+02
030 160 0.367460E+02
030 -200 0.367460E+02
030 170 0.391148E+02
030 -190 0.391148E+02
030 180 0.359676E+02
030 -180 0.359676E+02
050 -165 0.354144E+02
050 195 0.354144E+02
050 -150 0.356303E+02
050 210 0.356303E+02
050 -130 0.360589E+02
050 -115 0.364457E+02
050 -100 0.367695E+02
050 -085 0.369512E+02
050 -070 0.369388E+02
050 -055 0.368779E+02
050 -040 0.368428E+02
050 -025 0.369549E+02
050 -010 0.366496E+02
050 000 0.364187E+02
050 015 0.359098E+02
050 030 0.354133E+02
050 050 0.349652E+02
050 070 0.349244E+02
050 090 0.360130E+02
050 110 0.373212E+02
050 130 0.373729E+02
050 145 0.368883E+02
050 160 0.362308E+02
050 -200 0.362308E+02
050 170 0.358396E+02
050 -190 0.358396E+02
050 180 0.338096E+02
050 -180 0.338096E+02
070 -165 0.354683E+02
070 195 0.354683E+02
070 -150 0.356992E+02
070 210 0.356992E+02
070 -130 0.361099E+02
070 -115 0.364272E+02
070 -100 0.366938E+02
070 -085 0.368310E+02
070 -070 0.368409E+02
070 -055 0.368582E+02
070 -040 0.368688E+02
070 -025 0.368076E+02
070 -010 0.364877E+02
070 000 0.362724E+02
070 015 0.358757E+02
070 030 0.355329E+02
070 050 0.354374E+02
070 070 0.358486E+02
070 090 0.370510E+02
070 110 0.373127E+02
070 130 0.369038E+02
070 145 0.364160E+02
070 160 0.358761E+02
070 -200 0.358761E+02
070 170 0.355887E+02
070 -190 0.355887E+02
090 -165 0.357229E+02
090 195 0.357229E+02
090 -150 0.358639E+02
090 210 0.358639E+02
090 -130 0.362151E+02
090 -115 0.363953E+02
090 -100 0.365961E+02
090 -085 0.366925E+02
090 -070 0.367678E+02
090 -055 0.367762E+02
090 -040 0.367382E+02
090 -025 0.366309E+02
090 -010 0.364265E+02
090 000 0.362908E+02
090 015 0.360555E+02
090 030 0.359828E+02
090 050 0.360506E+02
090 070 0.366826E+02
090 090 0.370913E+02
090 110 0.369382E+02
090 130 0.395565E+02
090 145 0.361416E+02
090 160 0.357745E+02
090 -200 0.357745E+02
090 170 0.356320E+02
090 -190 0.356320E+02
090 180 0.355697E+02
090 -180 0.355697E+02
110 -165 0.359817E+02
110 195 0.359817E+02
110 -150 0.361827E+02
110 210 0.361827E+02
110 -130 0.364793E+02
110 -115 0.366982E+02
110 -100 0.367802E+02
110 -085 0.367716E+02
110 -070 0.367218E+02
110 -055 0.366674E+02
110 -040 0.365872E+02
110 -025 0.364824E+02
110 -010 0.364065E+02
110 000 0.363410E+02
110 015 0.363157E+02
110 030 0.363222E+02
110 050 0.364421E+02
110 070 0.369297E+02
110 090 0.369037E+02
110 110 0.366937E+02
110 130 0.364024E+02
110 145 0.361557E+02
110 160 0.359737E+02
110 -200 0.359737E+02
110 170 0.359232E+02
110 -190 0.359232E+02
110 180 0.358849E+02
110 -180 0.358849E+02
130 -165 0.361713E+02
130 195 0.361713E+02
130 -150 0.364577E+02
130 210 0.364577E+02
130 -130 0.368904E+02
130 -115 0.370696E+02
130 -100 0.370852E+02
130 -085 0.369486E+02
130 -070 0.366927E+02
130 -055 0.364852E+02
130 -040 0.363900E+02
130 -010 0.362752E+02
130 000 0.363122E+02
130 015 0.363669E+02
130 030 0.363999E+02
130 050 0.363877E+02
130 070 0.365968E+02
130 090 0.366511E+02
130 110 0.358536E+02
130 130 0.366773E+02
130 145 0.365217E+02
130 160 0.362990E+02
130 -200 0.362990E+02
130 170 0.361113E+02
130 -190 0.361113E+02
130 180 0.360163E+02
130 -180 0.360163E+02
150 -165 0.363111E+02
-210 -165 0.363111E+02
150 195 0.363111E+02
150 -150 0.367141E+02
-210 -150 0.367141E+02
150 210 0.367141E+02
150 -130 0.371676E+02
-210 -130 0.371676E+02
150 -115 0.373679E+02
-210 -115 0.373679E+02
150 -100 0.373517E+02
-210 -100 0.373517E+02
150 -085 0.370320E+02
-210 -085 0.370320E+02
150 -070 0.365906E+02
-210 -070 0.365906E+02
150 -055 0.362495E+02
-210 -055 0.362495E+02
150 -040 0.360754E+02
-210 -040 0.360754E+02
150 -025 0.360306E+02
-210 -025 0.360306E+02
150 -010 0.360591E+02
-210 -010 0.360591E+02
150 000 0.360702E+02
-210 000 0.360702E+02
150 015 0.356245E+02
-210 015 0.356245E+02
150 030 0.355560E+02
-210 030 0.355560E+02
150 050 0.356990E+02
-210 050 0.356990E+02
150 070 0.360993E+02
-210 070 0.360993E+02
150 090 0.364995E+02
-210 090 0.364995E+02
150 110 0.369436E+02
-210 110 0.369436E+02
150 130 0.369644E+02
-210 130 0.369644E+02
150 145 0.367184E+02
-210 145 0.367184E+02
150 160 0.363907E+02
-210 160 0.363907E+02
150 -200 0.363907E+02
-210 -200 0.363907E+02
150 170 0.362567E+02
-210 170 0.362567E+02
150 -190 0.362567E+02
-210 -190 0.362567E+02
150 180 0.362657E+02
-210 180 0.362657E+02
150 -180 0.362657E+02
-210 -180 0.362657E+02
165 -165 0.364759E+02
-195 -165 0.364759E+02
165 195 0.364759E+02
165 -150 0.368157E+02
-195 -150 0.368157E+02
165 210 0.368157E+02
165 -130 0.372911E+02
-195 -130 0.372911E+02
165 -115 0.374577E+02
-195 -115 0.374577E+02
165 -100 0.373723E+02
-195 -100 0.373723E+02
165 -085 0.369625E+02
-195 -085 0.369625E+02
165 -070 0.364539E+02
-195 -070 0.364539E+02
165 -055 0.360791E+02
-195 -055 0.360791E+02
165 -040 0.359035E+02
-195 -040 0.359035E+02
165 -025 0.358724E+02
-195 -025 0.358724E+02
165 -010 0.358145E+02
-195 -010 0.358145E+02
165 000 0.357204E+02
-195 000 0.357204E+02
165 015 0.355207E+02
-195 015 0.355207E+02
165 030 0.353703E+02
-195 030 0.353703E+02
165 050 0.354610E+02
-195 050 0.354610E+02
165 070 0.359353E+02
-195 070 0.359353E+02
165 090 0.365841E+02
-195 090 0.365841E+02
165 110 0.370050E+02
-195 110 0.370050E+02
165 130 0.369820E+02
-195 130 0.369820E+02
165 145 0.367481E+02
-195 145 0.367481E+02
165 160 0.364932E+02
-195 160 0.364932E+02
165 -200 0.364932E+02
-195 -200 0.364932E+02
165 170 0.363745E+02
-195 170 0.363745E+02
165 -190 0.363745E+02
-195 -190 0.363745E+02
165 180 0.363432E+02
-195 180 0.363432E+02
165 -180 0.363432E+02
-195 -180 0.363432E+02
180 -165 0.365179E+02
-180 -165 0.365179E+02
180 195 0.365179E+02
180 -150 0.368339E+02
-180 -150 0.368339E+02
180 210 0.368339E+02
180 -130 0.372924E+02
-180 -130 0.372924E+02
180 -115 0.374009E+02
-180 -115 0.374009E+02
180 -100 0.372986E+02
-180 -100 0.372986E+02
180 -085 0.367656E+02
-180 -085 0.367656E+02
180 -070 0.362757E+02
-180 -070 0.362757E+02
180 -055 0.359923E+02
-180 -055 0.359923E+02
180 -040 0.358531E+02
-180 -040 0.358531E+02
180 -025 0.358178E+02
-180 -025 0.358178E+02
180 -010 0.359038E+02
-180 -010 0.359038E+02
180 000 0.357641E+02
-180 000 0.357641E+02
180 015 0.355481E+02
-180 015 0.355481E+02
180 030 0.353720E+02
-180 030 0.353720E+02
180 070 0.359309E+02
-180 070 0.359309E+02
180 090 0.366048E+02
-180 090 0.366048E+02
180 110 0.369782E+02
-180 110 0.369782E+02
180 130 0.369366E+02
-180 130 0.369366E+02
180 145 0.367587E+02
-180 145 0.367587E+02
180 160 0.365366E+02
-180 160 0.365366E+02
180 -200 0.365366E+02
-180 -200 0.365366E+02
180 170 0.364223E+02
-180 170 0.364223E+02
180 -190 0.364223E+02
-180 -190 0.364223E+02
180 180 0.363957E+02
-180 180 0.363957E+02
180 -180 0.363957E+02
-180 -180 0.363957E+02
