PHI PSI J_6_13
-165 -165 0.382674E+00
195 -165 0.382674E+00
-165 195 0.382674E+00
195 195 0.382674E+00
-165 -150 -0.202345E-01
195 -150 -0.202345E-01
-165 210 -0.202345E-01
195 210 -0.202345E-01
-165 -130 -0.536930E+00
195 -130 -0.536930E+00
-165 -115 -0.738673E+00
195 -115 -0.738673E+00
-165 -100 -0.701749E+00
195 -100 -0.701749E+00
-165 -085 -0.410708E+00
195 -085 -0.410708E+00
-165 -070 -0.333227E+00
195 -070 -0.333227E+00
-165 -055 -0.314644E+00
195 -055 -0.314644E+00
-165 -040 -0.414077E+00
195 -040 -0.414077E+00
-165 -025 -0.564662E+00
195 -025 -0.564662E+00
-165 -010 -0.695754E+00
195 -010 -0.695754E+00
-165 000 -0.682180E+00
195 000 -0.682180E+00
-165 015 -0.644861E+00
195 015 -0.644861E+00
-165 030 -0.620473E+00
195 030 -0.620473E+00
-165 050 -0.612084E+00
195 050 -0.612084E+00
-165 070 -0.632687E+00
195 070 -0.632687E+00
-165 090 -0.545847E+00
195 090 -0.545847E+00
-165 110 -0.269685E+00
195 110 -0.269685E+00
-165 130 0.146906E+00
195 130 0.146906E+00
-165 145 0.483790E+00
195 145 0.483790E+00
-165 160 0.701639E+00
195 160 0.701639E+00
-165 -200 0.701639E+00
-165 170 0.736604E+00
195 170 0.736604E+00
-165 -190 0.736604E+00
-165 180 0.681578E+00
195 180 0.681578E+00
-165 -180 0.681578E+00
-150 -165 -0.454326E-01
210 -165 -0.454326E-01
-150 195 -0.454326E-01
210 195 -0.454326E-01
-150 -150 -0.451609E+00
210 -150 -0.451609E+00
-150 210 -0.451609E+00
210 210 -0.451609E+00
-150 -130 -0.780589E+00
210 -130 -0.780589E+00
-150 -115 -0.758501E+00
210 -115 -0.758501E+00
-150 -100 -0.404960E+00
210 -100 -0.404960E+00
-150 -085 -0.359987E+00
210 -085 -0.359987E+00
-150 -070 -0.268401E+00
210 -070 -0.268401E+00
-150 -055 -0.219458E+00
210 -055 -0.219458E+00
-150 -040 -0.328777E+00
210 -040 -0.328777E+00
-150 -025 -0.499654E+00
210 -025 -0.499654E+00
-150 -010 -0.572370E+00
210 -010 -0.572370E+00
-150 000 -0.590934E+00
210 000 -0.590934E+00
-150 015 -0.593363E+00
210 015 -0.593363E+00
-150 030 -0.611962E+00
210 030 -0.611962E+00
-150 050 -0.607069E+00
210 050 -0.607069E+00
-150 070 -0.570896E+00
210 070 -0.570896E+00
-150 090 -0.430174E+00
210 090 -0.430174E+00
-150 110 -0.847542E-01
210 110 -0.847542E-01
-150 130 0.322153E+00
210 130 0.322153E+00
-150 145 0.551684E+00
210 145 0.551684E+00
-150 160 0.609689E+00
210 160 0.609689E+00
-150 -200 0.609689E+00
-150 170 0.525634E+00
210 170 0.525634E+00
-150 -190 0.525634E+00
-125 -165 -0.639518E+00
-125 195 -0.639518E+00
-125 -150 -0.833686E+00
-125 210 -0.833686E+00
-125 -130 -0.733073E+00
-125 -115 -0.552144E+00
-125 -100 -0.450457E+00
-125 -085 -0.328570E+00
-125 -070 -0.217232E+00
-125 -055 -0.119068E+00
-125 -040 -0.271736E+00
-125 -025 -0.333478E+00
-125 -010 -0.392326E+00
-125 000 -0.436286E+00
-125 015 -0.511618E+00
-125 030 -0.552198E+00
-125 050 -0.569982E+00
-125 070 -0.519156E+00
-125 090 -0.327759E+00
-125 110 -0.129343E-01
-125 130 0.218628E+00
-125 145 0.235408E+00
-125 160 0.108464E+00
-125 -200 0.108464E+00
-125 170 -0.136531E+00
-125 -190 -0.136531E+00
-100 -165 -0.900862E+00
-100 195 -0.900862E+00
-100 -150 -0.940288E+00
-100 210 -0.940288E+00
-100 -130 -0.810548E+00
-100 -115 -0.700587E+00
-100 -100 -0.577411E+00
-100 -085 -0.333943E+00
-100 -070 -0.150124E+00
-100 -055 -0.536207E-01
-100 -040 -0.904462E-01
-100 -025 -0.166225E+00
-100 -010 -0.249361E+00
-100 000 -0.328046E+00
-100 015 -0.450611E+00
-100 030 -0.564886E+00
-100 050 -0.608091E+00
-100 070 -0.484671E+00
-100 090 -0.294947E+00
-100 110 -0.197422E+00
-100 130 -0.189392E+00
-100 145 -0.298706E+00
-100 160 -0.473744E+00
-100 -200 -0.473744E+00
-100 170 -0.622533E+00
-100 -190 -0.622533E+00
-085 -165 -0.105363E+01
-085 195 -0.105363E+01
-085 -150 -0.110861E+01
-085 210 -0.110861E+01
-085 -130 -0.102260E+01
-085 -115 -0.905109E+00
-085 -100 -0.661932E+00
-085 -085 -0.415016E+00
-085 -070 -0.149493E+00
-085 -055 -0.193256E-01
-085 -040 -0.493995E-01
-085 -025 -0.103574E+00
-085 -010 -0.200594E+00
-085 000 -0.300697E+00
-085 015 -0.519673E+00
-085 030 -0.686040E+00
-085 050 -0.698397E+00
-085 070 -0.551775E+00
-085 090 -0.338593E+00
-085 110 -0.307506E+00
-085 130 -0.401317E+00
-085 145 -0.533185E+00
-085 160 -0.705603E+00
-085 -200 -0.705603E+00
-085 170 -0.821135E+00
-085 -190 -0.821135E+00
-085 180 -0.917227E+00
-085 -180 -0.917227E+00
-070 -165 -0.124551E+01
-070 195 -0.124551E+01
-070 -150 -0.131137E+01
-070 210 -0.131137E+01
-070 -130 -0.124834E+01
-070 -115 -0.109865E+01
-070 -100 -0.809688E+00
-070 -085 -0.514363E+00
-070 -070 -0.147294E+00
-070 -055 -0.111043E-03
-070 -040 -0.182552E-01
-070 -025 -0.702346E-01
-070 -010 -0.254442E+00
-070 000 -0.436961E+00
-070 015 -0.737127E+00
-070 030 -0.930213E+00
-070 050 -0.976483E+00
-070 070 -0.838130E+00
-070 090 -0.584286E+00
-070 110 -0.462075E+00
-070 130 -0.533439E+00
-070 145 -0.650024E+00
-070 160 -0.830134E+00
-070 -200 -0.830134E+00
-070 170 -0.969967E+00
-070 -190 -0.969967E+00
-055 -165 -0.147809E+01
-055 195 -0.147809E+01
-055 -150 -0.156671E+01
-055 210 -0.156671E+01
-055 -130 -0.148569E+01
-055 -115 -0.126090E+01
-055 -100 -0.958821E+00
-055 -085 -0.543312E+00
-055 -070 -0.125298E+00
-055 -055 -0.201013E-01
-055 -040 -0.538674E-01
-055 -025 -0.229399E+00
-055 -010 -0.547615E+00
-055 000 -0.795391E+00
-055 015 -0.111619E+01
-055 030 -0.127581E+01
-055 050 -0.135131E+01
-055 070 -0.119028E+01
-055 090 -0.894783E+00
-055 110 -0.645523E+00
-055 130 -0.635278E+00
-055 145 -0.755574E+00
-055 160 -0.986589E+00
-055 -200 -0.986589E+00
-055 170 -0.116243E+01
-055 -190 -0.116243E+01
-055 180 -0.130706E+01
-055 -180 -0.130706E+01
-040 -165 -0.175839E+01
-040 195 -0.175839E+01
-040 -150 -0.185247E+01
-040 210 -0.185247E+01
-040 -130 -0.174222E+01
-040 -115 -0.142875E+01
-040 -100 -0.891502E+00
-040 -085 -0.409121E+00
-040 -070 -0.196405E+00
-040 -055 -0.171250E+00
-040 -040 -0.332048E+00
-040 -025 -0.641876E+00
-040 -010 -0.100303E+01
-040 000 -0.120909E+01
-040 015 -0.144783E+01
-040 030 -0.161620E+01
-040 050 -0.163581E+01
-040 070 -0.143206E+01
-040 090 -0.111060E+01
-040 110 -0.783738E+00
-040 130 -0.791356E+00
-040 145 -0.956409E+00
-040 160 -0.120712E+01
-040 -200 -0.120712E+01
-040 170 -0.139152E+01
-040 -190 -0.139152E+01
-040 180 -0.155271E+01
-040 -180 -0.155271E+01
-025 -165 -0.204157E+01
-025 195 -0.204157E+01
-025 -150 -0.213575E+01
-025 210 -0.213575E+01
-025 -130 -0.156914E+01
-025 -115 -0.120815E+01
-025 -100 -0.859131E+00
-025 -085 -0.527179E+00
-025 -070 -0.400613E+00
-025 -055 -0.520691E+00
-025 -040 -0.799040E+00
-025 -025 -0.129414E+01
-025 -010 -0.139738E+01
-025 000 -0.163211E+01
-025 015 -0.182906E+01
-025 030 -0.187566E+01
-025 050 -0.177946E+01
-025 070 -0.149735E+01
-025 090 -0.105223E+01
-025 110 -0.795284E+00
-025 130 -0.922341E+00
-025 145 -0.118306E+01
-025 160 -0.147658E+01
-025 -200 -0.147658E+01
-025 170 -0.163629E+01
-025 -190 -0.163629E+01
-025 180 -0.180725E+01
-025 -180 -0.180725E+01
-010 -150 -0.170059E+01
-010 210 -0.170059E+01
-010 -130 -0.133656E+01
-010 -115 -0.104859E+01
-010 -100 -0.814287E+00
-010 -085 -0.620897E+00
-010 -070 -0.697310E+00
-010 -055 -0.993648E+00
-010 -040 -0.130642E+01
-010 -025 -0.166847E+01
-010 -010 -0.189059E+01
-010 000 -0.198010E+01
-010 015 -0.205722E+01
-010 030 -0.199230E+01
-010 050 -0.177031E+01
-010 070 -0.122738E+01
-010 090 -0.875673E+00
-010 110 -0.921420E+00
-010 130 -0.118940E+01
-010 145 -0.144207E+01
-010 160 -0.170619E+01
-010 -200 -0.170619E+01
-010 170 -0.188202E+01
-010 -190 -0.188202E+01
-010 180 -0.207218E+01
-010 -180 -0.207218E+01
000 -165 -0.175261E+01
000 195 -0.175261E+01
000 -150 -0.151947E+01
000 210 -0.151947E+01
000 -115 -0.953643E+00
000 -100 -0.776385E+00
000 -085 -0.743432E+00
000 -070 -0.976306E+00
000 -055 -0.132111E+01
000 -040 -0.164342E+01
000 -025 -0.186474E+01
000 -010 -0.202519E+01
000 000 -0.206718E+01
000 015 -0.206620E+01
000 030 -0.192241E+01
000 050 -0.155715E+01
000 070 -0.963568E+00
000 090 -0.818211E+00
000 110 -0.104741E+01
000 130 -0.138320E+01
000 145 -0.163844E+01
000 160 -0.188907E+01
000 -200 -0.188907E+01
000 170 -0.205630E+01
000 -190 -0.205630E+01
000 180 -0.200326E+01
000 -180 -0.200326E+01
015 -150 -0.133457E+01
015 210 -0.133457E+01
015 -130 -0.985280E+00
015 -115 -0.776177E+00
015 -100 -0.759242E+00
015 -085 -0.966041E+00
015 -070 -0.136521E+01
015 -055 -0.156852E+01
015 -040 -0.177581E+01
015 -025 -0.193670E+01
015 -010 -0.200383E+01
015 000 -0.198433E+01
015 015 -0.184877E+01
015 030 -0.157001E+01
015 070 -0.596438E+00
015 090 -0.835944E+00
015 110 -0.124960E+01
015 130 -0.164051E+01
015 145 -0.188688E+01
015 160 -0.175630E+01
015 -200 -0.175630E+01
015 170 -0.177519E+01
015 -190 -0.177519E+01
015 180 -0.173564E+01
015 -180 -0.173564E+01
030 -150 -0.117116E+01
030 210 -0.117116E+01
030 -130 -0.801769E+00
030 -115 -0.673460E+00
030 -100 -0.760937E+00
030 -085 -0.107586E+01
030 -070 -0.133402E+01
030 -055 -0.155010E+01
030 -040 -0.174596E+01
030 -025 -0.177529E+01
030 -010 -0.173908E+01
030 000 -0.161784E+01
030 015 -0.135974E+01
030 030 -0.829473E+00
030 050 -0.438274E+00
030 070 -0.463061E+00
030 090 -0.865701E+00
030 110 -0.133022E+01
030 130 -0.185451E+01
030 145 -0.157311E+01
030 160 -0.171475E+01
030 -200 -0.171475E+01
030 170 -0.162477E+01
030 -190 -0.162477E+01
030 180 -0.166592E+01
030 -180 -0.166592E+01
050 -165 -0.126302E+01
050 195 -0.126302E+01
050 -150 -0.987626E+00
050 210 -0.987626E+00
050 -130 -0.615691E+00
050 -115 -0.625953E+00
050 -100 -0.783200E+00
050 -085 -0.963673E+00
050 -070 -0.117858E+01
050 -055 -0.136246E+01
050 -040 -0.154562E+01
050 -025 -0.197698E+01
050 -010 -0.118692E+01
050 000 -0.998868E+00
050 015 -0.612930E+00
050 030 -0.319477E+00
050 050 -0.248246E+00
050 070 -0.397366E+00
050 090 -0.503093E+00
050 110 -0.102696E+01
050 130 -0.135757E+01
050 145 -0.153837E+01
050 160 -0.159134E+01
050 -200 -0.159134E+01
050 170 -0.154717E+01
050 -190 -0.154717E+01
050 180 -0.148277E+01
050 -180 -0.148277E+01
070 -165 -0.989989E+00
070 195 -0.989989E+00
070 -150 -0.730847E+00
070 210 -0.730847E+00
070 -130 -0.517732E+00
070 -115 -0.481003E+00
070 -100 -0.563043E+00
070 -085 -0.708809E+00
070 -070 -0.913212E+00
070 -055 -0.109532E+01
070 -040 -0.112660E+01
070 -025 -0.101473E+01
070 -010 -0.787998E+00
070 000 -0.599893E+00
070 015 -0.413494E+00
070 030 -0.361370E+00
070 050 -0.369755E+00
070 070 -0.375560E+00
070 090 -0.605676E+00
070 110 -0.993952E+00
070 130 -0.127524E+01
070 145 -0.137775E+01
070 160 -0.137090E+01
070 -200 -0.137090E+01
070 170 -0.129434E+01
070 -190 -0.129434E+01
090 -165 -0.912325E+00
090 195 -0.912325E+00
090 -150 -0.614306E+00
090 210 -0.614306E+00
090 -130 -0.545817E+00
090 -115 -0.556078E+00
090 -100 -0.605218E+00
090 -085 -0.700130E+00
090 -070 -0.886028E+00
090 -055 -0.101041E+01
090 -040 -0.103160E+01
090 -025 -0.945290E+00
090 -010 -0.789400E+00
090 000 -0.683983E+00
090 015 -0.584826E+00
090 030 -0.524825E+00
090 050 -0.541145E+00
090 070 -0.510697E+00
090 090 -0.788801E+00
090 110 -0.106325E+01
090 130 -0.119127E+01
090 145 -0.123304E+01
090 160 -0.123473E+01
090 -200 -0.123473E+01
090 170 -0.118918E+01
090 -190 -0.118918E+01
090 180 -0.110015E+01
090 -180 -0.110015E+01
110 -165 -0.706288E+00
110 195 -0.706288E+00
110 -150 -0.516479E+00
110 210 -0.516479E+00
110 -130 -0.480981E+00
110 -115 -0.673776E+00
110 -100 -0.889291E+00
110 -085 -0.107572E+01
110 -070 -0.120225E+01
110 -055 -0.128079E+01
110 -040 -0.127040E+01
110 -025 -0.118940E+01
110 -010 -0.104211E+01
110 000 -0.950363E+00
110 015 -0.859529E+00
110 030 -0.817825E+00
110 050 -0.808156E+00
110 070 -0.873538E+00
110 090 -0.105750E+01
110 110 -0.119553E+01
110 130 -0.124281E+01
110 145 -0.126468E+01
110 160 -0.125440E+01
110 -200 -0.125440E+01
110 170 -0.118964E+01
110 -190 -0.118964E+01
110 180 -0.104179E+01
110 -180 -0.104179E+01
130 -165 -0.219244E+00
130 195 -0.219244E+00
130 -150 -0.118527E+00
130 210 -0.118527E+00
130 -130 -0.313450E+00
130 -115 -0.647921E+00
130 -100 -0.100892E+01
130 -085 -0.129003E+01
130 -070 -0.143768E+01
130 -055 -0.148459E+01
130 -040 -0.145337E+01
130 -010 -0.130961E+01
130 000 -0.125105E+01
130 015 -0.117519E+01
130 030 -0.116804E+01
130 050 -0.904744E+00
130 070 -0.101038E+01
130 090 -0.113566E+01
130 110 -0.130635E+01
130 130 -0.121396E+01
130 145 -0.110669E+01
130 160 -0.103421E+01
130 -200 -0.103421E+01
130 170 -0.795187E+00
130 -190 -0.795187E+00
130 180 -0.540621E+00
130 -180 -0.540621E+00
150 -165 0.293344E+00
-210 -165 0.293344E+00
150 195 0.293344E+00
150 -150 0.224144E+00
-210 -150 0.224144E+00
150 210 0.224144E+00
150 -130 -0.179880E+00
-210 -130 -0.179880E+00
150 -115 -0.606897E+00
-210 -115 -0.606897E+00
150 -100 -0.965710E+00
-210 -100 -0.965710E+00
150 -085 -0.119422E+01
-210 -085 -0.119422E+01
150 -070 -0.127205E+01
-210 -070 -0.127205E+01
150 -055 -0.124906E+01
-210 -055 -0.124906E+01
150 -040 -0.124643E+01
-210 -040 -0.124643E+01
150 -025 -0.126713E+01
-210 -025 -0.126713E+01
150 -010 -0.129360E+01
-210 -010 -0.129360E+01
150 000 -0.130957E+01
-210 000 -0.130957E+01
150 015 -0.101737E+01
-210 015 -0.101737E+01
150 030 -0.899140E+00
-210 030 -0.899140E+00
150 050 -0.771605E+00
-210 050 -0.771605E+00
150 070 -0.845067E+00
-210 070 -0.845067E+00
150 090 -0.918074E+00
-210 090 -0.918074E+00
150 110 -0.105406E+01
-210 110 -0.105406E+01
150 130 -0.100496E+01
-210 130 -0.100496E+01
150 145 -0.744974E+00
-210 145 -0.744974E+00
150 160 -0.374993E+00
-210 160 -0.374993E+00
150 -200 -0.374993E+00
-210 -200 -0.374993E+00
150 170 -0.106788E+00
-210 170 -0.106788E+00
150 -190 -0.106788E+00
-210 -190 -0.106788E+00
150 180 0.121348E+00
-210 180 0.121348E+00
150 -180 0.121348E+00
-210 -180 0.121348E+00
165 -165 0.562567E+00
-195 -165 0.562567E+00
165 195 0.562567E+00
165 -150 0.348092E+00
-195 -150 0.348092E+00
165 210 0.348092E+00
165 -130 -0.192931E+00
-195 -130 -0.192931E+00
165 -115 -0.600733E+00
-195 -115 -0.600733E+00
165 -100 -0.911670E+00
-195 -100 -0.911670E+00
165 -085 -0.955124E+00
-195 -085 -0.955124E+00
165 -070 -0.932891E+00
-195 -070 -0.932891E+00
165 -055 -0.872122E+00
-195 -055 -0.872122E+00
165 -040 -0.875535E+00
-195 -040 -0.875535E+00
165 -025 -0.963716E+00
-195 -025 -0.963716E+00
165 -010 -0.100526E+01
-195 -010 -0.100526E+01
165 000 -0.996708E+00
-195 000 -0.996708E+00
165 015 -0.893982E+00
-195 015 -0.893982E+00
165 030 -0.790917E+00
-195 030 -0.790917E+00
165 050 -0.681787E+00
-195 050 -0.681787E+00
165 070 -0.704558E+00
-195 070 -0.704558E+00
165 090 -0.877542E+00
-195 090 -0.877542E+00
165 110 -0.866042E+00
-195 110 -0.866042E+00
165 130 -0.621112E+00
-195 130 -0.621112E+00
165 145 -0.269169E+00
-195 145 -0.269169E+00
165 160 0.114207E+00
-195 160 0.114207E+00
165 -200 0.114207E+00
-195 -200 0.114207E+00
165 170 0.343903E+00
-195 170 0.343903E+00
165 -190 0.343903E+00
-195 -190 0.343903E+00
165 180 0.519423E+00
-195 180 0.519423E+00
165 -180 0.519423E+00
-195 -180 0.519423E+00
180 -165 0.595491E+00
-180 -165 0.595491E+00
180 195 0.595491E+00
180 -150 0.243830E+00
-180 -150 0.243830E+00
180 210 0.243830E+00
180 -130 -0.323351E+00
-180 -130 -0.323351E+00
180 -115 -0.643530E+00
-180 -115 -0.643530E+00
180 -100 -0.817272E+00
-180 -100 -0.817272E+00
180 -085 -0.608895E+00
-180 -085 -0.608895E+00
180 -070 -0.540227E+00
-180 -070 -0.540227E+00
180 -055 -0.538020E+00
-180 -055 -0.538020E+00
180 -040 -0.586929E+00
-180 -040 -0.586929E+00
180 -025 -0.695271E+00
-180 -025 -0.695271E+00
180 -010 -0.840595E+00
-180 -010 -0.840595E+00
180 000 -0.815165E+00
-180 000 -0.815165E+00
180 015 -0.759198E+00
-180 015 -0.759198E+00
180 030 -0.696548E+00
-180 030 -0.696548E+00
180 070 -0.695436E+00
-180 070 -0.695436E+00
180 090 -0.714350E+00
-180 090 -0.714350E+00
180 110 -0.574750E+00
-180 110 -0.574750E+00
180 130 -0.189612E+00
-180 130 -0.189612E+00
180 145 0.170362E+00
-180 145 0.170362E+00
180 160 0.511992E+00
-180 160 0.511992E+00
180 -200 0.511992E+00
-180 -200 0.511992E+00
180 170 0.668472E+00
-180 170 0.668472E+00
180 -190 0.668472E+00
-180 -190 0.668472E+00
180 180 0.729732E+00
-180 180 0.729732E+00
180 -180 0.729732E+00
-180 -180 0.729732E+00
