PHI PSI J_10_16
-165 -165 0.457466E-01
195 -165 0.457466E-01
-165 195 0.457466E-01
195 195 0.457466E-01
-165 -150 0.628998E-01
195 -150 0.628998E-01
-165 210 0.628998E-01
195 210 0.628998E-01
-165 -130 0.733218E-01
195 -130 0.733218E-01
-165 -115 0.726260E-01
195 -115 0.726260E-01
-165 -100 0.610096E-01
195 -100 0.610096E-01
-165 -085 0.354015E-02
195 -085 0.354015E-02
-165 -070 -0.303640E-02
195 -070 -0.303640E-02
-165 -055 0.180453E-01
195 -055 0.180453E-01
-165 -040 0.390859E-01
195 -040 0.390859E-01
-165 -025 0.553386E-01
195 -025 0.553386E-01
-165 -010 -0.454642E-01
195 -010 -0.454642E-01
-165 000 -0.387499E-01
195 000 -0.387499E-01
-165 015 -0.304241E-01
195 015 -0.304241E-01
-165 030 -0.256897E-01
195 030 -0.256897E-01
-165 050 -0.314899E-01
195 050 -0.314899E-01
-165 070 -0.499045E-01
195 070 -0.499045E-01
-165 090 -0.664413E-01
195 090 -0.664413E-01
-165 110 -0.678139E-01
195 110 -0.678139E-01
-165 130 -0.499908E-01
195 130 -0.499908E-01
-165 145 -0.293596E-01
195 145 -0.293596E-01
-165 160 -0.956666E-02
195 160 -0.956666E-02
-165 -200 -0.956666E-02
-165 170 0.588535E-02
195 170 0.588535E-02
-165 -190 0.588535E-02
-165 180 0.315145E-01
195 180 0.315145E-01
-165 -180 0.315145E-01
-150 -165 -0.596833E-01
210 -165 -0.596833E-01
-150 195 -0.596833E-01
210 195 -0.596833E-01
-150 -150 -0.484084E-01
210 -150 -0.484084E-01
-150 210 -0.484084E-01
210 210 -0.484084E-01
-150 -130 -0.467273E-01
210 -130 -0.467273E-01
-150 -115 -0.593714E-01
210 -115 -0.593714E-01
-150 -100 -0.124409E+00
210 -100 -0.124409E+00
-150 -085 -0.140359E+00
210 -085 -0.140359E+00
-150 -070 -0.137047E+00
210 -070 -0.137047E+00
-150 -055 -0.119226E+00
210 -055 -0.119226E+00
-150 -040 -0.888542E-01
210 -040 -0.888542E-01
-150 -025 -0.802927E-01
210 -025 -0.802927E-01
-150 -010 -0.107463E+00
210 -010 -0.107463E+00
-150 000 -0.104154E+00
210 000 -0.104154E+00
-150 015 -0.105545E+00
210 015 -0.105545E+00
-150 030 -0.115057E+00
210 030 -0.115057E+00
-150 050 -0.142469E+00
210 050 -0.142469E+00
-150 070 -0.179506E+00
210 070 -0.179506E+00
-150 090 -0.189790E+00
210 090 -0.189790E+00
-150 110 -0.177260E+00
210 110 -0.177260E+00
-150 130 -0.145600E+00
210 130 -0.145600E+00
-150 145 -0.119699E+00
210 145 -0.119699E+00
-150 160 -0.978743E-01
210 160 -0.978743E-01
-150 -200 -0.978743E-01
-150 170 -0.865213E-01
210 170 -0.865213E-01
-150 -190 -0.865213E-01
-125 -165 -0.185192E+00
-125 195 -0.185192E+00
-125 -150 -0.204957E+00
-125 210 -0.204957E+00
-125 -130 -0.258273E+00
-125 -115 -0.307562E+00
-125 -100 -0.330769E+00
-125 -085 -0.322388E+00
-125 -070 -0.296749E+00
-125 -055 -0.238409E+00
-125 -040 -0.174365E+00
-125 -025 -0.160677E+00
-125 -010 -0.152192E+00
-125 000 -0.154273E+00
-125 015 -0.177856E+00
-125 030 -0.226998E+00
-125 050 -0.315108E+00
-125 070 -0.361609E+00
-125 090 -0.342169E+00
-125 110 -0.295873E+00
-125 130 -0.242579E+00
-125 145 -0.203662E+00
-125 160 -0.185618E+00
-125 -200 -0.185618E+00
-125 170 -0.176885E+00
-125 -190 -0.176885E+00
-100 -165 -0.247788E+00
-100 195 -0.247788E+00
-100 -150 -0.302879E+00
-100 210 -0.302879E+00
-100 -130 -0.397840E+00
-100 -115 -0.440659E+00
-100 -100 -0.439274E+00
-100 -085 -0.398767E+00
-100 -070 -0.346904E+00
-100 -055 -0.252543E+00
-100 -040 -0.208932E+00
-100 -025 -0.189331E+00
-100 -010 -0.169204E+00
-100 000 -0.184326E+00
-100 015 -0.248131E+00
-100 030 -0.343052E+00
-100 050 -0.460306E+00
-100 070 -0.433176E+00
-100 090 -0.354954E+00
-100 110 -0.301953E+00
-100 130 -0.264687E+00
-100 145 -0.237165E+00
-100 160 -0.220759E+00
-100 -200 -0.220759E+00
-100 170 -0.217455E+00
-100 -190 -0.217455E+00
-085 -165 -0.266821E+00
-085 195 -0.266821E+00
-085 -150 -0.323868E+00
-085 210 -0.323868E+00
-085 -130 -0.414754E+00
-085 -115 -0.444206E+00
-085 -100 -0.423933E+00
-085 -085 -0.370267E+00
-085 -070 -0.319662E+00
-085 -055 -0.254268E+00
-085 -040 -0.227079E+00
-085 -025 -0.198591E+00
-085 -010 -0.199744E+00
-085 000 -0.216926E+00
-085 015 -0.289733E+00
-085 030 -0.398532E+00
-085 050 -0.469568E+00
-085 070 -0.388712E+00
-085 090 -0.255112E+00
-085 110 -0.244522E+00
-085 130 -0.254589E+00
-085 145 -0.248924E+00
-085 160 -0.254020E+00
-085 -200 -0.254020E+00
-085 170 -0.247883E+00
-085 -190 -0.247883E+00
-085 180 -0.245688E+00
-085 -180 -0.245688E+00
-070 -165 -0.251981E+00
-070 195 -0.251981E+00
-070 -150 -0.307258E+00
-070 210 -0.307258E+00
-070 -130 -0.393781E+00
-070 -115 -0.403429E+00
-070 -100 -0.348493E+00
-070 -085 -0.297698E+00
-070 -070 -0.280486E+00
-070 -055 -0.291069E+00
-070 -040 -0.294202E+00
-070 -025 -0.284826E+00
-070 -010 -0.260726E+00
-070 000 -0.269095E+00
-070 015 -0.333366E+00
-070 030 -0.399723E+00
-070 050 -0.432395E+00
-070 070 -0.289047E+00
-070 090 -0.144436E+00
-070 110 -0.217434E+00
-070 130 -0.305411E+00
-070 145 -0.318530E+00
-070 160 -0.294890E+00
-070 -200 -0.294890E+00
-070 170 -0.266644E+00
-070 -190 -0.266644E+00
-055 -165 -0.227904E+00
-055 195 -0.227904E+00
-055 -150 -0.287934E+00
-055 210 -0.287934E+00
-055 -130 -0.348665E+00
-055 -115 -0.314697E+00
-055 -100 -0.232118E+00
-055 -085 -0.223201E+00
-055 -070 -0.288962E+00
-055 -055 -0.355916E+00
-055 -040 -0.406485E+00
-055 -025 -0.366538E+00
-055 -010 -0.310230E+00
-055 000 -0.300730E+00
-055 015 -0.309836E+00
-055 030 -0.334059E+00
-055 050 -0.328927E+00
-055 070 -0.122935E+00
-055 090 -0.578111E-01
-055 110 -0.312423E+00
-055 130 -0.460506E+00
-055 145 -0.438480E+00
-055 160 -0.348513E+00
-055 -200 -0.348513E+00
-055 170 -0.285454E+00
-055 -190 -0.285454E+00
-055 180 -0.255849E+00
-055 -180 -0.255849E+00
-040 -165 -0.196054E+00
-040 195 -0.196054E+00
-040 -150 -0.272490E+00
-040 210 -0.272490E+00
-040 -130 -0.276423E+00
-040 -115 -0.157305E+00
-040 -100 -0.112028E+00
-040 -085 -0.145223E+00
-040 -070 -0.237848E+00
-040 -055 -0.386817E+00
-040 -040 -0.429252E+00
-040 -025 -0.356347E+00
-040 -010 -0.271238E+00
-040 000 -0.222261E+00
-040 015 -0.183542E+00
-040 030 -0.224877E+00
-040 050 -0.137389E+00
-040 070 0.585653E-01
-040 090 -0.784961E-01
-040 110 -0.448046E+00
-040 130 -0.451352E+00
-040 145 -0.421359E+00
-040 160 -0.320424E+00
-040 -200 -0.320424E+00
-040 170 -0.250444E+00
-040 -190 -0.250444E+00
-040 180 -0.199342E+00
-040 -180 -0.199342E+00
-025 -165 -0.157717E+00
-025 195 -0.157717E+00
-025 -150 -0.236392E+00
-025 210 -0.236392E+00
-025 -130 0.509883E-02
-025 -115 0.267413E-01
-025 -100 0.428087E-01
-025 -085 -0.200781E-01
-025 -070 -0.198679E+00
-025 -055 -0.363275E+00
-025 -040 -0.347568E+00
-025 -025 -0.173751E+00
-025 -010 -0.148344E-01
-025 000 -0.939558E-02
-025 015 -0.654125E-01
-025 030 -0.662559E-01
-025 050 0.100839E+00
-025 070 0.150124E+00
-025 090 -0.229048E+00
-025 110 -0.418418E+00
-025 130 -0.378975E+00
-025 145 -0.291899E+00
-025 160 -0.194985E+00
-025 -200 -0.194985E+00
-025 170 -0.148606E+00
-025 -190 -0.148606E+00
-025 180 -0.113528E+00
-025 -180 -0.113528E+00
-010 -150 0.288141E-01
-010 210 0.288141E-01
-010 -130 0.366395E-01
-010 -115 0.748443E-01
-010 -100 0.735180E-01
-010 -085 -0.281016E-01
-010 -070 -0.202927E+00
-010 -055 -0.289653E+00
-010 -040 -0.169055E+00
-010 -025 0.114528E+00
-010 -010 0.747362E-01
-010 000 0.139474E-01
-010 015 -0.254732E-01
-010 030 0.606267E-01
-010 050 0.229294E+00
-010 070 -0.106783E+00
-010 090 -0.209088E+00
-010 110 -0.226749E+00
-010 130 -0.154523E+00
-010 145 -0.105736E+00
-010 160 -0.584011E-01
-010 -200 -0.584011E-01
-010 170 -0.325396E-01
-010 -190 -0.325396E-01
-010 180 -0.392205E-01
-010 -180 -0.392205E-01
000 -165 0.426377E-01
000 195 0.426377E-01
000 -150 0.217986E-01
000 210 0.217986E-01
000 -115 0.395892E-01
000 -100 0.121251E-01
000 -085 -0.809253E-01
000 -070 -0.197648E+00
000 -055 -0.187757E+00
000 -040 0.137217E+00
000 -025 0.154877E+00
000 -010 0.534161E-01
000 000 -0.542101E-02
000 015 -0.354798E-02
000 030 0.120944E+00
000 050 0.122621E+00
000 070 -0.170200E+00
000 090 -0.137778E+00
000 110 -0.935722E-01
000 130 -0.444356E-01
000 145 -0.220765E-01
000 160 0.940871E-02
000 -200 0.940871E-02
000 170 0.146419E-01
000 -190 0.146419E-01
000 180 0.438260E-02
000 -180 0.438260E-02
015 -150 -0.569282E-01
015 210 -0.569282E-01
015 -130 -0.886127E-01
015 -115 -0.118811E+00
015 -100 -0.128400E+00
015 -085 -0.147514E+00
015 -070 -0.127159E+00
015 -055 0.221804E+00
015 -040 0.222717E+00
015 -025 0.853730E-01
015 -010 -0.952753E-02
015 000 -0.200808E-01
015 015 0.718649E-01
015 030 0.120571E+00
015 070 -0.162851E+00
015 090 -0.153031E-01
015 110 0.305374E-01
015 130 0.194347E-01
015 145 0.298991E-01
015 160 -0.499977E-01
015 -200 -0.499977E-01
015 170 -0.411966E-01
015 -190 -0.411966E-01
015 180 0.906599E-03
015 -180 0.906599E-03
030 -150 -0.201880E+00
030 210 -0.201880E+00
030 -130 -0.295693E+00
030 -115 -0.333622E+00
030 -100 -0.264294E+00
030 -085 -0.584577E-01
030 -070 0.192065E+00
030 -055 0.176784E+00
030 -040 0.127424E+00
030 -025 -0.502495E-01
030 -010 -0.542512E-01
030 000 -0.119479E-01
030 015 0.199572E-01
030 030 -0.184303E+00
030 050 -0.265559E+00
030 070 -0.116476E+00
030 090 0.301348E-01
030 110 0.346549E-01
030 130 0.375384E-01
030 145 -0.162930E+00
030 160 -0.118568E+00
030 -200 -0.118568E+00
030 170 -0.612681E-01
030 -190 -0.612681E-01
030 180 -0.750762E-01
030 -180 -0.750762E-01
050 -165 -0.242309E+00
050 195 -0.242309E+00
050 -150 -0.341787E+00
050 210 -0.341787E+00
050 -130 -0.439021E+00
050 -115 -0.389012E+00
050 -100 -0.188348E+00
050 -085 0.140719E-01
050 -070 0.196511E-01
050 -055 -0.132579E+00
050 -040 -0.184808E+00
050 -025 -0.381201E+00
050 -010 -0.183115E+00
050 000 -0.173699E+00
050 015 -0.236421E+00
050 030 -0.286739E+00
050 050 -0.254984E+00
050 070 -0.133907E+00
050 090 -0.104681E+00
050 110 -0.184606E+00
050 130 -0.315563E+00
050 145 -0.289028E+00
050 160 -0.214454E+00
050 -200 -0.214454E+00
050 170 -0.185212E+00
050 -190 -0.185212E+00
050 180 -0.187871E+00
050 -180 -0.187871E+00
070 -165 -0.338504E+00
070 195 -0.338504E+00
070 -150 -0.362033E+00
070 210 -0.362033E+00
070 -130 -0.362167E+00
070 -115 -0.298557E+00
070 -100 -0.197297E+00
070 -085 -0.143344E+00
070 -070 -0.234918E+00
070 -055 -0.395007E+00
070 -040 -0.428923E+00
070 -025 -0.359330E+00
070 -010 -0.276983E+00
070 000 -0.251450E+00
070 015 -0.208942E+00
070 030 -0.215588E+00
070 050 -0.213613E+00
070 070 -0.194491E+00
070 090 -0.308888E+00
070 110 -0.421873E+00
070 130 -0.488567E+00
070 145 -0.455309E+00
070 160 -0.376396E+00
070 -200 -0.376396E+00
070 170 -0.334338E+00
070 -190 -0.334338E+00
090 -165 -0.436763E+00
090 195 -0.436763E+00
090 -150 -0.445318E+00
090 210 -0.445318E+00
090 -130 -0.434899E+00
090 -115 -0.405733E+00
090 -100 -0.359804E+00
090 -085 -0.318074E+00
090 -070 -0.384465E+00
090 -055 -0.477624E+00
090 -040 -0.477998E+00
090 -025 -0.416369E+00
090 -010 -0.320567E+00
090 000 -0.269553E+00
090 015 -0.210557E+00
090 030 -0.222628E+00
090 050 -0.252748E+00
090 070 -0.389546E+00
090 090 -0.464433E+00
090 110 -0.525254E+00
090 130 -0.543421E+00
090 145 -0.523598E+00
090 160 -0.480850E+00
090 -200 -0.480850E+00
090 170 -0.453626E+00
090 -190 -0.453626E+00
090 180 -0.440721E+00
090 -180 -0.440721E+00
110 -165 -0.367332E+00
110 195 -0.367332E+00
110 -150 -0.382205E+00
110 210 -0.382205E+00
110 -130 -0.408601E+00
110 -115 -0.420500E+00
110 -100 -0.429281E+00
110 -085 -0.435661E+00
110 -070 -0.453804E+00
110 -055 -0.473329E+00
110 -040 -0.444429E+00
110 -025 -0.382075E+00
110 -010 -0.313240E+00
110 000 -0.277897E+00
110 015 -0.263229E+00
110 030 -0.272499E+00
110 050 -0.339352E+00
110 070 -0.429121E+00
110 090 -0.434136E+00
110 110 -0.441240E+00
110 130 -0.435852E+00
110 145 -0.417038E+00
110 160 -0.388605E+00
110 -200 -0.388605E+00
110 170 -0.366874E+00
110 -190 -0.366874E+00
110 180 -0.361675E+00
110 -180 -0.361675E+00
130 -165 -0.191473E+00
130 195 -0.191473E+00
130 -150 -0.206954E+00
130 210 -0.206954E+00
130 -130 -0.239540E+00
130 -115 -0.266855E+00
130 -100 -0.286691E+00
130 -085 -0.298792E+00
130 -070 -0.297543E+00
130 -055 -0.286659E+00
130 -040 -0.266456E+00
130 -010 -0.216429E+00
130 000 -0.207363E+00
130 015 -0.207011E+00
130 030 -0.217149E+00
130 050 -0.198492E+00
130 070 -0.234748E+00
130 090 -0.247821E+00
130 110 -0.233896E+00
130 130 -0.160387E+00
130 145 -0.130379E+00
130 160 -0.135720E+00
130 -200 -0.135720E+00
130 170 -0.145602E+00
130 -190 -0.145602E+00
130 180 -0.169691E+00
130 -180 -0.169691E+00
150 -165 -0.291309E-01
-210 -165 -0.291309E-01
150 195 -0.291309E-01
150 -150 -0.471976E-01
-210 -150 -0.471976E-01
150 210 -0.471976E-01
150 -130 -0.633003E-01
-210 -130 -0.633003E-01
150 -115 -0.834702E-01
-210 -115 -0.834702E-01
150 -100 -0.998432E-01
-210 -100 -0.998432E-01
150 -085 -0.105304E+00
-210 -085 -0.105304E+00
150 -070 -0.939499E-01
-210 -070 -0.939499E-01
150 -055 -0.791793E-01
-210 -055 -0.791793E-01
150 -040 -0.709593E-01
-210 -040 -0.709593E-01
150 -025 -0.719198E-01
-210 -025 -0.719198E-01
150 -010 -0.775227E-01
-210 -010 -0.775227E-01
150 000 -0.811586E-01
-210 000 -0.811586E-01
150 015 0.577115E-01
-210 015 0.577115E-01
150 030 0.503183E-01
-210 030 0.503183E-01
150 050 0.250006E-01
-210 050 0.250006E-01
150 070 -0.141279E-01
-210 070 -0.141279E-01
150 090 -0.129396E-01
-210 090 -0.129396E-01
150 110 0.432647E-01
-210 110 0.432647E-01
150 130 0.560141E-01
-210 130 0.560141E-01
150 145 0.533210E-01
-210 145 0.533210E-01
150 160 0.406126E-01
-210 160 0.406126E-01
150 -200 0.406126E-01
-210 -200 0.406126E-01
150 170 0.236629E-01
-210 170 0.236629E-01
150 -190 0.236629E-01
-210 -190 0.236629E-01
150 180 0.122375E-02
-210 180 0.122375E-02
150 -180 0.122375E-02
-210 -180 0.122375E-02
165 -165 0.676367E-01
-195 -165 0.676367E-01
165 195 0.676367E-01
165 -150 0.566041E-01
-195 -150 0.566041E-01
165 210 0.566041E-01
165 -130 0.471637E-01
-195 -130 0.471637E-01
165 -115 0.345926E-01
-195 -115 0.345926E-01
165 -100 0.237808E-01
-195 -100 0.237808E-01
165 -085 0.284468E-01
-195 -085 0.284468E-01
165 -070 0.430413E-01
-195 -070 0.430413E-01
165 -055 0.535052E-01
-195 -055 0.535052E-01
165 -040 0.555394E-01
-195 -040 0.555394E-01
165 -025 0.478643E-01
-195 -025 0.478643E-01
165 -010 0.109223E+00
-195 -010 0.109223E+00
165 000 0.108988E+00
-195 000 0.108988E+00
165 015 0.111248E+00
-195 015 0.111248E+00
165 030 0.115354E+00
-195 030 0.115354E+00
165 050 0.112552E+00
-195 050 0.112552E+00
165 070 0.106176E+00
-195 070 0.106176E+00
165 090 0.106312E+00
-195 090 0.106312E+00
165 110 0.108575E+00
-195 110 0.108575E+00
165 130 0.106856E+00
-195 130 0.106856E+00
165 145 0.106958E+00
-195 145 0.106958E+00
165 160 0.103029E+00
-195 160 0.103029E+00
165 -200 0.103029E+00
-195 -200 0.103029E+00
165 170 0.969382E-01
-195 170 0.969382E-01
165 -190 0.969382E-01
-195 -190 0.969382E-01
165 180 0.858270E-01
-195 180 0.858270E-01
165 -180 0.858270E-01
-195 -180 0.858270E-01
180 -165 0.104372E+00
-180 -165 0.104372E+00
180 195 0.104372E+00
180 -150 0.110502E+00
-180 -150 0.110502E+00
180 210 0.110502E+00
180 -130 0.111649E+00
-180 -130 0.111649E+00
180 -115 0.106859E+00
-180 -115 0.106859E+00
180 -100 0.102006E+00
-180 -100 0.102006E+00
180 -085 0.103678E+00
-180 -085 0.103678E+00
180 -070 0.101323E+00
-180 -070 0.101323E+00
180 -055 0.106508E+00
-180 -055 0.106508E+00
180 -040 0.110745E+00
-180 -040 0.110745E+00
180 -025 0.112484E+00
-180 -025 0.112484E+00
180 -010 0.454919E-01
-180 -010 0.454919E-01
180 000 0.484894E-01
-180 000 0.484894E-01
180 015 0.594989E-01
-180 015 0.594989E-01
180 030 0.717933E-01
-180 030 0.717933E-01
180 070 0.694018E-01
-180 070 0.694018E-01
180 090 0.524473E-01
-180 090 0.524473E-01
180 110 0.495349E-01
-180 110 0.495349E-01
180 130 0.486811E-01
-180 130 0.486811E-01
180 145 0.614834E-01
-180 145 0.614834E-01
180 160 0.741095E-01
-180 160 0.741095E-01
180 -200 0.741095E-01
-180 -200 0.741095E-01
180 170 0.826677E-01
-180 170 0.826677E-01
180 -190 0.826677E-01
-180 -190 0.826677E-01
180 180 0.927657E-01
-180 180 0.927657E-01
180 -180 0.927657E-01
-180 -180 0.927657E-01
