PHI PSI J_20_21
-165 -165 -0.505007E+00
195 -165 -0.505007E+00
-165 195 -0.505007E+00
195 195 -0.505007E+00
-165 -150 -0.604961E+00
195 -150 -0.604961E+00
-165 210 -0.604961E+00
195 210 -0.604961E+00
-165 -130 -0.758923E+00
195 -130 -0.758923E+00
-165 -115 -0.874021E+00
195 -115 -0.874021E+00
-165 -100 -0.954052E+00
195 -100 -0.954052E+00
-165 -085 -0.101691E+01
195 -085 -0.101691E+01
-165 -070 -0.100435E+01
195 -070 -0.100435E+01
-165 -055 -0.101564E+01
195 -055 -0.101564E+01
-165 -040 -0.100700E+01
195 -040 -0.100700E+01
-165 -025 -0.977960E+00
195 -025 -0.977960E+00
-165 -010 -0.106749E+01
195 -010 -0.106749E+01
-165 000 -0.105568E+01
195 000 -0.105568E+01
-165 015 -0.102008E+01
195 015 -0.102008E+01
-165 030 -0.998792E+00
195 030 -0.998792E+00
-165 050 -0.982247E+00
195 050 -0.982247E+00
-165 070 -0.955801E+00
195 070 -0.955801E+00
-165 090 -0.903392E+00
195 090 -0.903392E+00
-165 110 -0.828668E+00
195 110 -0.828668E+00
-165 130 -0.718274E+00
195 130 -0.718274E+00
-165 145 -0.629932E+00
195 145 -0.629932E+00
-165 160 -0.548211E+00
195 160 -0.548211E+00
-165 -200 -0.548211E+00
-165 170 -0.505140E+00
195 170 -0.505140E+00
-165 -190 -0.505140E+00
-165 180 -0.522307E+00
195 180 -0.522307E+00
-165 -180 -0.522307E+00
-150 -165 -0.514071E+00
210 -165 -0.514071E+00
-150 195 -0.514071E+00
210 195 -0.514071E+00
-150 -150 -0.618574E+00
210 -150 -0.618574E+00
-150 210 -0.618574E+00
210 210 -0.618574E+00
-150 -130 -0.800801E+00
210 -130 -0.800801E+00
-150 -115 -0.926581E+00
210 -115 -0.926581E+00
-150 -100 -0.997224E+00
210 -100 -0.997224E+00
-150 -085 -0.101886E+01
210 -085 -0.101886E+01
-150 -070 -0.100452E+01
210 -070 -0.100452E+01
-150 -055 -0.998516E+00
210 -055 -0.998516E+00
-150 -040 -0.989131E+00
210 -040 -0.989131E+00
-150 -025 -0.596327E+00
210 -025 -0.596327E+00
-150 -010 -0.104438E+01
210 -010 -0.104438E+01
-150 000 -0.102227E+01
210 000 -0.102227E+01
-150 015 -0.992902E+00
210 015 -0.992902E+00
-150 030 -0.974839E+00
210 030 -0.974839E+00
-150 050 -0.963414E+00
210 050 -0.963414E+00
-150 070 -0.947558E+00
210 070 -0.947558E+00
-150 090 -0.901238E+00
210 090 -0.901238E+00
-150 110 -0.823552E+00
210 110 -0.823552E+00
-150 130 -0.721161E+00
210 130 -0.721161E+00
-150 145 -0.633558E+00
210 145 -0.633558E+00
-150 160 -0.538081E+00
210 160 -0.538081E+00
-150 -200 -0.538081E+00
-150 170 -0.502752E+00
210 170 -0.502752E+00
-150 -190 -0.502752E+00
-125 -165 -0.569660E+00
-125 195 -0.569660E+00
-125 -150 -0.706381E+00
-125 210 -0.706381E+00
-125 -130 -0.921905E+00
-125 -115 -0.986909E+00
-125 -100 -0.102505E+01
-125 -085 -0.102860E+01
-125 -070 -0.100114E+01
-125 -055 -0.915678E+00
-125 -040 -0.101019E+01
-125 -025 -0.102781E+01
-125 -010 -0.100859E+01
-125 000 -0.974060E+00
-125 015 -0.946380E+00
-125 030 -0.938928E+00
-125 050 -0.941447E+00
-125 070 -0.932973E+00
-125 090 -0.913609E+00
-125 110 -0.827204E+00
-125 130 -0.715206E+00
-125 145 -0.588574E+00
-125 160 -0.544773E+00
-125 -200 -0.544773E+00
-125 170 -0.501207E+00
-125 -190 -0.501207E+00
-100 -165 -0.699358E+00
-100 195 -0.699358E+00
-100 -150 -0.825594E+00
-100 210 -0.825594E+00
-100 -130 -0.950793E+00
-100 -115 -0.100805E+01
-100 -100 -0.103465E+01
-100 -085 -0.104976E+01
-100 -070 -0.101305E+01
-100 -055 -0.101729E+01
-100 -040 -0.105181E+01
-100 -025 -0.102060E+01
-100 -010 -0.959904E+00
-100 000 -0.935670E+00
-100 015 -0.907757E+00
-100 030 -0.909814E+00
-100 050 -0.968036E+00
-100 070 -0.989638E+00
-100 090 -0.920808E+00
-100 110 -0.846478E+00
-100 130 -0.641660E+00
-100 145 -0.674856E+00
-100 160 -0.605378E+00
-100 -200 -0.605378E+00
-100 170 -0.602460E+00
-100 -190 -0.602460E+00
-085 -165 -0.738829E+00
-085 195 -0.738829E+00
-085 -150 -0.843119E+00
-085 210 -0.843119E+00
-085 -130 -0.965026E+00
-085 -115 -0.104235E+01
-085 -100 -0.108345E+01
-085 -085 -0.108666E+01
-085 -070 -0.104336E+01
-085 -055 -0.105642E+01
-085 -040 -0.105305E+01
-085 -025 -0.100018E+01
-085 -010 -0.936098E+00
-085 000 -0.892121E+00
-085 015 -0.870212E+00
-085 030 -0.934490E+00
-085 050 -0.102806E+01
-085 070 -0.102957E+01
-085 090 -0.970169E+00
-085 110 -0.869070E+00
-085 130 -0.765682E+00
-085 145 -0.716520E+00
-085 160 -0.687694E+00
-085 -200 -0.687694E+00
-085 170 -0.675985E+00
-085 -190 -0.675985E+00
-085 180 -0.696986E+00
-085 -180 -0.696986E+00
-070 -165 -0.750852E+00
-070 195 -0.750852E+00
-070 -150 -0.855739E+00
-070 210 -0.855739E+00
-070 -130 -0.100511E+01
-070 -115 -0.110684E+01
-070 -100 -0.115687E+01
-070 -085 -0.114241E+01
-070 -070 -0.103999E+01
-070 -055 -0.106696E+01
-070 -040 -0.102782E+01
-070 -025 -0.946564E+00
-070 -010 -0.873799E+00
-070 000 -0.841542E+00
-070 015 -0.878926E+00
-070 030 -0.997052E+00
-070 050 -0.103664E+01
-070 070 -0.103470E+01
-070 090 -0.990011E+00
-070 110 -0.883935E+00
-070 130 -0.799135E+00
-070 145 -0.762677E+00
-070 160 -0.741445E+00
-070 -200 -0.741445E+00
-070 170 -0.731145E+00
-070 -190 -0.731145E+00
-055 -165 -0.781782E+00
-055 195 -0.781782E+00
-055 -150 -0.919736E+00
-055 210 -0.919736E+00
-055 -130 -0.110294E+01
-055 -115 -0.120273E+01
-055 -100 -0.120989E+01
-055 -085 -0.111369E+01
-055 -070 -0.101760E+01
-055 -055 -0.980082E+00
-055 -040 -0.931696E+00
-055 -025 -0.875164E+00
-055 -010 -0.806838E+00
-055 000 -0.817791E+00
-055 015 -0.966427E+00
-055 030 -0.100315E+01
-055 050 -0.998637E+00
-055 070 -0.102846E+01
-055 090 -0.984493E+00
-055 110 -0.877497E+00
-055 130 -0.825465E+00
-055 145 -0.795432E+00
-055 160 -0.752129E+00
-055 -200 -0.752129E+00
-055 170 -0.742511E+00
-055 -190 -0.742511E+00
-055 180 -0.329433E+00
-055 -180 -0.329433E+00
-040 -165 -0.853204E+00
-040 195 -0.853204E+00
-040 -150 -0.102738E+01
-040 210 -0.102738E+01
-040 -130 -0.123897E+01
-040 -115 -0.125461E+01
-040 -100 -0.112785E+01
-040 -085 -0.961882E+00
-040 -070 -0.923516E+00
-040 -055 -0.898832E+00
-040 -040 -0.851120E+00
-040 -025 -0.817572E+00
-040 -010 -0.813515E+00
-040 000 -0.918722E+00
-040 015 -0.993385E+00
-040 030 -0.969926E+00
-040 050 -0.986436E+00
-040 070 -0.102491E+01
-040 090 -0.912968E+00
-040 110 -0.834028E+00
-040 130 -0.724427E+00
-040 145 -0.787862E+00
-040 160 -0.766314E+00
-040 -200 -0.766314E+00
-040 170 -0.763403E+00
-040 -190 -0.763403E+00
-040 180 -0.770428E+00
-040 -180 -0.770428E+00
-025 -165 -0.964284E+00
-025 195 -0.964284E+00
-025 -150 -0.117572E+01
-025 210 -0.117572E+01
-025 -130 -0.105873E+01
-025 -115 -0.914588E+00
-025 -100 -0.848661E+00
-025 -085 -0.842178E+00
-025 -070 -0.837740E+00
-025 -055 -0.847275E+00
-025 -040 -0.815321E+00
-025 -025 -0.168342E+00
-025 -010 -0.105673E+01
-025 000 -0.989921E+00
-025 015 -0.957999E+00
-025 030 -0.957715E+00
-025 050 -0.102390E+01
-025 070 -0.991860E+00
-025 090 -0.785785E+00
-025 110 -0.806762E+00
-025 130 -0.789402E+00
-025 145 -0.774305E+00
-025 160 -0.810815E+00
-025 -200 -0.810815E+00
-025 170 -0.819236E+00
-025 -190 -0.819236E+00
-025 180 -0.866445E+00
-025 -180 -0.866445E+00
-010 -150 -0.105582E+01
-010 210 -0.105582E+01
-010 -130 -0.916848E+00
-010 -115 -0.857505E+00
-010 -100 -0.818660E+00
-010 -085 -0.817305E+00
-010 -070 -0.800297E+00
-010 -055 -0.821543E+00
-010 -040 -0.829835E+00
-010 -025 -0.108020E+01
-010 -010 -0.100702E+01
-010 000 -0.964593E+00
-010 015 -0.964289E+00
-010 030 -0.100706E+01
-010 050 -0.106833E+01
-010 070 -0.748268E+00
-010 090 -0.780291E+00
-010 110 -0.796571E+00
-010 130 -0.789816E+00
-010 145 -0.825788E+00
-010 160 -0.888205E+00
-010 -200 -0.888205E+00
-010 170 -0.936791E+00
-010 -190 -0.936791E+00
-010 180 -0.992603E+00
-010 -180 -0.992603E+00
000 -165 -0.110160E+01
000 195 -0.110160E+01
000 -150 -0.972733E+00
000 210 -0.972733E+00
000 -115 -0.845363E+00
000 -100 -0.816762E+00
000 -085 -0.823868E+00
000 -070 -0.798380E+00
000 -055 -0.836237E+00
000 -040 -0.108340E+01
000 -025 -0.105528E+01
000 -010 -0.978729E+00
000 000 -0.965581E+00
000 015 -0.989022E+00
000 030 -0.105193E+01
000 050 -0.956871E+00
000 070 -0.764024E+00
000 090 -0.791418E+00
000 110 -0.796943E+00
000 130 -0.815716E+00
000 145 -0.897531E+00
000 160 -0.977901E+00
000 -200 -0.977901E+00
000 170 -0.105590E+01
000 -190 -0.105590E+01
000 180 -0.123678E+01
000 -180 -0.123678E+01
015 -150 -0.853589E+00
015 210 -0.853589E+00
015 -130 -0.832447E+00
015 -115 -0.851615E+00
015 -100 -0.826100E+00
015 -085 -0.829280E+00
015 -070 -0.852409E+00
015 -055 -0.110680E+01
015 -040 -0.106425E+01
015 -025 -0.993124E+00
015 -010 -0.978297E+00
015 000 -0.994881E+00
015 015 -0.103882E+01
015 030 -0.104032E+01
015 070 -0.796377E+00
015 090 -0.792352E+00
015 110 -0.813451E+00
015 130 -0.915152E+00
015 145 -0.103266E+01
015 160 -0.127786E+01
015 -200 -0.127786E+01
015 170 -0.112440E+01
015 -190 -0.112440E+01
015 180 -0.998845E+00
015 -180 -0.998845E+00
030 -150 -0.799548E+00
030 210 -0.799548E+00
030 -130 -0.844954E+00
030 -115 -0.884610E+00
030 -100 -0.872883E+00
030 -085 -0.979961E+00
030 -070 -0.111659E+01
030 -055 -0.104557E+01
030 -040 -0.101366E+01
030 -025 -0.988026E+00
030 -010 -0.100773E+01
030 000 -0.102660E+01
030 015 -0.101363E+01
030 030 -0.718930E+00
030 050 -0.801487E+00
030 070 -0.820076E+00
030 090 -0.816534E+00
030 110 -0.903529E+00
030 130 -0.113426E+01
030 145 -0.126752E+01
030 160 -0.102831E+01
030 -200 -0.102831E+01
030 170 -0.150107E+01
030 -190 -0.150107E+01
030 180 -0.848244E+00
030 -180 -0.848244E+00
050 -165 -0.721569E+00
050 195 -0.721569E+00
050 -150 -0.802788E+00
050 210 -0.802788E+00
050 -130 -0.860902E+00
050 -115 -0.901167E+00
050 -100 -0.973725E+00
050 -085 -0.108299E+01
050 -070 -0.104579E+01
050 -055 -0.101624E+01
050 -040 -0.100664E+01
050 -025 -0.112220E+01
050 -010 -0.100916E+01
050 000 -0.944400E+00
050 015 -0.754750E+00
050 030 -0.814487E+00
050 050 -0.879249E+00
050 070 -0.885014E+00
050 090 -0.105974E+01
050 110 -0.126695E+01
050 130 -0.120808E+01
050 145 -0.104335E+01
050 160 -0.877267E+00
050 -200 -0.877267E+00
050 170 -0.814824E+00
050 -190 -0.814824E+00
050 180 -0.604415E+00
050 -180 -0.604415E+00
070 -165 -0.797484E+00
070 195 -0.797484E+00
070 -150 -0.819055E+00
070 210 -0.819055E+00
070 -130 -0.825355E+00
070 -115 -0.881333E+00
070 -100 -0.971054E+00
070 -085 -0.105925E+01
070 -070 -0.104733E+01
070 -055 -0.104084E+01
070 -040 -0.103292E+01
070 -025 -0.100740E+01
070 -010 -0.882028E+00
070 000 -0.822488E+00
070 015 -0.854316E+00
070 030 -0.900578E+00
070 050 -0.932425E+00
070 070 -0.970491E+00
070 090 -0.116999E+01
070 110 -0.119913E+01
070 130 -0.109486E+01
070 145 -0.978501E+00
070 160 -0.877978E+00
070 -200 -0.877978E+00
070 170 -0.831777E+00
070 -190 -0.831777E+00
090 -165 -0.754901E+00
090 195 -0.754901E+00
090 -150 -0.758463E+00
090 210 -0.758463E+00
090 -130 -0.780843E+00
090 -115 -0.828348E+00
090 -100 -0.905543E+00
090 -085 -0.988685E+00
090 -070 -0.103081E+01
090 -055 -0.101410E+01
090 -040 -0.968746E+00
090 -025 -0.908565E+00
090 -010 -0.896452E+00
090 000 -0.903771E+00
090 015 -0.926997E+00
090 030 -0.941858E+00
090 050 -0.937052E+00
090 070 -0.101185E+01
090 090 -0.113101E+01
090 110 -0.110061E+01
090 130 -0.124655E+01
090 145 -0.976792E+00
090 160 -0.896269E+00
090 -200 -0.896269E+00
090 170 -0.868827E+00
090 -190 -0.868827E+00
090 180 -0.809847E+00
090 -180 -0.809847E+00
110 -165 -0.624652E+00
110 195 -0.624652E+00
110 -150 -0.647051E+00
110 210 -0.647051E+00
110 -130 -0.731102E+00
110 -115 -0.791452E+00
110 -100 -0.852471E+00
110 -085 -0.915661E+00
110 -070 -0.970040E+00
110 -055 -0.976179E+00
110 -040 -0.963038E+00
110 -025 -0.948305E+00
110 -010 -0.936562E+00
110 000 -0.933583E+00
110 015 -0.938914E+00
110 030 -0.935422E+00
110 050 -0.898236E+00
110 070 -0.110765E+01
110 090 -0.110711E+01
110 110 -0.107675E+01
110 130 -0.101809E+01
110 145 -0.947925E+00
110 160 -0.841937E+00
110 -200 -0.841937E+00
110 170 -0.736924E+00
110 -190 -0.736924E+00
110 180 -0.686782E+00
110 -180 -0.686782E+00
130 -165 -0.481023E+00
130 195 -0.481023E+00
130 -150 -0.541645E+00
130 210 -0.541645E+00
130 -130 -0.683205E+00
130 -115 -0.778738E+00
130 -100 -0.853666E+00
130 -085 -0.910756E+00
130 -070 -0.969981E+00
130 -055 -0.101095E+01
130 -040 -0.101481E+01
130 -010 -0.939530E+00
130 000 -0.932041E+00
130 015 -0.922651E+00
130 030 -0.909435E+00
130 050 -0.114992E+01
130 070 -0.114524E+01
130 090 -0.110188E+01
130 110 -0.921570E+00
130 130 -0.935430E+00
130 145 -0.783226E+00
130 160 -0.606740E+00
130 -200 -0.606740E+00
130 170 -0.503408E+00
130 -190 -0.503408E+00
130 180 -0.465830E+00
130 -180 -0.465830E+00
150 -165 -0.432109E+00
-210 -165 -0.432109E+00
150 195 -0.432109E+00
150 -150 -0.537026E+00
-210 -150 -0.537026E+00
150 210 -0.537026E+00
150 -130 -0.677942E+00
-210 -130 -0.677942E+00
150 -115 -0.787483E+00
-210 -115 -0.787483E+00
150 -100 -0.874237E+00
-210 -100 -0.874237E+00
150 -085 -0.927452E+00
-210 -085 -0.927452E+00
150 -070 -0.993079E+00
-210 -070 -0.993079E+00
150 -055 -0.102707E+01
-210 -055 -0.102707E+01
150 -040 -0.100401E+01
-210 -040 -0.100401E+01
150 -025 -0.969391E+00
-210 -025 -0.969391E+00
150 -010 -0.940474E+00
-210 -010 -0.940474E+00
150 000 -0.927645E+00
-210 000 -0.927645E+00
150 015 -0.113244E+01
-210 015 -0.113244E+01
150 030 -0.111755E+01
-210 030 -0.111755E+01
150 050 -0.111328E+01
-210 050 -0.111328E+01
150 070 -0.110559E+01
-210 070 -0.110559E+01
150 090 -0.104799E+01
-210 090 -0.104799E+01
150 110 -0.926236E+00
-210 110 -0.926236E+00
150 130 -0.765271E+00
-210 130 -0.765271E+00
150 145 -0.616000E+00
-210 145 -0.616000E+00
150 160 -0.500650E+00
-210 160 -0.500650E+00
150 -200 -0.500650E+00
-210 -200 -0.500650E+00
150 170 -0.447101E+00
-210 170 -0.447101E+00
150 -190 -0.447101E+00
-210 -190 -0.447101E+00
150 180 -0.434981E+00
-210 180 -0.434981E+00
150 -180 -0.434981E+00
-210 -180 -0.434981E+00
165 -165 -0.457259E+00
-195 -165 -0.457259E+00
165 195 -0.457259E+00
165 -150 -0.547703E+00
-195 -150 -0.547703E+00
165 210 -0.547703E+00
165 -130 -0.708872E+00
-195 -130 -0.708872E+00
165 -115 -0.803874E+00
-195 -115 -0.803874E+00
165 -100 -0.901476E+00
-195 -100 -0.901476E+00
165 -085 -0.943268E+00
-195 -085 -0.943268E+00
165 -070 -0.101434E+01
-195 -070 -0.101434E+01
165 -055 -0.102382E+01
-195 -055 -0.102382E+01
165 -040 -0.100605E+01
-195 -040 -0.100605E+01
165 -025 -0.978327E+00
-195 -025 -0.978327E+00
165 -010 -0.106899E+01
-195 -010 -0.106899E+01
165 000 -0.111348E+01
-195 000 -0.111348E+01
165 015 -0.111068E+01
-195 015 -0.111068E+01
165 030 -0.106903E+01
-195 030 -0.106903E+01
165 050 -0.105164E+01
-195 050 -0.105164E+01
165 070 -0.102443E+01
-195 070 -0.102443E+01
165 090 -0.944914E+00
-195 090 -0.944914E+00
165 110 -0.850291E+00
-195 110 -0.850291E+00
165 130 -0.710627E+00
-195 130 -0.710627E+00
165 145 -0.607128E+00
-195 145 -0.607128E+00
165 160 -0.509329E+00
-195 160 -0.509329E+00
165 -200 -0.509329E+00
-195 -200 -0.509329E+00
165 170 -0.456496E+00
-195 170 -0.456496E+00
165 -190 -0.456496E+00
-195 -190 -0.456496E+00
165 180 -0.437151E+00
-195 180 -0.437151E+00
165 -180 -0.437151E+00
-195 -180 -0.437151E+00
180 -165 -0.489321E+00
-180 -165 -0.489321E+00
180 195 -0.489321E+00
180 -150 -0.579794E+00
-180 -150 -0.579794E+00
180 210 -0.579794E+00
180 -130 -0.734097E+00
-180 -130 -0.734097E+00
180 -115 -0.836467E+00
-180 -115 -0.836467E+00
180 -100 -0.936783E+00
-180 -100 -0.936783E+00
180 -085 -0.982823E+00
-180 -085 -0.982823E+00
180 -070 -0.100768E+01
-180 -070 -0.100768E+01
180 -055 -0.102482E+01
-180 -055 -0.102482E+01
180 -040 -0.100635E+01
-180 -040 -0.100635E+01
180 -025 -0.991295E+00
-180 -025 -0.991295E+00
180 -010 -0.109489E+01
-180 -010 -0.109489E+01
180 000 -0.109119E+01
-180 000 -0.109119E+01
180 015 -0.105985E+01
-180 015 -0.105985E+01
180 030 -0.102302E+01
-180 030 -0.102302E+01
180 070 -0.970994E+00
-180 070 -0.970994E+00
180 090 -0.918222E+00
-180 090 -0.918222E+00
180 110 -0.824556E+00
-180 110 -0.824556E+00
180 130 -0.706901E+00
-180 130 -0.706901E+00
180 145 -0.616708E+00
-180 145 -0.616708E+00
180 160 -0.532399E+00
-180 160 -0.532399E+00
180 -200 -0.532399E+00
-180 -200 -0.532399E+00
180 170 -0.485034E+00
-180 170 -0.485034E+00
180 -190 -0.485034E+00
-180 -190 -0.485034E+00
180 180 -0.465879E+00
-180 180 -0.465879E+00
180 -180 -0.465879E+00
-180 -180 -0.465879E+00
