PHI PSI J_11_14
-165 -165 0.103547E+01
195 -165 0.103547E+01
-165 195 0.103547E+01
195 195 0.103547E+01
-165 -150 0.119205E+01
195 -150 0.119205E+01
-165 210 0.119205E+01
195 210 0.119205E+01
-165 -130 0.127793E+01
195 -130 0.127793E+01
-165 -115 0.132443E+01
195 -115 0.132443E+01
-165 -100 0.134416E+01
195 -100 0.134416E+01
-165 -085 0.101912E+01
195 -085 0.101912E+01
-165 -070 0.660038E+00
195 -070 0.660038E+00
-165 -055 0.580152E+00
195 -055 0.580152E+00
-165 -040 0.717584E+00
195 -040 0.717584E+00
-165 -025 0.844271E+00
195 -025 0.844271E+00
-165 -010 -0.579577E+00
195 -010 -0.579577E+00
-165 000 -0.386789E+00
195 000 -0.386789E+00
-165 015 0.103980E-01
195 015 0.103980E-01
-165 030 0.416612E+00
195 030 0.416612E+00
-165 050 0.807817E+00
195 050 0.807817E+00
-165 070 0.845588E+00
195 070 0.845588E+00
-165 090 0.552316E+00
195 090 0.552316E+00
-165 110 0.208474E+00
195 110 0.208474E+00
-165 130 0.471867E-01
195 130 0.471867E-01
-165 145 0.140809E+00
195 145 0.140809E+00
-165 160 0.366772E+00
195 160 0.366772E+00
-165 -200 0.366772E+00
-165 170 0.570263E+00
195 170 0.570263E+00
-165 -190 0.570263E+00
-165 180 0.825750E+00
195 180 0.825750E+00
-165 -180 0.825750E+00
-150 -165 0.121780E+01
210 -165 0.121780E+01
-150 195 0.121780E+01
210 195 0.121780E+01
-150 -150 0.127556E+01
210 -150 0.127556E+01
-150 210 0.127556E+01
210 210 0.127556E+01
-150 -130 0.134986E+01
210 -130 0.134986E+01
-150 -115 0.148845E+01
210 -115 0.148845E+01
-150 -100 0.162543E+01
210 -100 0.162543E+01
-150 -085 0.131681E+01
210 -085 0.131681E+01
-150 -070 0.974866E+00
210 -070 0.974866E+00
-150 -055 0.823426E+00
210 -055 0.823426E+00
-150 -040 0.847115E+00
210 -040 0.847115E+00
-150 -025 0.950087E+00
210 -025 0.950087E+00
-150 -010 -0.165355E-01
210 -010 -0.165355E-01
-150 000 0.172728E+00
210 000 0.172728E+00
-150 015 0.489812E+00
210 015 0.489812E+00
-150 030 0.821968E+00
210 030 0.821968E+00
-150 050 0.117559E+01
210 050 0.117559E+01
-150 070 0.120321E+01
210 070 0.120321E+01
-150 090 0.931695E+00
210 090 0.931695E+00
-150 110 0.628977E+00
210 110 0.628977E+00
-150 130 0.506416E+00
210 130 0.506416E+00
-150 145 0.586176E+00
210 145 0.586176E+00
-150 160 0.774409E+00
210 160 0.774409E+00
-150 -200 0.774409E+00
-150 170 0.924018E+00
210 170 0.924018E+00
-150 -190 0.924018E+00
-125 -165 0.125915E+01
-125 195 0.125915E+01
-125 -150 0.142920E+01
-125 210 0.142920E+01
-125 -130 0.176515E+01
-125 -115 0.191085E+01
-125 -100 0.177438E+01
-125 -085 0.150483E+01
-125 -070 0.113248E+01
-125 -055 0.701221E+00
-125 -040 0.487588E+00
-125 -025 0.431289E+00
-125 -010 0.509716E+00
-125 000 0.638479E+00
-125 015 0.873760E+00
-125 030 0.114833E+01
-125 050 0.141281E+01
-125 070 0.138318E+01
-125 090 0.112374E+01
-125 110 0.867008E+00
-125 130 0.759864E+00
-125 145 0.778860E+00
-125 160 0.894022E+00
-125 -200 0.894022E+00
-125 170 0.103028E+01
-125 -190 0.103028E+01
-100 -165 0.120177E+01
-100 195 0.120177E+01
-100 -150 0.152251E+01
-100 210 0.152251E+01
-100 -130 0.176186E+01
-100 -115 0.175177E+01
-100 -100 0.154695E+01
-100 -085 0.128556E+01
-100 -070 0.907573E+00
-100 -055 0.692134E+00
-100 -040 0.562532E+00
-100 -025 0.505986E+00
-100 -010 0.582948E+00
-100 000 0.654377E+00
-100 015 0.834468E+00
-100 030 0.106916E+01
-100 050 0.125586E+01
-100 070 0.116504E+01
-100 090 0.873850E+00
-100 110 0.602259E+00
-100 130 0.467260E+00
-100 145 0.477637E+00
-100 160 0.577582E+00
-100 -200 0.577582E+00
-100 170 0.689434E+00
-100 -190 0.689434E+00
-085 -165 0.940193E+00
-085 195 0.940193E+00
-085 -150 0.129895E+01
-085 210 0.129895E+01
-085 -130 0.151013E+01
-085 -115 0.146842E+01
-085 -100 0.126807E+01
-085 -085 0.964833E+00
-085 -070 0.639695E+00
-085 -055 0.569931E+00
-085 -040 0.480128E+00
-085 -025 0.475667E+00
-085 -010 0.412622E+00
-085 000 0.457782E+00
-085 015 0.621714E+00
-085 030 0.854913E+00
-085 050 0.108611E+01
-085 070 0.949633E+00
-085 090 0.591127E+00
-085 110 0.252145E+00
-085 130 0.817301E-01
-085 145 0.755326E-01
-085 160 0.183538E+00
-085 -200 0.183538E+00
-085 170 0.321499E+00
-085 -190 0.321499E+00
-085 180 0.541998E+00
-085 -180 0.541998E+00
-070 -165 0.472356E+00
-070 195 0.472356E+00
-070 -150 0.903891E+00
-070 210 0.903891E+00
-070 -130 0.113913E+01
-070 -115 0.107058E+01
-070 -100 0.866273E+00
-070 -085 0.535518E+00
-070 -070 0.311065E+00
-070 -055 0.406630E+00
-070 -040 0.453228E+00
-070 -025 0.229533E+00
-070 -010 0.385998E-01
-070 000 0.443868E-01
-070 015 0.271213E+00
-070 030 0.585131E+00
-070 050 0.821270E+00
-070 070 0.630425E+00
-070 090 0.191466E+00
-070 110 -0.182173E+00
-070 130 -0.375599E+00
-070 145 -0.424120E+00
-070 160 -0.324291E+00
-070 -200 -0.324291E+00
-070 170 -0.188039E+00
-070 -190 -0.188039E+00
-055 -165 -0.164875E+00
-055 195 -0.164875E+00
-055 -150 0.354434E+00
-055 210 0.354434E+00
-055 -130 0.647783E+00
-055 -115 0.624676E+00
-055 -100 0.412553E+00
-055 -085 0.186536E+00
-055 -070 0.272662E+00
-055 -055 0.325312E+00
-055 -040 -0.227717E-03
-055 -025 -0.396051E+00
-055 -010 -0.587687E+00
-055 000 -0.511321E+00
-055 015 -0.148486E+00
-055 030 0.230851E+00
-055 050 0.441241E+00
-055 070 0.238666E+00
-055 090 -0.278338E+00
-055 110 -0.669573E+00
-055 130 -0.921469E+00
-055 145 -0.912198E+00
-055 160 -0.901553E+00
-055 -200 -0.901553E+00
-055 170 -0.818474E+00
-055 -190 -0.818474E+00
-055 180 -0.628116E+00
-055 -180 -0.628116E+00
-040 -165 -0.974478E+00
-040 195 -0.974478E+00
-040 -150 -0.339977E+00
-040 210 -0.339977E+00
-040 -130 0.746876E-01
-040 -115 0.232053E+00
-040 -100 0.281812E+00
-040 -085 0.648637E+00
-040 -070 0.325197E+00
-040 -055 -0.247879E+00
-040 -040 -0.819021E+00
-040 -025 -0.121995E+01
-040 -010 -0.122946E+01
-040 000 -0.965813E+00
-040 015 -0.403429E+00
-040 030 -0.121997E+00
-040 050 0.686114E-01
-040 070 -0.156519E+00
-040 090 -0.688518E+00
-040 110 -0.971946E+00
-040 130 -0.137857E+01
-040 145 -0.156743E+01
-040 160 -0.166439E+01
-040 -200 -0.166439E+01
-040 170 -0.164817E+01
-040 -190 -0.164817E+01
-040 180 -0.150925E+01
-040 -180 -0.150925E+01
-025 -165 -0.182358E+01
-025 195 -0.182358E+01
-025 -150 -0.963692E+00
-025 210 -0.963692E+00
-025 -130 0.117116E+01
-025 -115 0.118101E+01
-025 -100 0.111207E+01
-025 -085 0.739863E+00
-025 -070 -0.308405E-01
-025 -055 -0.937871E+00
-025 -040 -0.159298E+01
-025 -025 -0.188471E+01
-025 -010 -0.917191E+00
-025 000 -0.673760E+00
-025 015 -0.295977E+00
-025 030 -0.102186E+00
-025 050 -0.567213E-03
-025 070 -0.206167E+00
-025 090 -0.382227E+00
-025 110 -0.106219E+01
-025 130 -0.182175E+01
-025 145 -0.225342E+01
-025 160 -0.246438E+01
-025 -200 -0.246438E+01
-025 170 -0.250530E+01
-025 -190 -0.250530E+01
-025 180 -0.236091E+01
-025 -180 -0.236091E+01
-010 -150 0.884829E+00
-010 210 0.884829E+00
-010 -130 0.999935E+00
-010 -115 0.106788E+01
-010 -100 0.976872E+00
-010 -085 0.468350E+00
-010 -070 -0.695654E+00
-010 -055 -0.167589E+01
-010 -040 -0.194152E+01
-010 -025 -0.899153E+00
-010 -010 -0.695741E+00
-010 000 -0.494847E+00
-010 015 -0.226556E+00
-010 030 -0.146978E-01
-010 050 0.173918E+00
-010 070 0.382267E+00
-010 090 -0.220240E+00
-010 110 -0.143826E+01
-010 130 -0.235618E+01
-010 145 -0.277347E+01
-010 160 -0.300170E+01
-010 -200 -0.300170E+01
-010 170 -0.301366E+01
-010 -190 -0.301366E+01
-010 180 -0.280748E+01
-010 -180 -0.280748E+01
000 -165 0.606837E+00
000 195 0.606837E+00
000 -150 0.732117E+00
000 210 0.732117E+00
000 -115 0.934042E+00
000 -100 0.832392E+00
000 -085 0.217601E+00
000 -070 -0.100011E+01
000 -055 -0.174877E+01
000 -040 -0.921079E+00
000 -025 -0.744540E+00
000 -010 -0.647526E+00
000 000 -0.472082E+00
000 015 -0.214966E+00
000 030 0.375032E-01
000 050 0.380858E+00
000 070 0.299328E+00
000 090 -0.448725E+00
000 110 -0.174023E+01
000 130 -0.257286E+01
000 145 -0.292167E+01
000 160 -0.308626E+01
000 -200 -0.308626E+01
000 170 -0.285341E+01
000 -190 -0.285341E+01
000 180 0.419116E+00
000 -180 0.419116E+00
015 -150 0.409676E+00
015 210 0.409676E+00
015 -130 0.668039E+00
015 -115 0.792301E+00
015 -100 0.623587E+00
015 -085 -0.201414E-01
015 -070 -0.933739E+00
015 -055 -0.467686E+00
015 -040 -0.659725E+00
015 -025 -0.731921E+00
015 -010 -0.655716E+00
015 000 -0.504773E+00
015 015 -0.198251E+00
015 030 0.817534E-01
015 070 0.235514E-01
015 090 -0.858639E+00
015 110 -0.195672E+01
015 130 -0.252162E+01
015 145 -0.263629E+01
015 160 -0.197249E+00
015 -200 -0.197249E+00
015 170 -0.163120E+00
015 -190 -0.163120E+00
015 180 0.479661E-03
015 -180 0.479661E-03
030 -150 0.144407E+00
030 210 0.144407E+00
030 -130 0.509432E+00
030 -115 0.658452E+00
030 -100 0.547438E+00
030 -085 0.200588E+00
030 -070 -0.237536E+00
030 -055 -0.567169E+00
030 -040 -0.725413E+00
030 -025 -0.814445E+00
030 -010 -0.692222E+00
030 000 -0.541273E+00
030 015 -0.282234E+00
030 030 -0.742928E-01
030 050 0.243022E-01
030 070 -0.274414E+00
030 090 -0.904641E+00
030 110 -0.163814E+01
030 130 -0.166877E+01
030 145 -0.875744E+00
030 160 -0.864144E+00
030 -200 -0.864144E+00
030 170 -0.466824E+00
030 -190 -0.466824E+00
030 180 -0.510867E+00
030 -180 -0.510867E+00
050 -165 -0.323252E+00
050 195 -0.323252E+00
050 -150 0.318787E-01
050 210 0.318787E-01
050 -130 0.439683E+00
050 -115 0.444177E+00
050 -100 0.236604E+00
050 -085 -0.907523E-01
050 -070 -0.495653E+00
050 -055 -0.831968E+00
050 -040 -0.974485E+00
050 -025 -0.132284E+01
050 -010 -0.812584E+00
050 000 -0.670665E+00
050 015 -0.464608E+00
050 030 -0.245421E+00
050 050 -0.211333E+00
050 070 -0.303047E+00
050 090 -0.212929E+00
050 110 -0.884038E+00
050 130 -0.131011E+01
050 145 -0.133960E+01
050 160 -0.111897E+01
050 -200 -0.111897E+01
050 170 -0.887517E+00
050 -190 -0.887517E+00
050 180 -0.666987E+00
050 -180 -0.666987E+00
070 -165 -0.831384E-01
070 195 -0.831384E-01
070 -150 0.244613E+00
070 210 0.244613E+00
070 -130 0.562716E+00
070 -115 0.592727E+00
070 -100 0.481726E+00
070 -085 0.222879E+00
070 -070 -0.175698E+00
070 -055 -0.519070E+00
070 -040 -0.680402E+00
070 -025 -0.696090E+00
070 -010 -0.597857E+00
070 000 -0.488888E+00
070 015 -0.335703E+00
070 030 -0.253520E+00
070 050 -0.102018E+00
070 070 0.626445E-01
070 090 -0.326074E+00
070 110 -0.890238E+00
070 130 -0.116238E+01
070 145 -0.111251E+01
070 160 -0.894674E+00
070 -200 -0.894674E+00
070 170 -0.650463E+00
070 -190 -0.650463E+00
090 -165 -0.355812E+00
090 195 -0.355812E+00
090 -150 0.191336E+00
090 210 0.191336E+00
090 -130 0.416456E+00
090 -115 0.603369E+00
090 -100 0.668322E+00
090 -085 0.547750E+00
090 -070 0.219916E+00
090 -055 -0.104401E+00
090 -040 -0.297886E+00
090 -025 -0.366581E+00
090 -010 -0.302813E+00
090 000 -0.213674E+00
090 015 -0.964006E-01
090 030 0.762636E-01
090 050 0.263478E+00
090 070 0.269809E+00
090 090 -0.301536E+00
090 110 -0.675150E+00
090 130 -0.687564E+00
090 145 -0.809476E+00
090 160 -0.774966E+00
090 -200 -0.774966E+00
090 170 -0.631516E+00
090 -190 -0.631516E+00
090 180 -0.533228E+00
090 -180 -0.533228E+00
110 -165 -0.797442E+00
110 195 -0.797442E+00
110 -150 -0.301847E+00
110 210 -0.301847E+00
110 -130 0.221986E+00
110 -115 0.316141E+00
110 -100 0.427226E+00
110 -085 0.389815E+00
110 -070 0.212489E+00
110 -055 -0.101361E-01
110 -040 -0.195089E+00
110 -025 -0.224533E+00
110 -010 -0.700197E-01
110 000 0.395798E-01
110 015 0.195466E+00
110 030 0.345238E+00
110 050 0.478533E+00
110 070 -0.169315E+00
110 090 -0.397909E+00
110 110 -0.668728E+00
110 130 -0.941680E+00
110 145 -0.121068E+01
110 160 -0.147585E+01
110 -200 -0.147585E+01
110 170 -0.164366E+01
110 -190 -0.164366E+01
110 180 -0.136872E+01
110 -180 -0.136872E+01
130 -165 -0.113501E+01
130 195 -0.113501E+01
130 -150 -0.501240E+00
130 210 -0.501240E+00
130 -130 0.927066E-01
130 -115 0.323398E+00
130 -100 0.332306E+00
130 -085 0.285487E+00
130 -070 0.327297E-01
130 -055 -0.129819E+00
130 -040 -0.246577E+00
130 -010 0.538118E-01
130 000 0.173237E+00
130 015 0.347478E+00
130 030 0.486759E+00
130 050 -0.802912E+00
130 070 -0.496228E+00
130 090 -0.466378E+00
130 110 -0.854596E+00
130 130 -0.209271E+01
130 145 -0.266879E+01
130 160 -0.274824E+01
130 -200 -0.274824E+01
130 170 -0.250787E+01
130 -190 -0.250787E+01
130 180 -0.197934E+01
130 -180 -0.197934E+01
150 -165 -0.604361E+00
-210 -165 -0.604361E+00
150 195 -0.604361E+00
150 -150 -0.158113E-01
-210 -150 -0.158113E-01
150 210 -0.158113E-01
150 -130 0.433997E+00
-210 -130 0.433997E+00
150 -115 0.590147E+00
-210 -115 0.590147E+00
150 -100 0.569994E+00
-210 -100 0.569994E+00
150 -085 0.427041E+00
-210 -085 0.427041E+00
150 -070 0.149128E+00
-210 -070 0.149128E+00
150 -055 -0.105682E+00
-210 -055 -0.105682E+00
150 -040 -0.188923E+00
-210 -040 -0.188923E+00
150 -025 -0.517319E-01
-210 -025 -0.517319E-01
150 -010 0.192474E+00
-210 -010 0.192474E+00
150 000 0.338200E+00
-210 000 0.338200E+00
150 015 -0.223471E+01
-210 015 -0.223471E+01
150 030 -0.158353E+01
-210 030 -0.158353E+01
150 050 -0.827529E+00
-210 050 -0.827529E+00
150 070 -0.357364E+00
-210 070 -0.357364E+00
150 090 -0.575867E+00
-210 090 -0.575867E+00
150 110 -0.182899E+01
-210 110 -0.182899E+01
150 130 -0.231456E+01
-210 130 -0.231456E+01
150 145 -0.230369E+01
-210 145 -0.230369E+01
150 160 -0.204877E+01
-210 160 -0.204877E+01
150 -200 -0.204877E+01
-210 -200 -0.204877E+01
150 170 -0.173923E+01
-210 170 -0.173923E+01
150 -190 -0.173923E+01
-210 -190 -0.173923E+01
150 180 -0.131857E+01
-210 180 -0.131857E+01
150 -180 -0.131857E+01
-210 -180 -0.131857E+01
165 -165 0.336008E-01
-195 -165 0.336008E-01
165 195 0.336008E-01
165 -150 0.467444E+00
-195 -150 0.467444E+00
165 210 0.467444E+00
165 -130 0.794373E+00
-195 -130 0.794373E+00
165 -115 0.891000E+00
-195 -115 0.891000E+00
165 -100 0.868876E+00
-195 -100 0.868876E+00
165 -085 0.655066E+00
-195 -085 0.655066E+00
165 -070 0.283119E+00
-195 -070 0.283119E+00
165 -055 -0.313715E-01
-195 -055 -0.313715E-01
165 -040 -0.397874E-02
-195 -040 -0.397874E-02
165 -025 0.199209E+00
-195 -025 0.199209E+00
165 -010 -0.230572E+01
-195 -010 -0.230572E+01
165 000 -0.203791E+01
-195 000 -0.203791E+01
165 015 -0.149693E+01
-195 015 -0.149693E+01
165 030 -0.932633E+00
-195 030 -0.932633E+00
165 050 -0.345730E+00
-195 050 -0.345730E+00
165 070 -0.197081E+00
-195 070 -0.197081E+00
165 090 -0.728050E+00
-195 090 -0.728050E+00
165 110 -0.126556E+01
-195 110 -0.126556E+01
165 130 -0.150180E+01
-195 130 -0.150180E+01
165 145 -0.142095E+01
-195 145 -0.142095E+01
165 160 -0.116704E+01
-195 160 -0.116704E+01
165 -200 -0.116704E+01
-195 -200 -0.116704E+01
165 170 -0.903974E+00
-195 170 -0.903974E+00
165 -190 -0.903974E+00
-195 -190 -0.903974E+00
165 180 -0.544643E+00
-195 180 -0.544643E+00
165 -180 -0.544643E+00
-195 -180 -0.544643E+00
180 -165 0.622652E+00
-180 -165 0.622652E+00
180 195 0.622652E+00
180 -150 0.919474E+00
-180 -150 0.919474E+00
180 210 0.919474E+00
180 -130 0.110313E+01
-180 -130 0.110313E+01
180 -115 0.115354E+01
-180 -115 0.115354E+01
180 -100 0.113891E+01
-180 -100 0.113891E+01
180 -085 0.810567E+00
-180 -085 0.810567E+00
180 -070 0.281891E+00
-180 -070 0.281891E+00
180 -055 0.257011E+00
-180 -055 0.257011E+00
180 -040 0.372750E+00
-180 -040 0.372750E+00
180 -025 0.557081E+00
-180 -025 0.557081E+00
180 -010 -0.140515E+01
-180 -010 -0.140515E+01
180 000 -0.115471E+01
-180 000 -0.115471E+01
180 015 -0.692584E+00
-180 015 -0.692584E+00
180 030 -0.199168E+00
-180 030 -0.199168E+00
180 070 0.305763E+00
-180 070 0.305763E+00
180 090 -0.462346E-01
-180 090 -0.462346E-01
180 110 -0.464803E+00
-180 110 -0.464803E+00
180 130 -0.657197E+00
-180 130 -0.657197E+00
180 145 -0.573193E+00
-180 145 -0.573193E+00
180 160 -0.318761E+00
-180 160 -0.318761E+00
180 -200 -0.318761E+00
-180 -200 -0.318761E+00
180 170 -0.744238E-01
-180 170 -0.744238E-01
180 -190 -0.744238E-01
-180 -190 -0.744238E-01
180 180 0.206514E+00
-180 180 0.206514E+00
180 -180 0.206514E+00
-180 -180 0.206514E+00
