PHI PSI J_14_16
-165 -165 -0.460691E+01
195 -165 -0.460691E+01
-165 195 -0.460691E+01
195 195 -0.460691E+01
-165 -150 -0.500359E+01
195 -150 -0.500359E+01
-165 210 -0.500359E+01
195 210 -0.500359E+01
-165 -130 -0.539971E+01
195 -130 -0.539971E+01
-165 -115 -0.568772E+01
195 -115 -0.568772E+01
-165 -100 -0.593739E+01
195 -100 -0.593739E+01
-165 -085 -0.635528E+01
195 -085 -0.635528E+01
-165 -070 -0.631558E+01
195 -070 -0.631558E+01
-165 -055 -0.594615E+01
195 -055 -0.594615E+01
-165 -040 -0.554836E+01
195 -040 -0.554836E+01
-165 -025 -0.533303E+01
195 -025 -0.533303E+01
-165 -010 -0.598648E+01
195 -010 -0.598648E+01
-165 000 -0.592867E+01
195 000 -0.592867E+01
-165 015 -0.571392E+01
195 015 -0.571392E+01
-165 030 -0.540358E+01
195 030 -0.540358E+01
-165 050 -0.487149E+01
195 050 -0.487149E+01
-165 070 -0.435862E+01
195 070 -0.435862E+01
-165 090 -0.380685E+01
195 090 -0.380685E+01
-165 110 -0.343944E+01
195 110 -0.343944E+01
-165 130 -0.347652E+01
195 130 -0.347652E+01
-165 145 -0.363272E+01
195 145 -0.363272E+01
-165 160 -0.387524E+01
195 160 -0.387524E+01
-165 -200 -0.387524E+01
-165 170 -0.405875E+01
195 170 -0.405875E+01
-165 -190 -0.405875E+01
-165 180 -0.426417E+01
195 180 -0.426417E+01
-165 -180 -0.426417E+01
-150 -165 -0.496770E+01
210 -165 -0.496770E+01
-150 195 -0.496770E+01
210 195 -0.496770E+01
-150 -150 -0.540606E+01
210 -150 -0.540606E+01
-150 210 -0.540606E+01
210 210 -0.540606E+01
-150 -130 -0.591619E+01
210 -130 -0.591619E+01
-150 -115 -0.621154E+01
210 -115 -0.621154E+01
-150 -100 -0.661281E+01
210 -100 -0.661281E+01
-150 -085 -0.662867E+01
210 -085 -0.662867E+01
-150 -070 -0.653345E+01
210 -070 -0.653345E+01
-150 -055 -0.629843E+01
210 -055 -0.629843E+01
-150 -040 -0.607550E+01
210 -040 -0.607550E+01
-150 -025 -0.668290E+01
210 -025 -0.668290E+01
-150 -010 -0.612361E+01
210 -010 -0.612361E+01
-150 000 -0.609525E+01
210 000 -0.609525E+01
-150 015 -0.582060E+01
210 015 -0.582060E+01
-150 030 -0.550294E+01
210 030 -0.550294E+01
-150 050 -0.502395E+01
210 050 -0.502395E+01
-150 070 -0.442302E+01
210 070 -0.442302E+01
-150 090 -0.385270E+01
210 090 -0.385270E+01
-150 110 -0.351624E+01
210 110 -0.351624E+01
-150 130 -0.355206E+01
210 130 -0.355206E+01
-150 145 -0.376334E+01
210 145 -0.376334E+01
-150 160 -0.406530E+01
210 160 -0.406530E+01
-150 -200 -0.406530E+01
-150 170 -0.425285E+01
210 170 -0.425285E+01
-150 -190 -0.425285E+01
-125 -165 -0.542668E+01
-125 195 -0.542668E+01
-125 -150 -0.595713E+01
-125 210 -0.595713E+01
-125 -130 -0.658053E+01
-125 -115 -0.675051E+01
-125 -100 -0.677050E+01
-125 -085 -0.670545E+01
-125 -070 -0.661149E+01
-125 -055 -0.648136E+01
-125 -040 -0.617636E+01
-125 -025 -0.599151E+01
-125 -010 -0.586621E+01
-125 000 -0.583293E+01
-125 015 -0.563778E+01
-125 030 -0.534789E+01
-125 050 -0.484613E+01
-125 070 -0.413945E+01
-125 090 -0.356178E+01
-125 110 -0.330657E+01
-125 130 -0.345440E+01
-125 145 -0.389017E+01
-125 160 -0.412198E+01
-125 -200 -0.412198E+01
-125 170 -0.480378E+01
-125 -190 -0.480378E+01
-100 -165 -0.526371E+01
-100 195 -0.526371E+01
-100 -150 -0.590633E+01
-100 210 -0.590633E+01
-100 -130 -0.638650E+01
-100 -115 -0.652402E+01
-100 -100 -0.650170E+01
-100 -085 -0.646243E+01
-100 -070 -0.623583E+01
-100 -055 -0.587422E+01
-100 -040 -0.558076E+01
-100 -025 -0.552154E+01
-100 -010 -0.536549E+01
-100 000 -0.529641E+01
-100 015 -0.517963E+01
-100 030 -0.488924E+01
-100 050 -0.423344E+01
-100 070 -0.346886E+01
-100 090 -0.285092E+01
-100 110 -0.275153E+01
-100 130 -0.302849E+01
-100 145 -0.332157E+01
-100 160 -0.381984E+01
-100 -200 -0.381984E+01
-100 170 -0.417193E+01
-100 -190 -0.417193E+01
-085 -165 -0.490472E+01
-085 195 -0.490472E+01
-085 -150 -0.561025E+01
-085 210 -0.561025E+01
-085 -130 -0.608201E+01
-085 -115 -0.630961E+01
-085 -100 -0.624265E+01
-085 -085 -0.619424E+01
-085 -070 -0.598122E+01
-085 -055 -0.564889E+01
-085 -040 -0.528219E+01
-085 -025 -0.512425E+01
-085 -010 -0.499821E+01
-085 000 -0.504870E+01
-085 015 -0.503152E+01
-085 030 -0.452308E+01
-085 050 -0.384034E+01
-085 070 -0.314900E+01
-085 090 -0.253226E+01
-085 110 -0.228769E+01
-085 130 -0.252424E+01
-085 145 -0.285294E+01
-085 160 -0.339556E+01
-085 -200 -0.339556E+01
-085 170 -0.377732E+01
-085 -190 -0.377732E+01
-085 180 -0.420725E+01
-085 -180 -0.420725E+01
-070 -165 -0.442806E+01
-070 195 -0.442806E+01
-070 -150 -0.524192E+01
-070 210 -0.524192E+01
-070 -130 -0.581636E+01
-070 -115 -0.599803E+01
-070 -100 -0.603475E+01
-070 -085 -0.594858E+01
-070 -070 -0.559294E+01
-070 -055 -0.527600E+01
-070 -040 -0.501491E+01
-070 -025 -0.503165E+01
-070 -010 -0.496887E+01
-070 000 -0.494739E+01
-070 015 -0.470408E+01
-070 030 -0.432341E+01
-070 050 -0.375889E+01
-070 070 -0.309125E+01
-070 090 -0.246453E+01
-070 110 -0.190741E+01
-070 130 -0.198621E+01
-070 145 -0.230508E+01
-070 160 -0.286439E+01
-070 -200 -0.286439E+01
-070 170 -0.324341E+01
-070 -190 -0.324341E+01
-055 -165 -0.415668E+01
-055 195 -0.415668E+01
-055 -150 -0.510384E+01
-055 210 -0.510384E+01
-055 -130 -0.567553E+01
-055 -115 -0.582717E+01
-055 -100 -0.586458E+01
-055 -085 -0.578345E+01
-055 -070 -0.547478E+01
-055 -055 -0.526152E+01
-055 -040 -0.513535E+01
-055 -025 -0.509494E+01
-055 -010 -0.503713E+01
-055 000 -0.492307E+01
-055 015 -0.461311E+01
-055 030 -0.427350E+01
-055 050 -0.376618E+01
-055 070 -0.317729E+01
-055 090 -0.243255E+01
-055 110 -0.169326E+01
-055 130 -0.146312E+01
-055 145 -0.194391E+01
-055 160 -0.249323E+01
-055 -200 -0.249323E+01
-055 170 -0.290142E+01
-055 -190 -0.290142E+01
-055 180 -0.330470E+01
-055 -180 -0.330470E+01
-040 -165 -0.419902E+01
-040 195 -0.419902E+01
-040 -150 -0.509128E+01
-040 210 -0.509128E+01
-040 -130 -0.566117E+01
-040 -115 -0.589408E+01
-040 -100 -0.586377E+01
-040 -085 -0.588247E+01
-040 -070 -0.572007E+01
-040 -055 -0.552282E+01
-040 -040 -0.537305E+01
-040 -025 -0.526555E+01
-040 -010 -0.503077E+01
-040 000 -0.481260E+01
-040 015 -0.457668E+01
-040 030 -0.438839E+01
-040 050 -0.400753E+01
-040 070 -0.346589E+01
-040 090 -0.263271E+01
-040 110 -0.185822E+01
-040 130 -0.155602E+01
-040 145 -0.181154E+01
-040 160 -0.234940E+01
-040 -200 -0.234940E+01
-040 170 -0.275899E+01
-040 -190 -0.275899E+01
-040 180 -0.318965E+01
-040 -180 -0.318965E+01
-025 -165 -0.426826E+01
-025 195 -0.426826E+01
-025 -150 -0.543069E+01
-025 210 -0.543069E+01
-025 -130 -0.656895E+01
-025 -115 -0.656987E+01
-025 -100 -0.657747E+01
-025 -085 -0.641010E+01
-025 -070 -0.604719E+01
-025 -055 -0.572541E+01
-025 -040 -0.554134E+01
-025 -025 -0.579762E+01
-025 -010 -0.505985E+01
-025 000 -0.511569E+01
-025 015 -0.518010E+01
-025 030 -0.503830E+01
-025 050 -0.468517E+01
-025 070 -0.411864E+01
-025 090 -0.322725E+01
-025 110 -0.218454E+01
-025 130 -0.177559E+01
-025 145 -0.201455E+01
-025 160 -0.254979E+01
-025 -200 -0.254979E+01
-025 170 -0.295240E+01
-025 -190 -0.295240E+01
-025 180 -0.336346E+01
-025 -180 -0.336346E+01
-010 -150 -0.667912E+01
-010 210 -0.667912E+01
-010 -130 -0.683246E+01
-010 -115 -0.692804E+01
-010 -100 -0.695830E+01
-010 -085 -0.679992E+01
-010 -070 -0.635382E+01
-010 -055 -0.607870E+01
-010 -040 -0.596389E+01
-010 -025 -0.587658E+01
-010 -010 -0.589527E+01
-010 000 -0.602216E+01
-010 015 -0.602635E+01
-010 030 -0.594226E+01
-010 050 -0.560924E+01
-010 070 -0.500171E+01
-010 090 -0.381300E+01
-010 110 -0.276855E+01
-010 130 -0.241100E+01
-010 145 -0.260289E+01
-010 160 -0.310062E+01
-010 -200 -0.310062E+01
-010 170 -0.345660E+01
-010 -190 -0.345660E+01
-010 180 -0.405409E+01
-010 -180 -0.405409E+01
000 -165 -0.638447E+01
000 195 -0.638447E+01
000 -150 -0.670931E+01
000 210 -0.670931E+01
000 -115 -0.701033E+01
000 -100 -0.716019E+01
000 -085 -0.702259E+01
000 -070 -0.663329E+01
000 -055 -0.641170E+01
000 -040 -0.638574E+01
000 -025 -0.633427E+01
000 -010 -0.641250E+01
000 000 -0.649975E+01
000 015 -0.651691E+01
000 030 -0.645392E+01
000 050 -0.615641E+01
000 070 -0.510851E+01
000 090 -0.404908E+01
000 110 -0.314062E+01
000 130 -0.292683E+01
000 145 -0.317525E+01
000 160 -0.365381E+01
000 -200 -0.365381E+01
000 170 -0.408865E+01
000 -190 -0.408865E+01
000 180 -0.600057E+01
000 -180 -0.600057E+01
015 -150 -0.628954E+01
015 210 -0.628954E+01
015 -130 -0.677709E+01
015 -115 -0.714324E+01
015 -100 -0.735224E+01
015 -085 -0.733793E+01
015 -070 -0.709041E+01
015 -055 -0.690071E+01
015 -040 -0.676073E+01
015 -025 -0.683710E+01
015 -010 -0.696718E+01
015 000 -0.699567E+01
015 015 -0.707249E+01
015 030 -0.690785E+01
015 070 -0.508182E+01
015 090 -0.435290E+01
015 110 -0.376748E+01
015 130 -0.374734E+01
015 145 -0.398488E+01
015 160 -0.489440E+01
015 -200 -0.489440E+01
015 170 -0.486600E+01
015 -190 -0.486600E+01
015 180 -0.525268E+01
015 -180 -0.525268E+01
030 -150 -0.571106E+01
030 210 -0.571106E+01
030 -130 -0.650726E+01
030 -115 -0.701940E+01
030 -100 -0.734158E+01
030 -085 -0.712731E+01
030 -070 -0.687133E+01
030 -055 -0.680429E+01
030 -040 -0.692122E+01
030 -025 -0.691436E+01
030 -010 -0.709884E+01
030 000 -0.715146E+01
030 015 -0.707567E+01
030 030 -0.636726E+01
030 050 -0.564852E+01
030 070 -0.512277E+01
030 090 -0.466175E+01
030 110 -0.431548E+01
030 130 -0.455399E+01
030 145 -0.326208E+01
030 160 -0.346973E+01
030 -200 -0.346973E+01
030 170 -0.344037E+01
030 -190 -0.344037E+01
030 180 -0.419518E+01
030 -180 -0.419518E+01
050 -165 -0.456740E+01
050 195 -0.456740E+01
050 -150 -0.534442E+01
050 210 -0.534442E+01
050 -130 -0.615218E+01
050 -115 -0.647331E+01
050 -100 -0.653151E+01
050 -085 -0.649706E+01
050 -070 -0.636470E+01
050 -055 -0.622379E+01
050 -040 -0.634779E+01
050 -025 -0.572960E+01
050 -010 -0.653946E+01
050 000 -0.660710E+01
050 015 -0.604988E+01
050 030 -0.585708E+01
050 050 -0.543088E+01
050 070 -0.502690E+01
050 090 -0.399169E+01
050 110 -0.258758E+01
050 130 -0.214740E+01
050 145 -0.241470E+01
050 160 -0.303998E+01
050 -200 -0.303998E+01
050 170 -0.351557E+01
050 -190 -0.351557E+01
050 180 -0.372924E+01
050 -180 -0.372924E+01
070 -165 -0.494382E+01
070 195 -0.494382E+01
070 -150 -0.552007E+01
070 210 -0.552007E+01
070 -130 -0.613253E+01
070 -115 -0.647109E+01
070 -100 -0.667868E+01
070 -085 -0.670260E+01
070 -070 -0.651385E+01
070 -055 -0.632125E+01
070 -040 -0.635132E+01
070 -025 -0.649275E+01
070 -010 -0.656096E+01
070 000 -0.637172E+01
070 015 -0.636697E+01
070 030 -0.618290E+01
070 050 -0.563114E+01
070 070 -0.484277E+01
070 090 -0.292627E+01
070 110 -0.213767E+01
070 130 -0.209754E+01
070 145 -0.254061E+01
070 160 -0.334321E+01
070 -200 -0.334321E+01
070 170 -0.386255E+01
070 -190 -0.386255E+01
090 -165 -0.465388E+01
090 195 -0.465388E+01
090 -150 -0.531119E+01
090 210 -0.531119E+01
090 -130 -0.591745E+01
090 -115 -0.630879E+01
090 -100 -0.670175E+01
090 -085 -0.695978E+01
090 -070 -0.683189E+01
090 -055 -0.666701E+01
090 -040 -0.651572E+01
090 -025 -0.636727E+01
090 -010 -0.634131E+01
090 000 -0.631369E+01
090 015 -0.635521E+01
090 030 -0.603202E+01
090 050 -0.538672E+01
090 070 -0.376687E+01
090 090 -0.242235E+01
090 110 -0.190556E+01
090 130 -0.200699E+01
090 145 -0.250652E+01
090 160 -0.309975E+01
090 -200 -0.309975E+01
090 170 -0.361882E+01
090 -190 -0.361882E+01
090 180 -0.408172E+01
090 -180 -0.408172E+01
110 -165 -0.416149E+01
110 195 -0.416149E+01
110 -150 -0.487904E+01
110 210 -0.487904E+01
110 -130 -0.548139E+01
110 -115 -0.572299E+01
110 -100 -0.597667E+01
110 -085 -0.609884E+01
110 -070 -0.601604E+01
110 -055 -0.575501E+01
110 -040 -0.558291E+01
110 -025 -0.540192E+01
110 -010 -0.553495E+01
110 000 -0.556423E+01
110 015 -0.547385E+01
110 030 -0.515238E+01
110 050 -0.424263E+01
110 070 -0.243874E+01
110 090 -0.177106E+01
110 110 -0.140245E+01
110 130 -0.147708E+01
110 145 -0.184707E+01
110 160 -0.242684E+01
110 -200 -0.242684E+01
110 170 -0.285579E+01
110 -190 -0.285579E+01
110 180 -0.327678E+01
110 -180 -0.327678E+01
130 -165 -0.400937E+01
130 195 -0.400937E+01
130 -150 -0.448279E+01
130 210 -0.448279E+01
130 -130 -0.510259E+01
130 -115 -0.531197E+01
130 -100 -0.535633E+01
130 -085 -0.539263E+01
130 -070 -0.510986E+01
130 -055 -0.481638E+01
130 -040 -0.460044E+01
130 -010 -0.448807E+01
130 000 -0.442270E+01
130 015 -0.425080E+01
130 030 -0.395092E+01
130 050 -0.297675E+01
130 070 -0.215732E+01
130 090 -0.156202E+01
130 110 -0.154136E+01
130 130 -0.162253E+01
130 145 -0.199438E+01
130 160 -0.253013E+01
130 -200 -0.253013E+01
130 170 -0.274230E+01
130 -190 -0.274230E+01
130 180 -0.315995E+01
130 -180 -0.315995E+01
150 -165 -0.405972E+01
-210 -165 -0.405972E+01
150 195 -0.405972E+01
150 -150 -0.455722E+01
-210 -150 -0.455722E+01
150 210 -0.455722E+01
150 -130 -0.502358E+01
-210 -130 -0.502358E+01
150 -115 -0.517425E+01
-210 -115 -0.517425E+01
150 -100 -0.526467E+01
-210 -100 -0.526467E+01
150 -085 -0.522432E+01
-210 -085 -0.522432E+01
150 -070 -0.498875E+01
-210 -070 -0.498875E+01
150 -055 -0.472892E+01
-210 -055 -0.472892E+01
150 -040 -0.443394E+01
-210 -040 -0.443394E+01
150 -025 -0.424180E+01
-210 -025 -0.424180E+01
150 -010 -0.404978E+01
-210 -010 -0.404978E+01
150 000 -0.392695E+01
-210 000 -0.392695E+01
150 015 -0.493273E+01
-210 015 -0.493273E+01
150 030 -0.455051E+01
-210 030 -0.455051E+01
150 050 -0.364664E+01
-210 050 -0.364664E+01
150 070 -0.269172E+01
-210 070 -0.269172E+01
150 090 -0.232423E+01
-210 090 -0.232423E+01
150 110 -0.258195E+01
-210 110 -0.258195E+01
150 130 -0.268753E+01
-210 130 -0.268753E+01
150 145 -0.281515E+01
-210 145 -0.281515E+01
150 160 -0.312950E+01
-210 160 -0.312950E+01
150 -200 -0.312950E+01
-210 -200 -0.312950E+01
150 170 -0.330172E+01
-210 170 -0.330172E+01
150 -190 -0.330172E+01
-210 -190 -0.330172E+01
150 180 -0.355224E+01
-210 180 -0.355224E+01
150 -180 -0.355224E+01
-210 -180 -0.355224E+01
165 -165 -0.424333E+01
-195 -165 -0.424333E+01
165 195 -0.424333E+01
165 -150 -0.463871E+01
-195 -150 -0.463871E+01
165 210 -0.463871E+01
165 -130 -0.502716E+01
-195 -130 -0.502716E+01
165 -115 -0.524100E+01
-195 -115 -0.524100E+01
165 -100 -0.534973E+01
-195 -100 -0.534973E+01
165 -085 -0.538290E+01
-195 -085 -0.538290E+01
165 -070 -0.533377E+01
-195 -070 -0.533377E+01
165 -055 -0.514481E+01
-195 -055 -0.514481E+01
165 -040 -0.476863E+01
-195 -040 -0.476863E+01
165 -025 -0.446670E+01
-195 -025 -0.446670E+01
165 -010 -0.554024E+01
-195 -010 -0.554024E+01
165 000 -0.547413E+01
-195 000 -0.547413E+01
165 015 -0.524397E+01
-195 015 -0.524397E+01
165 030 -0.488559E+01
-195 030 -0.488559E+01
165 050 -0.419235E+01
-195 050 -0.419235E+01
165 070 -0.362412E+01
-195 070 -0.362412E+01
165 090 -0.337426E+01
-195 090 -0.337426E+01
165 110 -0.311908E+01
-195 110 -0.311908E+01
165 130 -0.309616E+01
-195 130 -0.309616E+01
165 145 -0.321540E+01
-195 145 -0.321540E+01
165 160 -0.345031E+01
-195 160 -0.345031E+01
165 -200 -0.345031E+01
-195 -200 -0.345031E+01
165 170 -0.360977E+01
-195 170 -0.360977E+01
165 -190 -0.360977E+01
-195 -190 -0.360977E+01
165 180 -0.380977E+01
-195 180 -0.380977E+01
165 -180 -0.380977E+01
-195 -180 -0.380977E+01
180 -165 -0.438947E+01
-180 -165 -0.438947E+01
180 195 -0.438947E+01
180 -150 -0.479489E+01
-180 -150 -0.479489E+01
180 210 -0.479489E+01
180 -130 -0.521007E+01
-180 -130 -0.521007E+01
180 -115 -0.536445E+01
-180 -115 -0.536445E+01
180 -100 -0.553022E+01
-180 -100 -0.553022E+01
180 -085 -0.591245E+01
-180 -085 -0.591245E+01
180 -070 -0.597011E+01
-180 -070 -0.597011E+01
180 -055 -0.554892E+01
-180 -055 -0.554892E+01
180 -040 -0.515841E+01
-180 -040 -0.515841E+01
180 -025 -0.483799E+01
-180 -025 -0.483799E+01
180 -010 -0.579909E+01
-180 -010 -0.579909E+01
180 000 -0.568631E+01
-180 000 -0.568631E+01
180 015 -0.550264E+01
-180 015 -0.550264E+01
180 030 -0.517006E+01
-180 030 -0.517006E+01
180 070 -0.413522E+01
-180 070 -0.413522E+01
180 090 -0.366356E+01
-180 090 -0.366356E+01
180 110 -0.333494E+01
-180 110 -0.333494E+01
180 130 -0.332693E+01
-180 130 -0.332693E+01
180 145 -0.346049E+01
-180 145 -0.346049E+01
180 160 -0.367051E+01
-180 160 -0.367051E+01
180 -200 -0.367051E+01
-180 -200 -0.367051E+01
180 170 -0.385870E+01
-180 170 -0.385870E+01
180 -190 -0.385870E+01
-180 -190 -0.385870E+01
180 180 -0.402763E+01
-180 180 -0.402763E+01
180 -180 -0.402763E+01
-180 -180 -0.402763E+01
