PHI PSI J_6_10
-165 -165 0.364060E+02
195 -165 0.364060E+02
-165 195 0.364060E+02
195 195 0.364060E+02
-165 -150 0.364044E+02
195 -150 0.364044E+02
-165 210 0.364044E+02
195 210 0.364044E+02
-165 -130 0.364668E+02
195 -130 0.364668E+02
-165 -115 0.362818E+02
195 -115 0.362818E+02
-165 -100 0.362453E+02
195 -100 0.362453E+02
-165 -085 0.360989E+02
195 -085 0.360989E+02
-165 -070 0.360587E+02
195 -070 0.360587E+02
-165 -055 0.361000E+02
195 -055 0.361000E+02
-165 -040 0.361125E+02
195 -040 0.361125E+02
-165 -025 0.361648E+02
195 -025 0.361648E+02
-165 -010 0.362694E+02
195 -010 0.362694E+02
-165 000 0.362338E+02
195 000 0.362338E+02
-165 015 0.361742E+02
195 015 0.361742E+02
-165 030 0.361434E+02
195 030 0.361434E+02
-165 050 0.360997E+02
195 050 0.360997E+02
-165 070 0.361407E+02
195 070 0.361407E+02
-165 090 0.361745E+02
195 090 0.361745E+02
-165 110 0.362344E+02
195 110 0.362344E+02
-165 130 0.363044E+02
195 130 0.363044E+02
-165 145 0.363324E+02
195 145 0.363324E+02
-165 160 0.363636E+02
195 160 0.363636E+02
-165 -200 0.363636E+02
-165 170 0.363872E+02
195 170 0.363872E+02
-165 -190 0.363872E+02
-165 180 0.368973E+02
195 180 0.368973E+02
-165 -180 0.368973E+02
-150 -165 0.363016E+02
210 -165 0.363016E+02
-150 195 0.363016E+02
210 195 0.363016E+02
-150 -150 0.362860E+02
210 -150 0.362860E+02
-150 210 0.362860E+02
210 210 0.362860E+02
-150 -130 0.361815E+02
210 -130 0.361815E+02
-150 -115 0.360757E+02
210 -115 0.360757E+02
-150 -100 0.360832E+02
210 -100 0.360832E+02
-150 -085 0.360362E+02
210 -085 0.360362E+02
-150 -070 0.360288E+02
210 -070 0.360288E+02
-150 -055 0.359961E+02
210 -055 0.359961E+02
-150 -040 0.360028E+02
210 -040 0.360028E+02
-150 -025 0.349211E+02
210 -025 0.349211E+02
-150 -010 0.361908E+02
210 -010 0.361908E+02
-150 000 0.362076E+02
210 000 0.362076E+02
-150 015 0.360917E+02
210 015 0.360917E+02
-150 030 0.360805E+02
210 030 0.360805E+02
-150 050 0.361371E+02
210 050 0.361371E+02
-150 070 0.361392E+02
210 070 0.361392E+02
-150 090 0.361657E+02
210 090 0.361657E+02
-150 110 0.363000E+02
210 110 0.363000E+02
-150 130 0.362538E+02
210 130 0.362538E+02
-150 145 0.362914E+02
210 145 0.362914E+02
-150 160 0.362873E+02
210 160 0.362873E+02
-150 -200 0.362873E+02
-150 170 0.362876E+02
210 170 0.362876E+02
-150 -190 0.362876E+02
-125 -165 0.360172E+02
-125 195 0.360172E+02
-125 -150 0.358913E+02
-125 210 0.358913E+02
-125 -130 0.358302E+02
-125 -115 0.358522E+02
-125 -100 0.358780E+02
-125 -085 0.359116E+02
-125 -070 0.360030E+02
-125 -055 0.360745E+02
-125 -040 0.360683E+02
-125 -025 0.361337E+02
-125 -010 0.360687E+02
-125 000 0.360106E+02
-125 015 0.360051E+02
-125 030 0.360571E+02
-125 050 0.361886E+02
-125 070 0.361771E+02
-125 090 0.362036E+02
-125 110 0.361784E+02
-125 130 0.362292E+02
-125 145 0.378940E+02
-125 160 0.361771E+02
-125 -200 0.361771E+02
-125 170 0.361023E+02
-125 -190 0.361023E+02
-100 -165 0.359086E+02
-100 195 0.359086E+02
-100 -150 0.357608E+02
-100 210 0.357608E+02
-100 -130 0.356057E+02
-100 -115 0.356659E+02
-100 -100 0.357049E+02
-100 -085 0.358309E+02
-100 -070 0.360087E+02
-100 -055 0.360663E+02
-100 -040 0.360568E+02
-100 -025 0.360917E+02
-100 -010 0.358937E+02
-100 000 0.359217E+02
-100 015 0.361363E+02
-100 030 0.364417E+02
-100 050 0.366950E+02
-100 070 0.364155E+02
-100 090 0.362156E+02
-100 110 0.362113E+02
-100 130 0.371848E+02
-100 145 0.362767E+02
-100 160 0.362300E+02
-100 -200 0.362300E+02
-100 170 0.361637E+02
-100 -190 0.361637E+02
-085 -165 0.357817E+02
-085 195 0.357817E+02
-085 -150 0.356026E+02
-085 210 0.356026E+02
-085 -130 0.354742E+02
-085 -115 0.355279E+02
-085 -100 0.356420E+02
-085 -085 0.358889E+02
-085 -070 0.360778E+02
-085 -055 0.361473E+02
-085 -040 0.360839E+02
-085 -025 0.359807E+02
-085 -010 0.359539E+02
-085 000 0.360661E+02
-085 015 0.364638E+02
-085 030 0.369257E+02
-085 050 0.367812E+02
-085 070 0.364389E+02
-085 090 0.362306E+02
-085 110 0.362625E+02
-085 130 0.362887E+02
-085 145 0.362361E+02
-085 160 0.361993E+02
-085 -200 0.361993E+02
-085 170 0.361212E+02
-085 -190 0.361212E+02
-085 180 0.359597E+02
-085 -180 0.359597E+02
-070 -165 0.354856E+02
-070 195 0.354856E+02
-070 -150 0.353285E+02
-070 210 0.353285E+02
-070 -130 0.352430E+02
-070 -115 0.353759E+02
-070 -100 0.356822E+02
-070 -085 0.360355E+02
-070 -070 0.362165E+02
-070 -055 0.362371E+02
-070 -040 0.360665E+02
-070 -025 0.360188E+02
-070 -010 0.361488E+02
-070 000 0.363653E+02
-070 015 0.369166E+02
-070 030 0.370398E+02
-070 050 0.366065E+02
-070 070 0.362877E+02
-070 090 0.362226E+02
-070 110 0.362416E+02
-070 130 0.362349E+02
-070 145 0.361815E+02
-070 160 0.360098E+02
-070 -200 0.360098E+02
-070 170 0.358707E+02
-070 -190 0.358707E+02
-055 -165 0.351070E+02
-055 195 0.351070E+02
-055 -150 0.349348E+02
-055 210 0.349348E+02
-055 -130 0.349477E+02
-055 -115 0.353612E+02
-055 -100 0.359327E+02
-055 -085 0.362872E+02
-055 -070 0.363666E+02
-055 -055 0.362525E+02
-055 -040 0.361490E+02
-055 -025 0.361739E+02
-055 -010 0.364356E+02
-055 000 0.367961E+02
-055 015 0.370929E+02
-055 030 0.367112E+02
-055 050 0.363009E+02
-055 070 0.361028E+02
-055 090 0.361715E+02
-055 110 0.361761E+02
-055 130 0.360866E+02
-055 145 0.359889E+02
-055 160 0.357055E+02
-055 -200 0.357055E+02
-055 170 0.355421E+02
-055 -190 0.355421E+02
-055 180 0.338585E+02
-055 -180 0.338585E+02
-040 -165 0.346834E+02
-040 195 0.346834E+02
-040 -150 0.345947E+02
-040 210 0.345947E+02
-040 -130 0.350246E+02
-040 -115 0.358290E+02
-040 -100 0.363761E+02
-040 -085 0.364722E+02
-040 -070 0.363588E+02
-040 -055 0.362425E+02
-040 -040 0.361663E+02
-040 -025 0.362780E+02
-040 -010 0.367934E+02
-040 000 0.369665E+02
-040 015 0.365143E+02
-040 030 0.362925E+02
-040 050 0.360105E+02
-040 070 0.359636E+02
-040 090 0.360197E+02
-040 110 0.360547E+02
-040 130 0.391493E+02
-040 145 0.356128E+02
-040 160 0.353105E+02
-040 -200 0.353105E+02
-040 170 0.350853E+02
-040 -190 0.350853E+02
-040 180 0.349249E+02
-040 -180 0.349249E+02
-025 -165 0.342881E+02
-025 195 0.342881E+02
-025 -150 0.345180E+02
-025 210 0.345180E+02
-025 -130 0.358961E+02
-025 -115 0.358571E+02
-025 -100 0.362147E+02
-025 -085 0.363351E+02
-025 -070 0.362856E+02
-025 -055 0.361660E+02
-025 -040 0.361851E+02
-025 -025 0.405514E+02
-025 -010 0.363203E+02
-025 000 0.363618E+02
-025 015 0.361901E+02
-025 030 0.360141E+02
-025 050 0.359824E+02
-025 070 0.360723E+02
-025 090 0.360652E+02
-025 110 0.359276E+02
-025 130 0.355790E+02
-025 145 0.352133E+02
-025 160 0.348790E+02
-025 -200 0.348790E+02
-025 170 0.346630E+02
-025 -190 0.346630E+02
-025 180 0.344903E+02
-025 -180 0.344903E+02
-010 -150 0.348570E+02
-010 210 0.348570E+02
-010 -130 0.352855E+02
-010 -115 0.356917E+02
-010 -100 0.359155E+02
-010 -085 0.361319E+02
-010 -070 0.361114E+02
-010 -055 0.360653E+02
-010 -040 0.364987E+02
-010 -025 0.365018E+02
-010 -010 0.362447E+02
-010 000 0.361662E+02
-010 015 0.360779E+02
-010 030 0.360311E+02
-010 050 0.362484E+02
-010 070 0.363063E+02
-010 090 0.360715E+02
-010 110 0.357268E+02
-010 130 0.352905E+02
-010 145 0.349129E+02
-010 160 0.345780E+02
-010 -200 0.345780E+02
-010 170 0.343827E+02
-010 -190 0.343827E+02
-010 180 0.342736E+02
-010 -180 0.342736E+02
000 -165 0.345449E+02
000 195 0.345449E+02
000 -150 0.346934E+02
000 210 0.346934E+02
000 -115 0.354609E+02
000 -100 0.359094E+02
000 -085 0.360585E+02
000 -070 0.360460E+02
000 -055 0.362437E+02
000 -040 0.365182E+02
000 -025 0.362538E+02
000 -010 0.361840E+02
000 000 0.360678E+02
000 015 0.360091E+02
000 030 0.361227E+02
000 050 0.365914E+02
000 070 0.362402E+02
000 090 0.360906E+02
000 110 0.356550E+02
000 130 0.352323E+02
000 145 0.348616E+02
000 160 0.345684E+02
000 -200 0.345684E+02
000 170 0.345591E+02
000 -190 0.345591E+02
000 180 0.352625E+02
000 -180 0.352625E+02
015 -150 0.347089E+02
015 210 0.347089E+02
015 -130 0.352223E+02
015 -115 0.356094E+02
015 -100 0.359326E+02
015 -085 0.359945E+02
015 -070 0.362586E+02
015 -055 0.362562E+02
015 -040 0.361936E+02
015 -025 0.361079E+02
015 -010 0.360892E+02
015 000 0.360530E+02
015 015 0.361970E+02
015 030 0.365877E+02
015 070 0.361321E+02
015 090 0.360314E+02
015 110 0.356793E+02
015 130 0.353293E+02
015 145 0.352393E+02
015 160 0.353014E+02
015 -200 0.353014E+02
015 170 0.344294E+02
015 -190 0.344294E+02
015 180 0.342165E+02
015 -180 0.342165E+02
030 -150 0.351800E+02
030 210 0.351800E+02
030 -130 0.356082E+02
030 -115 0.359103E+02
030 -100 0.360817E+02
030 -085 0.361400E+02
030 -070 0.361066E+02
030 -055 0.359952E+02
030 -040 0.360439E+02
030 -025 0.360510E+02
030 -010 0.362105E+02
030 000 0.363367E+02
030 015 0.367697E+02
030 030 0.366567E+02
030 050 0.362895E+02
030 070 0.363573E+02
030 090 0.362582E+02
030 110 0.360276E+02
030 130 0.366284E+02
030 145 0.351433E+02
030 160 0.345504E+02
030 -200 0.345504E+02
030 170 0.337549E+02
030 -190 0.337549E+02
030 180 0.346061E+02
030 -180 0.346061E+02
050 -165 0.357571E+02
050 195 0.357571E+02
050 -150 0.359658E+02
050 210 0.359658E+02
050 -130 0.361816E+02
050 -115 0.363080E+02
050 -100 0.362957E+02
050 -085 0.362168E+02
050 -070 0.361385E+02
050 -055 0.361643E+02
050 -040 0.362419E+02
050 -025 0.377106E+02
050 -010 0.369405E+02
050 000 0.370769E+02
050 015 0.367484E+02
050 030 0.363830E+02
050 050 0.364026E+02
050 070 0.365520E+02
050 090 0.365143E+02
050 110 0.362031E+02
050 130 0.355327E+02
050 145 0.352077E+02
050 160 0.352238E+02
050 -200 0.352238E+02
050 170 0.353153E+02
050 -190 0.353153E+02
050 180 0.377645E+02
050 -180 0.377645E+02
070 -165 0.362295E+02
070 195 0.362295E+02
070 -150 0.363643E+02
070 210 0.363643E+02
070 -130 0.365388E+02
070 -115 0.364996E+02
070 -100 0.365134E+02
070 -085 0.364565E+02
070 -070 0.364664E+02
070 -055 0.366521E+02
070 -040 0.368757E+02
070 -025 0.370550E+02
070 -010 0.370305E+02
070 000 0.367517E+02
070 015 0.363949E+02
070 030 0.362706E+02
070 050 0.363283E+02
070 070 0.364096E+02
070 090 0.362895E+02
070 110 0.360108E+02
070 130 0.357632E+02
070 145 0.357296E+02
070 160 0.357681E+02
070 -200 0.357681E+02
070 170 0.358619E+02
070 -190 0.358619E+02
090 -165 0.364469E+02
090 195 0.364469E+02
090 -150 0.365281E+02
090 210 0.365281E+02
090 -130 0.365490E+02
090 -115 0.365674E+02
090 -100 0.364983E+02
090 -085 0.364541E+02
090 -070 0.365584E+02
090 -055 0.366594E+02
090 -040 0.367297E+02
090 -025 0.367222E+02
090 -010 0.364257E+02
090 000 0.362214E+02
090 015 0.360759E+02
090 030 0.360498E+02
090 050 0.361150E+02
090 070 0.362299E+02
090 090 0.361753E+02
090 110 0.361197E+02
090 130 0.363991E+02
090 145 0.360279E+02
090 160 0.360940E+02
090 -200 0.360940E+02
090 170 0.362615E+02
090 -190 0.362615E+02
090 180 0.363284E+02
090 -180 0.363284E+02
110 -165 0.366647E+02
110 195 0.366647E+02
110 -150 0.366833E+02
110 210 0.366833E+02
110 -130 0.366047E+02
110 -115 0.365108E+02
110 -100 0.364317E+02
110 -085 0.364283E+02
110 -070 0.364313E+02
110 -055 0.365236E+02
110 -040 0.364773E+02
110 -025 0.362842E+02
110 -010 0.360755E+02
110 000 0.359786E+02
110 015 0.359398E+02
110 030 0.359806E+02
110 050 0.361262E+02
110 070 0.363402E+02
110 090 0.362564E+02
110 110 0.362143E+02
110 130 0.361753E+02
110 145 0.362056E+02
110 160 0.363350E+02
110 -200 0.363350E+02
110 170 0.364092E+02
110 -190 0.364092E+02
110 180 0.365585E+02
110 -180 0.365585E+02
130 -165 0.365472E+02
130 195 0.365472E+02
130 -150 0.365582E+02
130 210 0.365582E+02
130 -130 0.365430E+02
130 -115 0.364870E+02
130 -100 0.364231E+02
130 -085 0.364330E+02
130 -070 0.364208E+02
130 -055 0.364235E+02
130 -040 0.363723E+02
130 -010 0.360636E+02
130 000 0.360509E+02
130 015 0.360414E+02
130 030 0.360948E+02
130 050 0.363544E+02
130 070 0.363539E+02
130 090 0.362865E+02
130 110 0.369733E+02
130 130 0.361513E+02
130 145 0.350166E+02
130 160 0.363587E+02
130 -200 0.363587E+02
130 170 0.363896E+02
130 -190 0.363896E+02
130 180 0.364797E+02
130 -180 0.364797E+02
150 -165 0.364909E+02
-210 -165 0.364909E+02
150 195 0.364909E+02
150 -150 0.365280E+02
-210 -150 0.365280E+02
150 210 0.365280E+02
150 -130 0.364948E+02
-210 -130 0.364948E+02
150 -115 0.364639E+02
-210 -115 0.364639E+02
150 -100 0.364092E+02
-210 -100 0.364092E+02
150 -085 0.363649E+02
-210 -085 0.363649E+02
150 -070 0.364016E+02
-210 -070 0.364016E+02
150 -055 0.363543E+02
-210 -055 0.363543E+02
150 -040 0.362653E+02
-210 -040 0.362653E+02
150 -025 0.362545E+02
-210 -025 0.362545E+02
150 -010 0.362408E+02
-210 -010 0.362408E+02
150 000 0.362312E+02
-210 000 0.362312E+02
150 015 0.360293E+02
-210 015 0.360293E+02
150 030 0.360539E+02
-210 030 0.360539E+02
150 050 0.360973E+02
-210 050 0.360973E+02
150 070 0.361946E+02
-210 070 0.361946E+02
150 090 0.362407E+02
-210 090 0.362407E+02
150 110 0.360618E+02
-210 110 0.360618E+02
150 130 0.361652E+02
-210 130 0.361652E+02
150 145 0.362020E+02
-210 145 0.362020E+02
150 160 0.362945E+02
-210 160 0.362945E+02
150 -200 0.362945E+02
-210 -200 0.362945E+02
150 170 0.363554E+02
-210 170 0.363554E+02
150 -190 0.363554E+02
-210 -190 0.363554E+02
150 180 0.364941E+02
-210 180 0.364941E+02
150 -180 0.364941E+02
-210 -180 0.364941E+02
165 -165 0.364963E+02
-195 -165 0.364963E+02
165 195 0.364963E+02
165 -150 0.365002E+02
-195 -150 0.365002E+02
165 210 0.365002E+02
165 -130 0.365185E+02
-195 -130 0.365185E+02
165 -115 0.364413E+02
-195 -115 0.364413E+02
165 -100 0.364114E+02
-195 -100 0.364114E+02
165 -085 0.362915E+02
-195 -085 0.362915E+02
165 -070 0.362868E+02
-195 -070 0.362868E+02
165 -055 0.362469E+02
-195 -055 0.362469E+02
165 -040 0.362226E+02
-195 -040 0.362226E+02
165 -025 0.362434E+02
-195 -025 0.362434E+02
165 -010 0.360711E+02
-195 -010 0.360711E+02
165 000 0.360974E+02
-195 000 0.360974E+02
165 015 0.360824E+02
-195 015 0.360824E+02
165 030 0.360325E+02
-195 030 0.360325E+02
165 050 0.360023E+02
-195 050 0.360023E+02
165 070 0.360344E+02
-195 070 0.360344E+02
165 090 0.360600E+02
-195 090 0.360600E+02
165 110 0.361374E+02
-195 110 0.361374E+02
165 130 0.362494E+02
-195 130 0.362494E+02
165 145 0.362783E+02
-195 145 0.362783E+02
165 160 0.363290E+02
-195 160 0.363290E+02
165 -200 0.363290E+02
-195 -200 0.363290E+02
165 170 0.363963E+02
-195 170 0.363963E+02
165 -190 0.363963E+02
-195 -190 0.363963E+02
165 180 0.364320E+02
-195 180 0.364320E+02
165 -180 0.364320E+02
-195 -180 0.364320E+02
180 -165 0.364872E+02
-180 -165 0.364872E+02
180 195 0.364872E+02
180 -150 0.365167E+02
-180 -150 0.365167E+02
180 210 0.365167E+02
180 -130 0.364771E+02
-180 -130 0.364771E+02
180 -115 0.364057E+02
-180 -115 0.364057E+02
180 -100 0.363208E+02
-180 -100 0.363208E+02
180 -085 0.361662E+02
-180 -085 0.361662E+02
180 -070 0.361301E+02
-180 -070 0.361301E+02
180 -055 0.361739E+02
-180 -055 0.361739E+02
180 -040 0.361751E+02
-180 -040 0.361751E+02
180 -025 0.362159E+02
-180 -025 0.362159E+02
180 -010 0.362001E+02
-180 -010 0.362001E+02
180 000 0.361691E+02
-180 000 0.361691E+02
180 015 0.361586E+02
-180 015 0.361586E+02
180 030 0.361268E+02
-180 030 0.361268E+02
180 070 0.360861E+02
-180 070 0.360861E+02
180 090 0.361521E+02
-180 090 0.361521E+02
180 110 0.362368E+02
-180 110 0.362368E+02
180 130 0.362797E+02
-180 130 0.362797E+02
180 145 0.363331E+02
-180 145 0.363331E+02
180 160 0.363807E+02
-180 160 0.363807E+02
180 -200 0.363807E+02
-180 -200 0.363807E+02
180 170 0.364097E+02
-180 170 0.364097E+02
180 -190 0.364097E+02
-180 -190 0.364097E+02
180 180 0.364541E+02
-180 180 0.364541E+02
180 -180 0.364541E+02
-180 -180 0.364541E+02
