PHI PSI J_10_14
-165 -165 -0.296347E+00
195 -165 -0.296347E+00
-165 195 -0.296347E+00
195 195 -0.296347E+00
-165 -150 -0.304141E+00
195 -150 -0.304141E+00
-165 210 -0.304141E+00
195 210 -0.304141E+00
-165 -130 -0.279942E+00
195 -130 -0.279942E+00
-165 -115 -0.257087E+00
195 -115 -0.257087E+00
-165 -100 -0.249250E+00
195 -100 -0.249250E+00
-165 -085 -0.228679E+00
195 -085 -0.228679E+00
-165 -070 -0.248452E+00
195 -070 -0.248452E+00
-165 -055 -0.272261E+00
195 -055 -0.272261E+00
-165 -040 -0.275146E+00
195 -040 -0.275146E+00
-165 -025 -0.262792E+00
195 -025 -0.262792E+00
-165 -010 -0.546351E-01
195 -010 -0.546351E-01
-165 000 -0.581008E-01
195 000 -0.581008E-01
-165 015 -0.781617E-01
195 015 -0.781617E-01
-165 030 -0.106109E+00
195 030 -0.106109E+00
-165 050 -0.131591E+00
195 050 -0.131591E+00
-165 070 -0.130254E+00
195 070 -0.130254E+00
-165 090 -0.137050E+00
195 090 -0.137050E+00
-165 110 -0.168395E+00
195 110 -0.168395E+00
-165 130 -0.179650E+00
195 130 -0.179650E+00
-165 145 -0.202448E+00
195 145 -0.202448E+00
-165 160 -0.232260E+00
195 160 -0.232260E+00
-165 -200 -0.232260E+00
-165 170 -0.253507E+00
195 170 -0.253507E+00
-165 -190 -0.253507E+00
-165 180 -0.269616E+00
195 180 -0.269616E+00
-165 -180 -0.269616E+00
-150 -165 -0.243860E+00
210 -165 -0.243860E+00
-150 195 -0.243860E+00
210 195 -0.243860E+00
-150 -150 -0.256916E+00
210 -150 -0.256916E+00
-150 210 -0.256916E+00
210 210 -0.256916E+00
-150 -130 -0.239746E+00
210 -130 -0.239746E+00
-150 -115 -0.214749E+00
210 -115 -0.214749E+00
-150 -100 -0.158475E+00
210 -100 -0.158475E+00
-150 -085 -0.145295E+00
210 -085 -0.145295E+00
-150 -070 -0.174517E+00
210 -070 -0.174517E+00
-150 -055 -0.222593E+00
210 -055 -0.222593E+00
-150 -040 -0.237424E+00
210 -040 -0.237424E+00
-150 -025 -0.278405E+00
210 -025 -0.278405E+00
-150 -010 0.105935E+00
210 -010 0.105935E+00
-150 000 0.996303E-01
210 000 0.996303E-01
-150 015 0.976320E-01
210 015 0.976320E-01
-150 030 0.867827E-01
210 030 0.867827E-01
-150 050 0.582319E-01
210 050 0.582319E-01
-150 070 0.436883E-01
210 070 0.436883E-01
-150 090 0.165196E-01
210 090 0.165196E-01
-150 110 -0.380845E-01
210 110 -0.380845E-01
-150 130 -0.713304E-01
210 130 -0.713304E-01
-150 145 -0.104412E+00
210 145 -0.104412E+00
-150 160 -0.149740E+00
210 160 -0.149740E+00
-150 -200 -0.149740E+00
-150 170 -0.184172E+00
210 170 -0.184172E+00
-150 -190 -0.184172E+00
-125 -165 0.175693E+00
-125 195 0.175693E+00
-125 -150 0.201277E+00
-125 210 0.201277E+00
-125 -130 0.241893E+00
-125 -115 0.266336E+00
-125 -100 0.239352E+00
-125 -085 0.213736E+00
-125 -070 0.185381E+00
-125 -055 0.261587E+00
-125 -040 0.285006E+00
-125 -025 0.283380E+00
-125 -010 0.311840E+00
-125 000 0.335536E+00
-125 015 0.361832E+00
-125 030 0.385867E+00
-125 050 0.373734E+00
-125 070 0.312551E+00
-125 090 0.255903E+00
-125 110 0.225074E+00
-125 130 0.194229E+00
-125 145 0.166634E+00
-125 160 0.180523E+00
-125 -200 0.180523E+00
-125 170 0.137986E+00
-125 -190 0.137986E+00
-100 -165 0.415204E+00
-100 195 0.415204E+00
-100 -150 0.477440E+00
-100 210 0.477440E+00
-100 -130 0.457621E+00
-100 -115 0.397918E+00
-100 -100 0.316152E+00
-100 -085 0.256402E+00
-100 -070 0.182020E+00
-100 -055 0.471404E-01
-100 -040 -0.456236E-02
-100 -025 0.117237E-02
-100 -010 -0.183584E-01
-100 000 0.271807E-01
-100 015 0.119945E+00
-100 030 0.193339E+00
-100 050 0.141897E+00
-100 070 -0.990561E-03
-100 090 0.226617E-01
-100 110 0.996746E-01
-100 130 0.161373E+00
-100 145 0.191276E+00
-100 160 0.237806E+00
-100 -200 0.237806E+00
-100 170 0.277336E+00
-100 -190 0.277336E+00
-085 -165 0.200274E+00
-085 195 0.200274E+00
-085 -150 0.287882E+00
-085 210 0.287882E+00
-085 -130 0.288771E+00
-085 -115 0.242471E+00
-085 -100 0.147559E+00
-085 -085 0.613387E-01
-085 -070 -0.559624E-01
-085 -055 -0.201376E+00
-085 -040 -0.271185E+00
-085 -025 -0.328793E+00
-085 -010 -0.289271E+00
-085 000 -0.223299E+00
-085 015 -0.117994E+00
-085 030 -0.882551E-01
-085 050 -0.186396E+00
-085 070 -0.268485E+00
-085 090 -0.260682E+00
-085 110 -0.167618E+00
-085 130 -0.854224E-01
-085 145 -0.529616E-01
-085 160 -0.309002E-02
-085 -200 -0.309002E-02
-085 170 0.333409E-01
-085 -190 0.333409E-01
-085 180 0.892814E-01
-085 -180 0.892814E-01
-070 -165 -0.495277E-01
-070 195 -0.495277E-01
-070 -150 0.470669E-01
-070 210 0.470669E-01
-070 -130 0.636038E-01
-070 -115 0.249929E-01
-070 -100 -0.624527E-01
-070 -085 -0.138462E+00
-070 -070 -0.278781E+00
-070 -055 -0.375284E+00
-070 -040 -0.429812E+00
-070 -025 -0.437295E+00
-070 -010 -0.378775E+00
-070 000 -0.319334E+00
-070 015 -0.254928E+00
-070 030 -0.242755E+00
-070 050 -0.296397E+00
-070 070 -0.330258E+00
-070 090 -0.341933E+00
-070 110 -0.333691E+00
-070 130 -0.294197E+00
-070 145 -0.301615E+00
-070 160 -0.270814E+00
-070 -200 -0.270814E+00
-070 170 -0.231972E+00
-070 -190 -0.231972E+00
-055 -165 -0.148979E+00
-055 195 -0.148979E+00
-055 -150 -0.632080E-01
-055 210 -0.632080E-01
-055 -130 -0.564535E-01
-055 -115 -0.108499E+00
-055 -100 -0.173088E+00
-055 -085 -0.237638E+00
-055 -070 -0.311560E+00
-055 -055 -0.345938E+00
-055 -040 -0.357503E+00
-055 -025 -0.343422E+00
-055 -010 -0.294262E+00
-055 000 -0.260188E+00
-055 015 -0.218310E+00
-055 030 -0.217503E+00
-055 050 -0.249614E+00
-055 070 -0.284477E+00
-055 090 -0.289895E+00
-055 110 -0.288383E+00
-055 130 -0.302606E+00
-055 145 -0.312532E+00
-055 160 -0.298502E+00
-055 -200 -0.298502E+00
-055 170 -0.276314E+00
-055 -190 -0.276314E+00
-055 180 -0.264978E+00
-055 -180 -0.264978E+00
-040 -165 -0.582184E-01
-040 195 -0.582184E-01
-040 -150 -0.418221E-01
-040 210 -0.418221E-01
-040 -130 -0.570717E-01
-040 -115 -0.134841E+00
-040 -100 -0.220835E+00
-040 -085 -0.286585E+00
-040 -070 -0.272946E+00
-040 -055 -0.251135E+00
-040 -040 -0.236319E+00
-040 -025 -0.207796E+00
-040 -010 -0.183058E+00
-040 000 -0.183146E+00
-040 015 -0.243886E+00
-040 030 -0.254246E+00
-040 050 -0.261412E+00
-040 070 -0.244467E+00
-040 090 -0.191700E+00
-040 110 -0.162974E+00
-040 130 -0.105382E+00
-040 145 -0.134132E+00
-040 160 -0.131581E+00
-040 -200 -0.131581E+00
-040 170 -0.120605E+00
-040 -190 -0.120605E+00
-040 180 -0.100293E+00
-040 -180 -0.100293E+00
-025 -165 -0.415785E-01
-025 195 -0.415785E-01
-025 -150 -0.532430E-01
-025 210 -0.532430E-01
-025 -130 -0.351891E+00
-025 -115 -0.319002E+00
-025 -100 -0.311528E+00
-025 -085 -0.306851E+00
-025 -070 -0.262838E+00
-025 -055 -0.210662E+00
-025 -040 -0.182566E+00
-025 -025 -0.138837E+00
-025 -010 -0.260720E+00
-025 000 -0.308107E+00
-025 015 -0.336851E+00
-025 030 -0.331858E+00
-025 050 -0.299258E+00
-025 070 -0.250047E+00
-025 090 -0.222464E+00
-025 110 -0.154406E+00
-025 130 -0.779801E-01
-025 145 -0.435059E-01
-025 160 -0.393863E-01
-025 -200 -0.393863E-01
-025 170 -0.422194E-01
-025 -190 -0.422194E-01
-025 180 -0.459651E-01
-025 -180 -0.459651E-01
-010 -150 -0.229923E+00
-010 210 -0.229923E+00
-010 -130 -0.169442E+00
-010 -115 -0.182641E+00
-010 -100 -0.226574E+00
-010 -085 -0.255268E+00
-010 -070 -0.206221E+00
-010 -055 -0.160700E+00
-010 -040 -0.169709E+00
-010 -025 -0.284908E+00
-010 -010 -0.300066E+00
-010 000 -0.304567E+00
-010 015 -0.300486E+00
-010 030 -0.285788E+00
-010 050 -0.247076E+00
-010 070 -0.205433E+00
-010 090 -0.193350E+00
-010 110 -0.113405E+00
-010 130 -0.396570E-01
-010 145 -0.212923E-01
-010 160 -0.198479E-01
-010 -200 -0.198479E-01
-010 170 -0.264551E-01
-010 -190 -0.264551E-01
-010 180 -0.375610E-01
-010 -180 -0.375610E-01
000 -165 -0.115412E+00
000 195 -0.115412E+00
000 -150 -0.611497E-01
000 210 -0.611497E-01
000 -115 -0.717844E-01
000 -100 -0.141125E+00
000 -085 -0.189870E+00
000 -070 -0.163531E+00
000 -055 -0.147385E+00
000 -040 -0.221950E+00
000 -025 -0.230994E+00
000 -010 -0.225610E+00
000 000 -0.226005E+00
000 015 -0.216803E+00
000 030 -0.196279E+00
000 050 -0.131314E+00
000 070 -0.927425E-01
000 090 -0.115131E+00
000 110 -0.597056E-01
000 130 -0.143174E-01
000 145 -0.832565E-02
000 160 -0.107476E-01
000 -200 -0.107476E-01
000 170 -0.324071E-01
000 -190 -0.324071E-01
000 180 -0.168490E+00
000 -180 -0.168490E+00
015 -150 0.156406E+00
015 210 0.156406E+00
015 -130 0.132613E+00
015 -115 0.779041E-01
015 -100 -0.648558E-03
015 -085 -0.624225E-01
015 -070 -0.725657E-01
015 -055 -0.732371E-01
015 -040 -0.127488E+00
015 -025 -0.531851E-01
015 -010 -0.523790E-01
015 000 -0.460429E-01
015 015 -0.243661E-01
015 030 0.219494E-01
015 070 0.715145E-01
015 090 0.290325E-01
015 110 0.454162E-01
015 130 0.479065E-01
015 145 0.408587E-01
015 160 0.598454E-01
015 -200 0.598454E-01
015 170 0.707158E-01
015 -190 0.707158E-01
015 180 0.863546E-01
015 -180 0.863546E-01
030 -150 0.257158E+00
030 210 0.257158E+00
030 -130 0.221427E+00
030 -115 0.189888E+00
030 -100 0.139136E+00
030 -085 0.117670E+00
030 -070 0.123488E+00
030 -055 0.134000E+00
030 -040 0.757476E-01
030 -025 0.148950E+00
030 -010 0.147846E+00
030 000 0.157486E+00
030 015 0.192602E+00
030 030 0.246146E+00
030 050 0.252757E+00
030 070 0.202498E+00
030 090 0.170187E+00
030 110 0.156618E+00
030 130 0.128022E+00
030 145 0.220790E+00
030 160 0.208051E+00
030 -200 0.208051E+00
030 170 0.242196E+00
030 -190 0.242196E+00
030 180 0.241040E+00
030 -180 0.241040E+00
050 -165 0.340168E+00
050 195 0.340168E+00
050 -150 0.316826E+00
050 210 0.316826E+00
050 -130 0.286944E+00
050 -115 0.275299E+00
050 -100 0.276085E+00
050 -085 0.278923E+00
050 -070 0.291028E+00
050 -055 0.303162E+00
050 -040 0.283667E+00
050 -025 0.277541E+00
050 -010 0.315975E+00
050 000 0.324150E+00
050 015 0.349259E+00
050 030 0.350387E+00
050 050 0.331762E+00
050 070 0.311525E+00
050 090 0.320855E+00
050 110 0.310783E+00
050 130 0.300315E+00
050 145 0.300263E+00
050 160 0.317334E+00
050 -200 0.317334E+00
050 170 0.336823E+00
050 -190 0.336823E+00
050 180 0.350914E+00
050 -180 0.350914E+00
070 -165 0.375541E+00
070 195 0.375541E+00
070 -150 0.372760E+00
070 210 0.372760E+00
070 -130 0.353323E+00
070 -115 0.336989E+00
070 -100 0.328006E+00
070 -085 0.329523E+00
070 -070 0.338074E+00
070 -055 0.341687E+00
070 -040 0.338268E+00
070 -025 0.336492E+00
070 -010 0.347081E+00
070 000 0.358476E+00
070 015 0.381566E+00
070 030 0.380230E+00
070 050 0.371351E+00
070 070 0.369076E+00
070 090 0.309829E+00
070 110 0.274808E+00
070 130 0.277682E+00
070 145 0.291560E+00
070 160 0.320881E+00
070 -200 0.320881E+00
070 170 0.349442E+00
070 -190 0.349442E+00
090 -165 0.214602E+00
090 195 0.214602E+00
090 -150 0.222824E+00
090 210 0.222824E+00
090 -130 0.203374E+00
090 -115 0.195046E+00
090 -100 0.214775E+00
090 -085 0.247708E+00
090 -070 0.255666E+00
090 -055 0.251074E+00
090 -040 0.236371E+00
090 -025 0.219314E+00
090 -010 0.237402E+00
090 000 0.264836E+00
090 015 0.306241E+00
090 030 0.323224E+00
090 050 0.317774E+00
090 070 0.214453E+00
090 090 0.131489E+00
090 110 0.108286E+00
090 130 0.120130E+00
090 145 0.117951E+00
090 160 0.135871E+00
090 -200 0.135871E+00
090 170 0.160295E+00
090 -190 0.160295E+00
090 180 0.187092E+00
090 -180 0.187092E+00
110 -165 -0.852504E-01
110 195 -0.852504E-01
110 -150 -0.931269E-01
110 210 -0.931269E-01
110 -130 -0.110205E+00
110 -115 -0.116038E+00
110 -100 -0.996810E-01
110 -085 -0.635643E-01
110 -070 -0.374192E-01
110 -055 -0.490796E-01
110 -040 -0.669404E-01
110 -025 -0.622873E-01
110 -010 -0.249552E-01
110 000 0.623500E-02
110 015 0.425313E-01
110 030 0.631332E-01
110 050 0.260648E-01
110 070 -0.136369E+00
110 090 -0.134857E+00
110 110 -0.132898E+00
110 130 -0.130350E+00
110 145 -0.129929E+00
110 160 -0.125369E+00
110 -200 -0.125369E+00
110 170 -0.103473E+00
110 -190 -0.103473E+00
110 180 -0.969461E-01
110 -180 -0.969461E-01
130 -165 -0.247992E+00
130 195 -0.247992E+00
130 -150 -0.291403E+00
130 210 -0.291403E+00
130 -130 -0.334173E+00
130 -115 -0.350102E+00
130 -100 -0.341814E+00
130 -085 -0.329477E+00
130 -070 -0.322822E+00
130 -055 -0.328372E+00
130 -040 -0.327216E+00
130 -010 -0.303339E+00
130 000 -0.288269E+00
130 015 -0.262881E+00
130 030 -0.255585E+00
130 050 -0.322589E+00
130 070 -0.340814E+00
130 090 -0.322946E+00
130 110 -0.290698E+00
130 130 -0.203705E+00
130 145 -0.155843E+00
130 160 -0.142348E+00
130 -200 -0.142348E+00
130 170 -0.156514E+00
130 -190 -0.156514E+00
130 180 -0.192057E+00
130 -180 -0.192057E+00
150 -165 -0.281927E+00
-210 -165 -0.281927E+00
150 195 -0.281927E+00
150 -150 -0.344866E+00
-210 -150 -0.344866E+00
150 210 -0.344866E+00
150 -130 -0.395722E+00
-210 -130 -0.395722E+00
150 -115 -0.413058E+00
-210 -115 -0.413058E+00
150 -100 -0.405246E+00
-210 -100 -0.405246E+00
150 -085 -0.398095E+00
-210 -085 -0.398095E+00
150 -070 -0.385348E+00
-210 -070 -0.385348E+00
150 -055 -0.380625E+00
-210 -055 -0.380625E+00
150 -040 -0.376849E+00
-210 -040 -0.376849E+00
150 -025 -0.380176E+00
-210 -025 -0.380176E+00
150 -010 -0.382416E+00
-210 -010 -0.382416E+00
150 000 -0.384220E+00
-210 000 -0.384220E+00
150 015 -0.845453E-01
-210 015 -0.845453E-01
150 030 -0.142844E+00
-210 030 -0.142844E+00
150 050 -0.246723E+00
-210 050 -0.246723E+00
150 070 -0.319177E+00
-210 070 -0.319177E+00
150 090 -0.278993E+00
-210 090 -0.278993E+00
150 110 -0.119988E+00
-210 110 -0.119988E+00
150 130 -0.700665E-01
-210 130 -0.700665E-01
150 145 -0.759047E-01
-210 145 -0.759047E-01
150 160 -0.111743E+00
-210 160 -0.111743E+00
150 -200 -0.111743E+00
-210 -200 -0.111743E+00
150 170 -0.153433E+00
-210 170 -0.153433E+00
150 -190 -0.153433E+00
-210 -190 -0.153433E+00
150 180 -0.204749E+00
-210 180 -0.204749E+00
150 -180 -0.204749E+00
-210 -180 -0.204749E+00
165 -165 -0.274169E+00
-195 -165 -0.274169E+00
165 195 -0.274169E+00
165 -150 -0.324518E+00
-195 -150 -0.324518E+00
165 210 -0.324518E+00
165 -130 -0.358370E+00
-195 -130 -0.358370E+00
165 -115 -0.363254E+00
-195 -115 -0.363254E+00
165 -100 -0.356352E+00
-195 -100 -0.356352E+00
165 -085 -0.329252E+00
-195 -085 -0.329252E+00
165 -070 -0.308192E+00
-195 -070 -0.308192E+00
165 -055 -0.295570E+00
-195 -055 -0.295570E+00
165 -040 -0.301538E+00
-195 -040 -0.301538E+00
165 -025 -0.308850E+00
-195 -025 -0.308850E+00
165 -010 -0.213895E-01
-195 -010 -0.213895E-01
165 000 -0.237773E-01
-195 000 -0.237773E-01
165 015 -0.482771E-01
-195 015 -0.482771E-01
165 030 -0.899644E-01
-195 030 -0.899644E-01
165 050 -0.164976E+00
-195 050 -0.164976E+00
165 070 -0.182407E+00
-195 070 -0.182407E+00
165 090 -0.102712E+00
-195 090 -0.102712E+00
165 110 -0.662621E-01
-195 110 -0.662621E-01
165 130 -0.648741E-01
-195 130 -0.648741E-01
165 145 -0.838415E-01
-195 145 -0.838415E-01
165 160 -0.118997E+00
-195 160 -0.118997E+00
165 -200 -0.118997E+00
-195 -200 -0.118997E+00
165 170 -0.154293E+00
-195 170 -0.154293E+00
165 -190 -0.154293E+00
-195 -190 -0.154293E+00
165 180 -0.203425E+00
-195 180 -0.203425E+00
165 -180 -0.203425E+00
-195 -180 -0.203425E+00
180 -165 -0.267847E+00
-180 -165 -0.267847E+00
180 195 -0.267847E+00
180 -150 -0.289994E+00
-180 -150 -0.289994E+00
180 210 -0.289994E+00
180 -130 -0.292336E+00
-180 -130 -0.292336E+00
180 -115 -0.280161E+00
-180 -115 -0.280161E+00
180 -100 -0.265474E+00
-180 -100 -0.265474E+00
180 -085 -0.225190E+00
-180 -085 -0.225190E+00
180 -070 -0.203217E+00
-180 -070 -0.203217E+00
180 -055 -0.226919E+00
-180 -055 -0.226919E+00
180 -040 -0.234762E+00
-180 -040 -0.234762E+00
180 -025 -0.233236E+00
-180 -025 -0.233236E+00
180 -010 -0.883002E-01
-180 -010 -0.883002E-01
180 000 -0.906652E-01
-180 000 -0.906652E-01
180 015 -0.103611E+00
-180 015 -0.103611E+00
180 030 -0.126880E+00
-180 030 -0.126880E+00
180 070 -0.166921E+00
-180 070 -0.166921E+00
180 090 -0.153557E+00
-180 090 -0.153557E+00
180 110 -0.140822E+00
-180 110 -0.140822E+00
180 130 -0.162517E+00
-180 130 -0.162517E+00
180 145 -0.173226E+00
-180 145 -0.173226E+00
180 160 -0.193267E+00
-180 160 -0.193267E+00
180 -200 -0.193267E+00
-180 -200 -0.193267E+00
180 170 -0.211042E+00
-180 170 -0.211042E+00
180 -190 -0.211042E+00
-180 -190 -0.211042E+00
180 180 -0.233546E+00
-180 180 -0.233546E+00
180 -180 -0.233546E+00
-180 -180 -0.233546E+00
