PHI PSI J_11_13
-165 -165 -0.129719E+02
195 -165 -0.129719E+02
-165 195 -0.129719E+02
195 195 -0.129719E+02
-165 -150 -0.116055E+02
195 -150 -0.116055E+02
-165 210 -0.116055E+02
195 210 -0.116055E+02
-165 -130 -0.960040E+01
195 -130 -0.960040E+01
-165 -115 -0.864899E+01
195 -115 -0.864899E+01
-165 -100 -0.845538E+01
195 -100 -0.845538E+01
-165 -085 -0.884033E+01
195 -085 -0.884033E+01
-165 -070 -0.853742E+01
195 -070 -0.853742E+01
-165 -055 -0.844571E+01
195 -055 -0.844571E+01
-165 -040 -0.788882E+01
195 -040 -0.788882E+01
-165 -025 -0.717470E+01
195 -025 -0.717470E+01
-165 -010 -0.600706E+01
195 -010 -0.600706E+01
-165 000 -0.640559E+01
195 000 -0.640559E+01
-165 015 -0.709896E+01
195 015 -0.709896E+01
-165 030 -0.757572E+01
195 030 -0.757572E+01
-165 050 -0.776173E+01
195 050 -0.776173E+01
-165 070 -0.762608E+01
195 070 -0.762608E+01
-165 090 -0.796065E+01
195 090 -0.796065E+01
-165 110 -0.921815E+01
195 110 -0.921815E+01
-165 130 -0.111327E+02
195 130 -0.111327E+02
-165 145 -0.126716E+02
195 145 -0.126716E+02
-165 160 -0.137322E+02
195 160 -0.137322E+02
-165 -200 -0.137322E+02
-165 170 -0.139978E+02
195 170 -0.139978E+02
-165 -190 -0.139978E+02
-165 180 -0.136153E+02
195 180 -0.136153E+02
-165 -180 -0.136153E+02
-150 -165 -0.117198E+02
210 -165 -0.117198E+02
-150 195 -0.117198E+02
210 195 -0.117198E+02
-150 -150 -0.102790E+02
210 -150 -0.102790E+02
-150 210 -0.102790E+02
210 210 -0.102790E+02
-150 -130 -0.894652E+01
210 -130 -0.894652E+01
-150 -115 -0.877555E+01
210 -115 -0.877555E+01
-150 -100 -0.962555E+01
210 -100 -0.962555E+01
-150 -085 -0.894921E+01
210 -085 -0.894921E+01
-150 -070 -0.867477E+01
210 -070 -0.867477E+01
-150 -055 -0.853549E+01
210 -055 -0.853549E+01
-150 -040 -0.788463E+01
210 -040 -0.788463E+01
-150 -025 -0.786922E+01
210 -025 -0.786922E+01
-150 -010 -0.683836E+01
210 -010 -0.683836E+01
-150 000 -0.724500E+01
210 000 -0.724500E+01
-150 015 -0.773156E+01
210 015 -0.773156E+01
-150 030 -0.800731E+01
210 030 -0.800731E+01
-150 050 -0.816995E+01
210 050 -0.816995E+01
-150 070 -0.821238E+01
210 070 -0.821238E+01
-150 090 -0.867688E+01
210 090 -0.867688E+01
-150 110 -0.100571E+02
210 110 -0.100571E+02
-150 130 -0.119058E+02
210 130 -0.119058E+02
-150 145 -0.130434E+02
210 145 -0.130434E+02
-150 160 -0.135658E+02
210 160 -0.135658E+02
-150 -200 -0.135658E+02
-150 170 -0.134191E+02
210 170 -0.134191E+02
-150 -190 -0.134191E+02
-125 -165 -0.103120E+02
-125 195 -0.103120E+02
-125 -150 -0.986255E+01
-125 210 -0.986255E+01
-125 -130 -0.102597E+02
-125 -115 -0.102039E+02
-125 -100 -0.955251E+01
-125 -085 -0.900142E+01
-125 -070 -0.860516E+01
-125 -055 -0.821587E+01
-125 -040 -0.740898E+01
-125 -025 -0.765450E+01
-125 -010 -0.799092E+01
-125 000 -0.825853E+01
-125 015 -0.857348E+01
-125 030 -0.879518E+01
-125 050 -0.883364E+01
-125 070 -0.881355E+01
-125 090 -0.923788E+01
-125 110 -0.104653E+02
-125 130 -0.116382E+02
-125 145 -0.120967E+02
-125 160 -0.120390E+02
-125 -200 -0.120390E+02
-125 170 -0.116579E+02
-125 -190 -0.116579E+02
-100 -165 -0.102111E+02
-100 195 -0.102111E+02
-100 -150 -0.101895E+02
-100 210 -0.101895E+02
-100 -130 -0.101153E+02
-100 -115 -0.945278E+01
-100 -100 -0.871889E+01
-100 -085 -0.850248E+01
-100 -070 -0.839441E+01
-100 -055 -0.831531E+01
-100 -040 -0.824819E+01
-100 -025 -0.838583E+01
-100 -010 -0.867357E+01
-100 000 -0.886877E+01
-100 015 -0.910242E+01
-100 030 -0.908216E+01
-100 050 -0.893583E+01
-100 070 -0.872705E+01
-100 090 -0.913707E+01
-100 110 -0.972235E+01
-100 130 -0.100101E+02
-100 145 -0.103289E+02
-100 160 -0.103182E+02
-100 -200 -0.103182E+02
-100 170 -0.102028E+02
-100 -190 -0.102028E+02
-085 -165 -0.997711E+01
-085 195 -0.997711E+01
-085 -150 -0.958270E+01
-085 210 -0.958270E+01
-085 -130 -0.892790E+01
-085 -115 -0.823465E+01
-085 -100 -0.796576E+01
-085 -085 -0.782364E+01
-085 -070 -0.814637E+01
-085 -055 -0.835405E+01
-085 -040 -0.840422E+01
-085 -025 -0.853828E+01
-085 -010 -0.893495E+01
-085 000 -0.903610E+01
-085 015 -0.896071E+01
-085 030 -0.880991E+01
-085 050 -0.867611E+01
-085 070 -0.839740E+01
-085 090 -0.869480E+01
-085 110 -0.921116E+01
-085 130 -0.961484E+01
-085 145 -0.975600E+01
-085 160 -0.988588E+01
-085 -200 -0.988588E+01
-085 170 -0.996602E+01
-085 -190 -0.996602E+01
-085 180 -0.101176E+02
-085 -180 -0.101176E+02
-070 -165 -0.914115E+01
-070 195 -0.914115E+01
-070 -150 -0.848540E+01
-070 210 -0.848540E+01
-070 -130 -0.761715E+01
-070 -115 -0.701071E+01
-070 -100 -0.695929E+01
-070 -085 -0.710932E+01
-070 -070 -0.797481E+01
-070 -055 -0.837820E+01
-070 -040 -0.845608E+01
-070 -025 -0.879467E+01
-070 -010 -0.877534E+01
-070 000 -0.855774E+01
-070 015 -0.825747E+01
-070 030 -0.811189E+01
-070 050 -0.784881E+01
-070 070 -0.754700E+01
-070 090 -0.777253E+01
-070 110 -0.861307E+01
-070 130 -0.929900E+01
-070 145 -0.968584E+01
-070 160 -0.986936E+01
-070 -200 -0.986936E+01
-070 170 -0.977727E+01
-070 -190 -0.977727E+01
-055 -165 -0.790976E+01
-055 195 -0.790976E+01
-055 -150 -0.722623E+01
-055 210 -0.722623E+01
-055 -130 -0.643751E+01
-055 -115 -0.633024E+01
-055 -100 -0.639912E+01
-055 -085 -0.709930E+01
-055 -070 -0.819230E+01
-055 -055 -0.838704E+01
-055 -040 -0.855887E+01
-055 -025 -0.834713E+01
-055 -010 -0.773584E+01
-055 000 -0.742407E+01
-055 015 -0.723283E+01
-055 030 -0.725105E+01
-055 050 -0.685706E+01
-055 070 -0.661596E+01
-055 090 -0.691497E+01
-055 110 -0.820555E+01
-055 130 -0.915551E+01
-055 145 -0.955509E+01
-055 160 -0.947681E+01
-055 -200 -0.947681E+01
-055 170 -0.908209E+01
-055 -190 -0.908209E+01
-055 180 -0.875743E+01
-055 -180 -0.875743E+01
-040 -165 -0.695972E+01
-040 195 -0.695972E+01
-040 -150 -0.635294E+01
-040 210 -0.635294E+01
-040 -130 -0.589635E+01
-040 -115 -0.628754E+01
-040 -100 -0.737968E+01
-040 -085 -0.824522E+01
-040 -070 -0.818938E+01
-040 -055 -0.815584E+01
-040 -040 -0.772244E+01
-040 -025 -0.703893E+01
-040 -010 -0.645194E+01
-040 000 -0.644259E+01
-040 015 -0.673968E+01
-040 030 -0.653860E+01
-040 050 -0.626044E+01
-040 070 -0.608559E+01
-040 090 -0.674941E+01
-040 110 -0.832714E+01
-040 130 -0.859872E+01
-040 145 -0.898780E+01
-040 160 -0.866552E+01
-040 -200 -0.866552E+01
-040 170 -0.817878E+01
-040 -190 -0.817878E+01
-040 180 -0.764546E+01
-040 -180 -0.764546E+01
-025 -165 -0.648711E+01
-025 195 -0.648711E+01
-025 -150 -0.615667E+01
-025 210 -0.615667E+01
-025 -130 -0.852307E+01
-025 -115 -0.776187E+01
-025 -100 -0.793631E+01
-025 -085 -0.805067E+01
-025 -070 -0.786102E+01
-025 -055 -0.733671E+01
-025 -040 -0.650429E+01
-025 -025 -0.518672E+01
-025 -010 -0.601271E+01
-025 000 -0.611987E+01
-025 015 -0.605485E+01
-025 030 -0.610544E+01
-025 050 -0.614566E+01
-025 070 -0.643850E+01
-025 090 -0.804002E+01
-025 110 -0.873153E+01
-025 130 -0.864448E+01
-025 145 -0.826305E+01
-025 160 -0.777808E+01
-025 -200 -0.777808E+01
-025 170 -0.750573E+01
-025 -190 -0.750573E+01
-025 180 -0.720353E+01
-025 -180 -0.720353E+01
-010 -150 -0.856149E+01
-010 210 -0.856149E+01
-010 -130 -0.813819E+01
-010 -115 -0.809440E+01
-010 -100 -0.796916E+01
-010 -085 -0.806121E+01
-010 -070 -0.721270E+01
-010 -055 -0.613915E+01
-010 -040 -0.558867E+01
-010 -025 -0.585336E+01
-010 -010 -0.547249E+01
-010 000 -0.542875E+01
-010 015 -0.555114E+01
-010 030 -0.589975E+01
-010 050 -0.641780E+01
-010 070 -0.774480E+01
-010 090 -0.849202E+01
-010 110 -0.823751E+01
-010 130 -0.786772E+01
-010 145 -0.780018E+01
-010 160 -0.760313E+01
-010 -200 -0.760313E+01
-010 170 -0.750023E+01
-010 -190 -0.750023E+01
-010 180 -0.735655E+01
-010 -180 -0.735655E+01
000 -165 -0.884243E+01
000 195 -0.884243E+01
000 -150 -0.859009E+01
000 210 -0.859009E+01
000 -115 -0.814911E+01
000 -100 -0.830789E+01
000 -085 -0.797764E+01
000 -070 -0.671326E+01
000 -055 -0.572426E+01
000 -040 -0.596950E+01
000 -025 -0.545238E+01
000 -010 -0.518463E+01
000 000 -0.523078E+01
000 015 -0.551718E+01
000 030 -0.608435E+01
000 050 -0.706530E+01
000 070 -0.791121E+01
000 090 -0.836963E+01
000 110 -0.771428E+01
000 130 -0.750913E+01
000 145 -0.758446E+01
000 160 -0.762396E+01
000 -200 -0.762396E+01
000 170 -0.794757E+01
000 -190 -0.794757E+01
000 180 -0.965907E+01
000 -180 -0.965907E+01
015 -150 -0.836018E+01
015 210 -0.836018E+01
015 -130 -0.863043E+01
015 -115 -0.886533E+01
015 -100 -0.865777E+01
015 -085 -0.779852E+01
015 -070 -0.643578E+01
015 -055 -0.626303E+01
015 -040 -0.565552E+01
015 -025 -0.518947E+01
015 -010 -0.515433E+01
015 000 -0.533768E+01
015 015 -0.596687E+01
015 030 -0.681771E+01
015 070 -0.831652E+01
015 090 -0.787760E+01
015 110 -0.714562E+01
015 130 -0.731077E+01
015 145 -0.773490E+01
015 160 -0.926798E+01
015 -200 -0.926798E+01
015 170 -0.838873E+01
015 -190 -0.838873E+01
015 180 -0.813214E+01
015 -180 -0.813214E+01
030 -150 -0.861957E+01
030 210 -0.861957E+01
030 -130 -0.924993E+01
030 -115 -0.924940E+01
030 -100 -0.877997E+01
030 -085 -0.741733E+01
030 -070 -0.643362E+01
030 -055 -0.584599E+01
030 -040 -0.551699E+01
030 -025 -0.538270E+01
030 -010 -0.562893E+01
030 000 -0.609016E+01
030 015 -0.691077E+01
030 030 -0.781456E+01
030 050 -0.840259E+01
030 070 -0.824598E+01
030 090 -0.758119E+01
030 110 -0.734580E+01
030 130 -0.769837E+01
030 145 -0.766341E+01
030 160 -0.711030E+01
030 -200 -0.711030E+01
030 170 -0.755082E+01
030 -190 -0.755082E+01
030 180 -0.739866E+01
030 -180 -0.739866E+01
050 -165 -0.886993E+01
050 195 -0.886993E+01
050 -150 -0.926203E+01
050 210 -0.926203E+01
050 -130 -0.968015E+01
050 -115 -0.886491E+01
050 -100 -0.768556E+01
050 -085 -0.684577E+01
050 -070 -0.630114E+01
050 -055 -0.584582E+01
050 -040 -0.555084E+01
050 -025 -0.549890E+01
050 -010 -0.676496E+01
050 000 -0.733128E+01
050 015 -0.801905E+01
050 030 -0.863945E+01
050 050 -0.843313E+01
050 070 -0.797437E+01
050 090 -0.860274E+01
050 110 -0.749640E+01
050 130 -0.729873E+01
050 145 -0.726210E+01
050 160 -0.764445E+01
050 -200 -0.764445E+01
050 170 -0.802457E+01
050 -190 -0.802457E+01
050 180 -0.835607E+01
050 -180 -0.835607E+01
070 -165 -0.101635E+02
070 195 -0.101635E+02
070 -150 -0.101806E+02
070 210 -0.101806E+02
070 -130 -0.983976E+01
070 -115 -0.917076E+01
070 -100 -0.831894E+01
070 -085 -0.759067E+01
070 -070 -0.706030E+01
070 -055 -0.670176E+01
070 -040 -0.677009E+01
070 -025 -0.717226E+01
070 -010 -0.771350E+01
070 000 -0.805517E+01
070 015 -0.827113E+01
070 030 -0.803334E+01
070 050 -0.763017E+01
070 070 -0.798026E+01
070 090 -0.817452E+01
070 110 -0.814544E+01
070 130 -0.860818E+01
070 145 -0.910662E+01
070 160 -0.958636E+01
070 -200 -0.958636E+01
070 170 -0.992268E+01
070 -190 -0.992268E+01
090 -165 -0.101845E+02
090 195 -0.101845E+02
090 -150 -0.104633E+02
090 210 -0.104633E+02
090 -130 -0.973639E+01
090 -115 -0.924642E+01
090 -100 -0.864760E+01
090 -085 -0.791110E+01
090 -070 -0.719418E+01
090 -055 -0.702605E+01
090 -040 -0.716559E+01
090 -025 -0.751237E+01
090 -010 -0.762666E+01
090 000 -0.774799E+01
090 015 -0.754794E+01
090 030 -0.745139E+01
090 050 -0.720917E+01
090 070 -0.820210E+01
090 090 -0.836456E+01
090 110 -0.898231E+01
090 130 -0.974807E+01
090 145 -0.106588E+02
090 160 -0.109263E+02
090 -200 -0.109263E+02
090 170 -0.108769E+02
090 -190 -0.108769E+02
090 180 -0.106614E+02
090 -180 -0.106614E+02
110 -165 -0.105522E+02
110 195 -0.105522E+02
110 -150 -0.105329E+02
110 210 -0.105329E+02
110 -130 -0.101469E+02
110 -115 -0.932129E+01
110 -100 -0.851928E+01
110 -085 -0.773192E+01
110 -070 -0.729895E+01
110 -055 -0.712162E+01
110 -040 -0.716499E+01
110 -025 -0.723287E+01
110 -010 -0.723227E+01
110 000 -0.716636E+01
110 015 -0.707872E+01
110 030 -0.689569E+01
110 050 -0.711155E+01
110 070 -0.788631E+01
110 090 -0.828399E+01
110 110 -0.925943E+01
110 130 -0.103937E+02
110 145 -0.108250E+02
110 160 -0.107031E+02
110 -200 -0.107031E+02
110 170 -0.103029E+02
110 -190 -0.103029E+02
110 180 -0.103242E+02
110 -180 -0.103242E+02
130 -165 -0.113368E+02
130 195 -0.113368E+02
130 -150 -0.114344E+02
130 210 -0.114344E+02
130 -130 -0.106809E+02
130 -115 -0.963786E+01
130 -100 -0.850876E+01
130 -085 -0.763524E+01
130 -070 -0.724701E+01
130 -055 -0.706485E+01
130 -040 -0.701609E+01
130 -010 -0.687147E+01
130 000 -0.679387E+01
130 015 -0.666550E+01
130 030 -0.639612E+01
130 050 -0.753091E+01
130 070 -0.770856E+01
130 090 -0.827129E+01
130 110 -0.908199E+01
130 130 -0.945673E+01
130 145 -0.950289E+01
130 160 -0.935384E+01
130 -200 -0.935384E+01
130 170 -0.985273E+01
130 -190 -0.985273E+01
130 180 -0.105642E+02
130 -180 -0.105642E+02
150 -165 -0.126356E+02
-210 -165 -0.126356E+02
150 195 -0.126356E+02
150 -150 -0.124189E+02
-210 -150 -0.124189E+02
150 210 -0.124189E+02
150 -130 -0.110962E+02
-210 -130 -0.110962E+02
150 -115 -0.973850E+01
-210 -115 -0.973850E+01
150 -100 -0.856890E+01
-210 -100 -0.856890E+01
150 -085 -0.783816E+01
-210 -085 -0.783816E+01
150 -070 -0.746797E+01
-210 -070 -0.746797E+01
150 -055 -0.742222E+01
-210 -055 -0.742222E+01
150 -040 -0.738000E+01
-210 -040 -0.738000E+01
150 -025 -0.718125E+01
-210 -025 -0.718125E+01
150 -010 -0.686204E+01
-210 -010 -0.686204E+01
150 000 -0.664070E+01
-210 000 -0.664070E+01
150 015 -0.578202E+01
-210 015 -0.578202E+01
150 030 -0.654736E+01
-210 030 -0.654736E+01
150 050 -0.747293E+01
-210 050 -0.747293E+01
150 070 -0.792401E+01
-210 070 -0.792401E+01
150 090 -0.831882E+01
-210 090 -0.831882E+01
150 110 -0.769608E+01
-210 110 -0.769608E+01
150 130 -0.803907E+01
-210 130 -0.803907E+01
150 145 -0.902480E+01
-210 145 -0.902480E+01
150 160 -0.103370E+02
-210 160 -0.103370E+02
150 -200 -0.103370E+02
-210 -200 -0.103370E+02
150 170 -0.112712E+02
-210 170 -0.112712E+02
150 -190 -0.112712E+02
-210 -190 -0.112712E+02
150 180 -0.120790E+02
-210 180 -0.120790E+02
150 -180 -0.120790E+02
-210 -180 -0.120790E+02
165 -165 -0.134149E+02
-195 -165 -0.134149E+02
165 195 -0.134149E+02
165 -150 -0.127652E+02
-195 -150 -0.127652E+02
165 210 -0.127652E+02
165 -130 -0.109957E+02
-195 -130 -0.109957E+02
165 -115 -0.958355E+01
-195 -115 -0.958355E+01
165 -100 -0.844552E+01
-195 -100 -0.844552E+01
165 -085 -0.811666E+01
-195 -085 -0.811666E+01
165 -070 -0.789308E+01
-195 -070 -0.789308E+01
165 -055 -0.786354E+01
-195 -055 -0.786354E+01
165 -040 -0.779770E+01
-195 -040 -0.779770E+01
165 -025 -0.743618E+01
-195 -025 -0.743618E+01
165 -010 -0.497740E+01
-195 -010 -0.497740E+01
165 000 -0.525453E+01
-195 000 -0.525453E+01
165 015 -0.601153E+01
-195 015 -0.601153E+01
165 030 -0.671377E+01
-195 030 -0.671377E+01
165 050 -0.751952E+01
-195 050 -0.751952E+01
165 070 -0.772424E+01
-195 070 -0.772424E+01
165 090 -0.705454E+01
-195 090 -0.705454E+01
165 110 -0.735017E+01
-195 110 -0.735017E+01
165 130 -0.864468E+01
-195 130 -0.864468E+01
165 145 -0.101664E+02
-195 145 -0.101664E+02
165 160 -0.116692E+02
-195 160 -0.116692E+02
165 -200 -0.116692E+02
-195 -200 -0.116692E+02
165 170 -0.125243E+02
-195 170 -0.125243E+02
165 -190 -0.125243E+02
-195 -190 -0.125243E+02
165 180 -0.132122E+02
-195 180 -0.132122E+02
165 -180 -0.132122E+02
-195 -180 -0.132122E+02
180 -165 -0.135551E+02
-180 -165 -0.135551E+02
180 195 -0.135551E+02
180 -150 -0.124196E+02
-180 -150 -0.124196E+02
180 210 -0.124196E+02
180 -130 -0.104346E+02
-180 -130 -0.104346E+02
180 -115 -0.917306E+01
-180 -115 -0.917306E+01
180 -100 -0.833725E+01
-180 -100 -0.833725E+01
180 -085 -0.867382E+01
-180 -085 -0.867382E+01
180 -070 -0.830480E+01
-180 -070 -0.830480E+01
180 -055 -0.822062E+01
-180 -055 -0.822062E+01
180 -040 -0.796362E+01
-180 -040 -0.796362E+01
180 -025 -0.745943E+01
-180 -025 -0.745943E+01
180 -010 -0.533443E+01
-180 -010 -0.533443E+01
180 000 -0.573056E+01
-180 000 -0.573056E+01
180 015 -0.644940E+01
-180 015 -0.644940E+01
180 030 -0.708304E+01
-180 030 -0.708304E+01
180 070 -0.728069E+01
-180 070 -0.728069E+01
180 090 -0.728292E+01
-180 090 -0.728292E+01
180 110 -0.802115E+01
-180 110 -0.802115E+01
180 130 -0.984811E+01
-180 130 -0.984811E+01
180 145 -0.114964E+02
-180 145 -0.114964E+02
180 160 -0.129655E+02
-180 160 -0.129655E+02
180 -200 -0.129655E+02
-180 -200 -0.129655E+02
180 170 -0.136321E+02
-180 170 -0.136321E+02
180 -190 -0.136321E+02
-180 -190 -0.136321E+02
180 180 -0.139221E+02
-180 180 -0.139221E+02
180 -180 -0.139221E+02
-180 -180 -0.139221E+02
