PHI PSI J_12_14
-165 -165 0.157578E+01
195 -165 0.157578E+01
-165 195 0.157578E+01
195 195 0.157578E+01
-165 -150 0.926557E+00
195 -150 0.926557E+00
-165 210 0.926557E+00
195 210 0.926557E+00
-165 -130 0.496491E+00
195 -130 0.496491E+00
-165 -115 0.436755E+00
195 -115 0.436755E+00
-165 -100 0.850607E+00
195 -100 0.850607E+00
-165 -085 0.413737E+01
195 -085 0.413737E+01
-165 -070 0.398811E+01
195 -070 0.398811E+01
-165 -055 0.232779E+01
195 -055 0.232779E+01
-165 -040 0.100377E+01
195 -040 0.100377E+01
-165 -025 0.412715E+00
195 -025 0.412715E+00
-165 -010 0.917215E+01
195 -010 0.917215E+01
-165 000 0.892441E+01
195 000 0.892441E+01
-165 015 0.833700E+01
195 015 0.833700E+01
-165 030 0.773153E+01
195 030 0.773153E+01
-165 050 0.726152E+01
195 050 0.726152E+01
-165 070 0.743840E+01
195 070 0.743840E+01
-165 090 0.736981E+01
195 090 0.736981E+01
-165 110 0.673981E+01
195 110 0.673981E+01
-165 130 0.597045E+01
195 130 0.597045E+01
-165 145 0.501948E+01
195 145 0.501948E+01
-165 160 0.400156E+01
195 160 0.400156E+01
-165 -200 0.400156E+01
-165 170 0.324577E+01
195 170 0.324577E+01
-165 -190 0.324577E+01
-165 180 0.243208E+01
195 180 0.243208E+01
-165 -180 0.243208E+01
-150 -165 0.214293E+01
210 -165 0.214293E+01
-150 195 0.214293E+01
210 195 0.214293E+01
-150 -150 0.157315E+01
210 -150 0.157315E+01
-150 210 0.157315E+01
210 210 0.157315E+01
-150 -130 0.138866E+01
210 -130 0.138866E+01
-150 -115 0.189783E+01
210 -115 0.189783E+01
-150 -100 0.516097E+01
210 -100 0.516097E+01
-150 -085 0.620804E+01
210 -085 0.620804E+01
-150 -070 0.578524E+01
210 -070 0.578524E+01
-150 -055 0.418457E+01
210 -055 0.418457E+01
-150 -040 0.271947E+01
210 -040 0.271947E+01
-150 -025 0.213498E+01
210 -025 0.213498E+01
-150 -010 0.970485E+01
210 -010 0.970485E+01
-150 000 0.944088E+01
210 000 0.944088E+01
-150 015 0.905151E+01
210 015 0.905151E+01
-150 030 0.871623E+01
210 030 0.871623E+01
-150 050 0.841285E+01
210 050 0.841285E+01
-150 070 0.847850E+01
210 070 0.847850E+01
-150 090 0.831153E+01
210 090 0.831153E+01
-150 110 0.752660E+01
210 110 0.752660E+01
-150 130 0.655197E+01
210 130 0.655197E+01
-150 145 0.556234E+01
210 145 0.556234E+01
-150 160 0.446680E+01
210 160 0.446680E+01
-150 -200 0.446680E+01
-150 170 0.366435E+01
210 170 0.366435E+01
-150 -190 0.366435E+01
-125 -165 0.507305E+01
-125 195 0.507305E+01
-125 -150 0.506463E+01
-125 210 0.506463E+01
-125 -130 0.630588E+01
-125 -115 0.750265E+01
-125 -100 0.817410E+01
-125 -085 0.849640E+01
-125 -070 0.855930E+01
-125 -055 0.977126E+01
-125 -040 0.946217E+01
-125 -025 0.927819E+01
-125 -010 0.910782E+01
-125 000 0.903130E+01
-125 015 0.898279E+01
-125 030 0.898582E+01
-125 050 0.907705E+01
-125 070 0.915803E+01
-125 090 0.898155E+01
-125 110 0.845176E+01
-125 130 0.768881E+01
-125 145 0.710260E+01
-125 160 0.631826E+01
-125 -200 0.631826E+01
-125 170 0.593334E+01
-125 -190 0.593334E+01
-100 -165 0.877434E+01
-100 195 0.877434E+01
-100 -150 0.881303E+01
-100 210 0.881303E+01
-100 -130 0.901926E+01
-100 -115 0.917640E+01
-100 -100 0.929880E+01
-100 -085 0.936526E+01
-100 -070 0.936790E+01
-100 -055 0.792132E+01
-100 -040 0.713135E+01
-100 -025 0.701399E+01
-100 -010 0.671248E+01
-100 000 0.700301E+01
-100 015 0.769248E+01
-100 030 0.825643E+01
-100 050 0.801361E+01
-100 070 0.755163E+01
-100 090 0.825707E+01
-100 110 0.877413E+01
-100 130 0.882149E+01
-100 145 0.874139E+01
-100 160 0.870136E+01
-100 -200 0.870136E+01
-100 170 0.869631E+01
-100 -190 0.869631E+01
-085 -165 0.936111E+01
-085 195 0.936111E+01
-085 -150 0.941229E+01
-085 210 0.941229E+01
-085 -130 0.945779E+01
-085 -115 0.956136E+01
-085 -100 0.942396E+01
-085 -085 0.920418E+01
-085 -070 0.838159E+01
-085 -055 0.597537E+01
-085 -040 0.486013E+01
-085 -025 0.430439E+01
-085 -010 0.506504E+01
-085 000 0.579257E+01
-085 015 0.688685E+01
-085 030 0.722919E+01
-085 050 0.639939E+01
-085 070 0.645493E+01
-085 090 0.728321E+01
-085 110 0.811340E+01
-085 130 0.872048E+01
-085 145 0.900105E+01
-085 160 0.918210E+01
-085 -200 0.918210E+01
-085 170 0.927774E+01
-085 -190 0.927774E+01
-085 180 0.931485E+01
-085 -180 0.931485E+01
-070 -165 0.907210E+01
-070 195 0.907210E+01
-070 -150 0.937642E+01
-070 210 0.937642E+01
-070 -130 0.959298E+01
-070 -115 0.961398E+01
-070 -100 0.904096E+01
-070 -085 0.830654E+01
-070 -070 0.603810E+01
-070 -055 0.330153E+01
-070 -040 0.198885E+01
-070 -025 0.290379E+01
-070 -010 0.439643E+01
-070 000 0.523198E+01
-070 015 0.597000E+01
-070 030 0.598772E+01
-070 050 0.579599E+01
-070 070 0.600137E+01
-070 090 0.665422E+01
-070 110 0.690479E+01
-070 130 0.747149E+01
-070 145 0.777595E+01
-070 160 0.815135E+01
-070 -200 0.815135E+01
-070 170 0.843366E+01
-070 -190 0.843366E+01
-055 -165 0.838326E+01
-055 195 0.838326E+01
-055 -150 0.894270E+01
-055 210 0.894270E+01
-055 -130 0.920473E+01
-055 -115 0.847080E+01
-055 -100 0.734488E+01
-055 -085 0.553906E+01
-055 -070 0.220940E+01
-055 -055 0.862357E+00
-055 -040 0.129854E+01
-055 -025 0.248316E+01
-055 -010 0.395747E+01
-055 000 0.446177E+01
-055 015 0.461732E+01
-055 030 0.409699E+01
-055 050 0.442078E+01
-055 070 0.475472E+01
-055 090 0.529564E+01
-055 110 0.501152E+01
-055 130 0.530058E+01
-055 145 0.570768E+01
-055 160 0.641693E+01
-055 -200 0.641693E+01
-055 170 0.704406E+01
-055 -190 0.704406E+01
-055 180 0.757232E+01
-055 -180 0.757232E+01
-040 -165 0.709143E+01
-040 195 0.709143E+01
-040 -150 0.768114E+01
-040 210 0.768114E+01
-040 -130 0.724376E+01
-040 -115 0.537835E+01
-040 -100 0.249774E+01
-040 -085 -0.214702E+00
-040 -070 -0.172691E+00
-040 -055 0.301509E+00
-040 -040 0.110021E+01
-040 -025 0.216480E+01
-040 -010 0.276708E+01
-040 000 0.251778E+01
-040 015 0.141619E+01
-040 030 0.165667E+01
-040 050 0.213062E+01
-040 070 0.281212E+01
-040 090 0.295320E+01
-040 110 0.229790E+01
-040 130 0.293828E+01
-040 145 0.377708E+01
-040 160 0.465576E+01
-040 -200 0.465576E+01
-040 170 0.542641E+01
-040 -190 0.542641E+01
-040 180 0.613493E+01
-040 -180 0.613493E+01
-025 -165 0.481568E+01
-025 195 0.481568E+01
-025 -150 0.504972E+01
-025 210 0.504972E+01
-025 -130 0.208508E+01
-025 -115 0.258786E+01
-025 -100 0.127704E+01
-025 -085 0.159996E+00
-025 -070 -0.403387E+00
-025 -055 -0.109034E+00
-025 -040 0.508395E+00
-025 -025 0.886202E+00
-025 -010 -0.579460E-01
-025 000 -0.688930E-01
-025 015 -0.449183E-01
-025 030 -0.547315E-01
-025 050 0.121740E+00
-025 070 0.326940E+00
-025 090 -0.220730E+00
-025 110 -0.168347E-03
-025 130 0.913062E+00
-025 145 0.191938E+01
-025 160 0.281637E+01
-025 -200 0.281637E+01
-025 170 0.336284E+01
-025 -190 0.336284E+01
-025 180 0.385672E+01
-025 -180 0.385672E+01
-010 -150 0.608505E+01
-010 210 0.608505E+01
-010 -130 0.549159E+01
-010 -115 0.442503E+01
-010 -100 0.322246E+01
-010 -085 0.101670E+01
-010 -070 -0.344022E+00
-010 -055 -0.307984E+00
-010 -040 -0.208504E+00
-010 -025 0.714209E+00
-010 -010 0.917228E+00
-010 000 0.965008E+00
-010 015 0.861657E+00
-010 030 0.540706E+00
-010 050 0.174185E+00
-010 070 0.150534E+01
-010 090 0.437477E+00
-010 110 -0.422633E+00
-010 130 -0.658868E-01
-010 145 0.309094E+00
-010 160 0.750595E+00
-010 -200 0.750595E+00
-010 170 0.100328E+01
-010 -190 0.100328E+01
-010 180 0.131008E+01
-010 -180 0.131008E+01
000 -165 0.763719E+01
000 195 0.763719E+01
000 -150 0.743508E+01
000 210 0.743508E+01
000 -115 0.572776E+01
000 -100 0.375973E+01
000 -085 0.148815E+01
000 -070 -0.676301E-01
000 -055 -0.196181E+00
000 -040 0.164596E+01
000 -025 0.235731E+01
000 -010 0.222671E+01
000 000 0.221299E+01
000 015 0.195239E+01
000 030 0.160042E+01
000 050 0.203730E+01
000 070 0.316741E+01
000 090 0.949156E+00
000 110 -0.363636E+00
000 130 -0.384468E+00
000 145 -0.259999E+00
000 160 -0.993079E-01
000 -200 -0.993079E-01
000 170 -0.101472E+00
000 -190 -0.101472E+00
000 180 0.635512E+01
000 -180 0.635512E+01
015 -150 0.851908E+01
015 210 0.851908E+01
015 -130 0.758694E+01
015 -115 0.643754E+01
015 -100 0.453360E+01
015 -085 0.267969E+01
015 -070 0.149749E+01
015 -055 0.482551E+01
015 -040 0.406698E+01
015 -025 0.469149E+01
015 -010 0.427746E+01
015 000 0.417810E+01
015 015 0.394845E+01
015 030 0.398277E+01
015 070 0.410352E+01
015 090 0.156848E+01
015 110 0.283561E+00
015 130 0.118268E+00
015 145 0.200814E+00
015 160 0.801270E+01
015 -200 0.801270E+01
015 170 0.878011E+01
015 -190 0.878011E+01
015 180 0.900772E+01
015 -180 0.900772E+01
030 -150 0.817581E+01
030 210 0.817581E+01
030 -130 0.776415E+01
030 -115 0.718916E+01
030 -100 0.640371E+01
030 -085 0.729567E+01
030 -070 0.738334E+01
030 -055 0.723973E+01
030 -040 0.627008E+01
030 -025 0.661872E+01
030 -010 0.616749E+01
030 000 0.602322E+01
030 015 0.599761E+01
030 030 0.688352E+01
030 050 0.619169E+01
030 070 0.451066E+01
030 090 0.309837E+01
030 110 0.226259E+01
030 130 0.284899E+01
030 145 0.793641E+01
030 160 0.799127E+01
030 -200 0.799127E+01
030 170 0.818693E+01
030 -190 0.818693E+01
030 180 0.819715E+01
030 -180 0.819715E+01
050 -165 0.689740E+01
050 195 0.689740E+01
050 -150 0.719689E+01
050 210 0.719689E+01
050 -130 0.750228E+01
050 -115 0.758058E+01
050 -100 0.756645E+01
050 -085 0.750337E+01
050 -070 0.741949E+01
050 -055 0.732227E+01
050 -040 0.738043E+01
050 -025 0.698919E+01
050 -010 0.711427E+01
050 000 0.706192E+01
050 015 0.715130E+01
050 030 0.687362E+01
050 050 0.619608E+01
050 070 0.596264E+01
050 090 0.747262E+01
050 110 0.693926E+01
050 130 0.619978E+01
050 145 0.599065E+01
050 160 0.617679E+01
050 -200 0.617679E+01
050 170 0.639597E+01
050 -190 0.639597E+01
050 180 0.649606E+01
050 -180 0.649606E+01
070 -165 0.582498E+01
070 195 0.582498E+01
070 -150 0.621052E+01
070 210 0.621052E+01
070 -130 0.670412E+01
070 -115 0.690338E+01
070 -100 0.698692E+01
070 -085 0.701983E+01
070 -070 0.696995E+01
070 -055 0.686030E+01
070 -040 0.694537E+01
070 -025 0.701900E+01
070 -010 0.708108E+01
070 000 0.708857E+01
070 015 0.712417E+01
070 030 0.703866E+01
070 050 0.715025E+01
070 070 0.766597E+01
070 090 0.661622E+01
070 110 0.549022E+01
070 130 0.488973E+01
070 145 0.483196E+01
070 160 0.503805E+01
070 -200 0.503805E+01
070 170 0.530185E+01
070 -190 0.530185E+01
090 -165 0.351130E+01
090 195 0.351130E+01
090 -150 0.429196E+01
090 210 0.429196E+01
090 -130 0.471630E+01
090 -115 0.551097E+01
090 -100 0.637033E+01
090 -085 0.705645E+01
090 -070 0.716549E+01
090 -055 0.717034E+01
090 -040 0.711009E+01
090 -025 0.694713E+01
090 -010 0.712720E+01
090 000 0.731501E+01
090 015 0.772461E+01
090 030 0.798294E+01
090 050 0.831831E+01
090 070 0.713718E+01
090 090 0.522231E+01
090 110 0.440919E+01
090 130 0.384476E+01
090 145 0.395662E+01
090 160 0.380865E+01
090 -200 0.380865E+01
090 170 0.380078E+01
090 -190 0.380078E+01
090 180 0.367270E+01
090 -180 0.367270E+01
110 -165 0.108296E+01
110 195 0.108296E+01
110 -150 0.153392E+01
110 210 0.153392E+01
110 -130 0.254843E+01
110 -115 0.309737E+01
110 -100 0.412879E+01
110 -085 0.502654E+01
110 -070 0.559956E+01
110 -055 0.558244E+01
110 -040 0.544291E+01
110 -025 0.556589E+01
110 -010 0.622425E+01
110 000 0.670160E+01
110 015 0.717774E+01
110 030 0.762285E+01
110 050 0.734870E+01
110 070 0.319955E+01
110 090 0.302078E+01
110 110 0.260291E+01
110 130 0.209413E+01
110 145 0.154511E+01
110 160 0.991172E+00
110 -200 0.991172E+00
110 170 0.628949E+00
110 -190 0.628949E+00
110 180 0.705500E+00
110 -180 0.705500E+00
130 -165 -0.873991E-01
130 195 -0.873991E-01
130 -150 0.137977E+00
130 210 0.137977E+00
130 -130 0.714499E+00
130 -115 0.134151E+01
130 -100 0.181218E+01
130 -085 0.239383E+01
130 -070 0.243315E+01
130 -055 0.257007E+01
130 -040 0.258641E+01
130 -010 0.380053E+01
130 000 0.423030E+01
130 015 0.488509E+01
130 030 0.545909E+01
130 050 -0.801456E-01
130 070 0.354796E+00
130 090 0.678434E+00
130 110 0.375444E+00
130 130 -0.335819E+00
130 145 -0.170713E+00
130 160 -0.456918E-03
130 -200 -0.456918E-03
130 170 -0.123102E-01
130 -190 -0.123102E-01
130 180 -0.110993E+00
130 -180 -0.110993E+00
150 -165 0.405100E+00
-210 -165 0.405100E+00
150 195 0.405100E+00
150 -150 0.103254E+00
-210 -150 0.103254E+00
150 210 0.103254E+00
150 -130 0.974165E-01
-210 -130 0.974165E-01
150 -115 0.290582E+00
-210 -115 0.290582E+00
150 -100 0.402329E+00
-210 -100 0.402329E+00
150 -085 0.437134E+00
-210 -085 0.437134E+00
150 -070 0.261914E+00
-210 -070 0.261914E+00
150 -055 0.191399E+00
-210 -055 0.191399E+00
150 -040 0.260048E+00
-210 -040 0.260048E+00
150 -025 0.566763E+00
-210 -025 0.566763E+00
150 -010 0.112668E+01
-210 -010 0.112668E+01
150 000 0.149943E+01
-210 000 0.149943E+01
150 015 0.303709E+01
-210 015 0.303709E+01
150 030 0.228253E+01
-210 030 0.228253E+01
150 050 0.948975E+00
-210 050 0.948975E+00
150 070 0.288435E-01
-210 070 0.288435E-01
150 090 0.100705E-01
-210 090 0.100705E-01
150 110 0.159287E+01
-210 110 0.159287E+01
150 130 0.225006E+01
-210 130 0.225006E+01
150 145 0.223220E+01
-210 145 0.223220E+01
150 160 0.189569E+01
-210 160 0.189569E+01
150 -200 0.189569E+01
-210 -200 0.189569E+01
150 170 0.148240E+01
-210 170 0.148240E+01
150 -190 0.148240E+01
-210 -190 0.148240E+01
150 180 0.997165E+00
-210 180 0.997165E+00
150 -180 0.997165E+00
-210 -180 0.997165E+00
165 -165 0.908093E+00
-195 -165 0.908093E+00
165 195 0.908093E+00
165 -150 0.376360E+00
-195 -150 0.376360E+00
165 210 0.376360E+00
165 -130 0.444385E-01
-195 -130 0.444385E-01
165 -115 -0.142964E-01
-195 -115 -0.142964E-01
165 -100 -0.416586E-01
-195 -100 -0.416586E-01
165 -085 -0.139100E+00
-195 -085 -0.139100E+00
165 -070 -0.160791E+00
-195 -070 -0.160791E+00
165 -055 -0.158458E+00
-195 -055 -0.158458E+00
165 -040 -0.247688E+00
-195 -040 -0.247688E+00
165 -025 -0.202450E+00
-195 -025 -0.202450E+00
165 -010 0.602283E+01
-195 -010 0.602283E+01
165 000 0.593190E+01
-195 000 0.593190E+01
165 015 0.536144E+01
-195 015 0.536144E+01
165 030 0.454096E+01
-195 030 0.454096E+01
165 050 0.309933E+01
-195 050 0.309933E+01
165 070 0.247342E+01
-195 070 0.247342E+01
165 090 0.381439E+01
-195 090 0.381439E+01
165 110 0.424566E+01
-195 110 0.424566E+01
165 130 0.411995E+01
-195 130 0.411995E+01
165 145 0.365184E+01
-195 145 0.365184E+01
165 160 0.304202E+01
-195 160 0.304202E+01
165 -200 0.304202E+01
-195 -200 0.304202E+01
165 170 0.249624E+01
-195 170 0.249624E+01
165 -190 0.249624E+01
-195 -190 0.249624E+01
165 180 0.178220E+01
-195 180 0.178220E+01
165 -180 0.178220E+01
-195 -180 0.178220E+01
180 -165 0.129709E+01
-180 -165 0.129709E+01
180 195 0.129709E+01
180 -150 0.611713E+00
-180 -150 0.611713E+00
180 210 0.611713E+00
180 -130 0.149844E+00
-180 -130 0.149844E+00
180 -115 0.975526E-02
-180 -115 0.975526E-02
180 -100 -0.218873E-01
-180 -100 -0.218873E-01
180 -085 0.931686E+00
-180 -085 0.931686E+00
180 -070 0.182692E+01
-180 -070 0.182692E+01
180 -055 0.774750E+00
-180 -055 0.774750E+00
180 -040 0.164174E+00
-180 -040 0.164174E+00
180 -025 -0.162873E+00
-180 -025 -0.162873E+00
180 -010 0.802537E+01
-180 -010 0.802537E+01
180 000 0.779297E+01
-180 000 0.779297E+01
180 015 0.717024E+01
-180 015 0.717024E+01
180 030 0.636016E+01
-180 030 0.636016E+01
180 070 0.566402E+01
-180 070 0.566402E+01
180 090 0.598102E+01
-180 090 0.598102E+01
180 110 0.594392E+01
-180 110 0.594392E+01
180 130 0.531411E+01
-180 130 0.531411E+01
180 145 0.457892E+01
-180 145 0.457892E+01
180 160 0.368329E+01
-180 160 0.368329E+01
180 -200 0.368329E+01
-180 -200 0.368329E+01
180 170 0.302951E+01
-180 170 0.302951E+01
180 -190 0.302951E+01
-180 -190 0.302951E+01
180 180 0.226021E+01
-180 180 0.226021E+01
180 -180 0.226021E+01
-180 -180 0.226021E+01
