PHI PSI J_6_21
-165 -165 -0.152063E+00
195 -165 -0.152063E+00
-165 195 -0.152063E+00
195 195 -0.152063E+00
-165 -150 -0.212567E+00
195 -150 -0.212567E+00
-165 210 -0.212567E+00
195 210 -0.212567E+00
-165 -130 -0.265470E+00
195 -130 -0.265470E+00
-165 -115 -0.253869E+00
195 -115 -0.253869E+00
-165 -100 -0.188214E+00
195 -100 -0.188214E+00
-165 -085 -0.593047E-01
195 -085 -0.593047E-01
-165 -070 0.529349E-01
195 -070 0.529349E-01
-165 -055 0.140869E+00
195 -055 0.140869E+00
-165 -040 0.190276E+00
195 -040 0.190276E+00
-165 -025 0.208345E+00
195 -025 0.208345E+00
-165 -010 0.226980E+00
195 -010 0.226980E+00
-165 000 0.204566E+00
195 000 0.204566E+00
-165 015 0.187679E+00
195 015 0.187679E+00
-165 030 0.172300E+00
195 030 0.172300E+00
-165 050 0.106822E+00
195 050 0.106822E+00
-165 070 0.870797E-02
195 070 0.870797E-02
-165 090 -0.725721E-01
195 090 -0.725721E-01
-165 110 -0.120629E+00
195 110 -0.120629E+00
-165 130 -0.124264E+00
195 130 -0.124264E+00
-165 145 -0.105308E+00
195 145 -0.105308E+00
-165 160 -0.876094E-01
195 160 -0.876094E-01
-165 -200 -0.876094E-01
-165 170 -0.875842E-01
195 170 -0.875842E-01
-165 -190 -0.875842E-01
-165 180 -0.943367E-01
195 180 -0.943367E-01
-165 -180 -0.943367E-01
-150 -165 -0.141476E+00
210 -165 -0.141476E+00
-150 195 -0.141476E+00
210 195 -0.141476E+00
-150 -150 -0.222665E+00
210 -150 -0.222665E+00
-150 210 -0.222665E+00
210 210 -0.222665E+00
-150 -130 -0.282899E+00
210 -130 -0.282899E+00
-150 -115 -0.256939E+00
210 -115 -0.256939E+00
-150 -100 -0.184178E+00
210 -100 -0.184178E+00
-150 -085 -0.571155E-01
210 -085 -0.571155E-01
-150 -070 0.616780E-01
210 -070 0.616780E-01
-150 -055 0.148189E+00
210 -055 0.148189E+00
-150 -040 0.185575E+00
210 -040 0.185575E+00
-150 -025 0.219402E+00
210 -025 0.219402E+00
-150 -010 0.202790E+00
210 -010 0.202790E+00
-150 000 0.186289E+00
210 000 0.186289E+00
-150 015 0.171571E+00
210 015 0.171571E+00
-150 030 0.137877E+00
210 030 0.137877E+00
-150 050 0.519265E-01
210 050 0.519265E-01
-150 070 -0.145568E-01
210 070 -0.145568E-01
-150 090 -0.585412E-01
210 090 -0.585412E-01
-150 110 -0.789330E-01
210 110 -0.789330E-01
-150 130 -0.611535E-01
210 130 -0.611535E-01
-150 145 -0.356633E-01
210 145 -0.356633E-01
-150 160 -0.242334E-01
210 160 -0.242334E-01
-150 -200 -0.242334E-01
-150 170 -0.359902E-01
210 170 -0.359902E-01
-150 -190 -0.359902E-01
-125 -165 -0.102447E+00
-125 195 -0.102447E+00
-125 -150 -0.189659E+00
-125 210 -0.189659E+00
-125 -130 -0.245676E+00
-125 -115 -0.216259E+00
-125 -100 -0.149243E+00
-125 -085 -0.442170E-01
-125 -070 0.426273E-01
-125 -055 0.114988E+00
-125 -040 0.147042E+00
-125 -025 0.140280E+00
-125 -010 0.131037E+00
-125 000 0.120085E+00
-125 015 0.874813E-01
-125 030 0.344800E-01
-125 050 -0.195513E-01
-125 070 -0.176871E-01
-125 090 -0.192354E-01
-125 110 -0.108173E-01
-125 130 0.179337E-01
-125 145 0.400992E-01
-125 160 0.400408E-01
-125 -200 0.400408E-01
-125 170 0.206614E-01
-125 -190 0.206614E-01
-100 -165 -0.378089E-01
-100 195 -0.378089E-01
-100 -150 -0.770493E-01
-100 210 -0.770493E-01
-100 -130 -0.108917E+00
-100 -115 -0.100199E+00
-100 -100 -0.743919E-01
-100 -085 -0.366155E-01
-100 -070 0.185977E-02
-100 -055 0.335609E-01
-100 -040 0.548525E-01
-100 -025 0.636918E-01
-100 -010 0.558406E-01
-100 000 0.358980E-01
-100 015 -0.117411E-01
-100 030 -0.477479E-01
-100 050 0.110130E-01
-100 070 0.856534E-01
-100 090 0.571676E-01
-100 110 0.386603E-01
-100 130 0.432441E-01
-100 145 0.485472E-01
-100 160 0.455420E-01
-100 -200 0.455420E-01
-100 170 0.338376E-01
-100 -190 0.338376E-01
-085 -165 0.157498E-01
-085 195 0.157498E-01
-085 -150 0.496783E-03
-085 210 0.496783E-03
-085 -130 -0.180609E-01
-085 -115 -0.270073E-01
-085 -100 -0.302887E-01
-085 -085 -0.253543E-01
-085 -070 -0.147629E-01
-085 -055 0.484562E-02
-085 -040 0.285287E-01
-085 -025 0.391436E-01
-085 -010 0.200237E-01
-085 000 -0.657016E-02
-085 015 -0.446552E-01
-085 030 -0.228107E-01
-085 050 0.139989E+00
-085 070 0.181640E+00
-085 090 0.101640E+00
-085 110 0.436498E-01
-085 130 0.348517E-01
-085 145 0.365237E-01
-085 160 0.389664E-01
-085 -200 0.389664E-01
-085 170 0.378726E-01
-085 -190 0.378726E-01
-085 180 0.320284E-01
-085 -180 0.320284E-01
-070 -165 0.578873E-01
-070 195 0.578873E-01
-070 -150 0.608014E-01
-070 210 0.608014E-01
-070 -130 0.447806E-01
-070 -115 0.219998E-01
-070 -100 -0.115881E-02
-070 -085 -0.178101E-01
-070 -070 -0.236753E-01
-070 -055 -0.176530E-02
-070 -040 0.262455E-01
-070 -025 0.217984E-01
-070 -010 -0.815972E-02
-070 000 -0.257325E-01
-070 015 -0.802475E-02
-070 030 0.990929E-01
-070 050 0.229006E+00
-070 070 0.199171E+00
-070 090 0.781055E-01
-070 110 0.163515E-01
-070 130 0.140830E-01
-070 145 0.223627E-01
-070 160 0.346811E-01
-070 -200 0.346811E-01
-070 170 0.426259E-01
-070 -190 0.426259E-01
-055 -165 0.787086E-01
-055 195 0.787086E-01
-055 -150 0.904818E-01
-055 210 0.904818E-01
-055 -130 0.745658E-01
-055 -115 0.428384E-01
-055 -100 0.613521E-02
-055 -085 -0.202485E-01
-055 -070 -0.189405E-01
-055 -055 0.964725E-02
-055 -040 0.232579E-01
-055 -025 0.868347E-02
-055 -010 -0.527991E-02
-055 000 0.134065E-01
-055 015 0.104709E+00
-055 030 0.222886E+00
-055 050 0.254513E+00
-055 070 0.159474E+00
-055 090 0.263457E-01
-055 110 -0.144841E-01
-055 130 -0.612647E-02
-055 145 0.967253E-02
-055 160 0.277328E-01
-055 -200 0.277328E-01
-055 170 0.409754E-01
-055 -190 0.409754E-01
-055 180 0.532122E-01
-055 -180 0.532122E-01
-040 -165 0.889278E-01
-040 195 0.889278E-01
-040 -150 0.981675E-01
-040 210 0.981675E-01
-040 -130 0.727927E-01
-040 -115 0.290208E-01
-040 -100 -0.139405E-01
-040 -085 -0.199162E-01
-040 -070 -0.528343E-02
-040 -055 0.170835E-01
-040 -040 0.184400E-01
-040 -025 0.112899E-01
-040 -010 0.439406E-01
-040 000 0.106305E+00
-040 015 0.229393E+00
-040 030 0.268840E+00
-040 050 0.234123E+00
-040 070 0.104777E+00
-040 090 -0.357766E-02
-040 110 -0.948263E-02
-040 130 -0.469810E-02
-040 145 -0.532745E-03
-040 160 0.255709E-01
-040 -200 0.255709E-01
-040 170 0.424679E-01
-040 -190 0.424679E-01
-040 180 0.603163E-01
-040 -180 0.603163E-01
-025 -165 0.938143E-01
-025 195 0.938143E-01
-025 -150 0.890223E-01
-025 210 0.890223E-01
-025 -130 0.189888E-01
-025 -115 0.115833E-02
-025 -100 -0.177777E-01
-025 -085 -0.177918E-01
-025 -070 -0.262860E-03
-025 -055 0.164335E-01
-025 -040 0.184466E-01
-025 -025 0.384812E-01
-025 -010 0.196244E+00
-025 000 0.232254E+00
-025 015 0.278461E+00
-025 030 0.275717E+00
-025 050 0.206104E+00
-025 070 0.737461E-01
-025 090 0.241148E-01
-025 110 0.101893E-01
-025 130 0.990877E-02
-025 145 0.198325E-01
-025 160 0.386803E-01
-025 -200 0.386803E-01
-025 170 0.587598E-01
-025 -190 0.587598E-01
-025 180 0.778521E-01
-025 -180 0.778521E-01
-010 -150 0.745914E-01
-010 210 0.745914E-01
-010 -130 0.208902E-01
-010 -115 -0.142893E-01
-010 -100 -0.300362E-01
-010 -085 -0.219339E-01
-010 -070 -0.191287E-02
-010 -055 0.143079E-01
-010 -040 0.457305E-01
-010 -025 0.170846E+00
-010 -010 0.233231E+00
-010 000 0.258897E+00
-010 015 0.280302E+00
-010 030 0.257916E+00
-010 050 0.171748E+00
-010 070 0.686682E-01
-010 090 0.384596E-01
-010 110 0.244678E-01
-010 130 0.331746E-01
-010 145 0.508204E-01
-010 160 0.724604E-01
-010 -200 0.724604E-01
-010 170 0.867881E-01
-010 -190 0.867881E-01
-010 180 0.947815E-01
-010 -180 0.947815E-01
000 -165 0.115974E+00
000 195 0.115974E+00
000 -150 0.729234E-01
000 210 0.729234E-01
000 -115 -0.271442E-01
000 -100 -0.394636E-01
000 -085 -0.231401E-01
000 -070 0.114557E-03
000 -055 0.279752E-01
000 -040 0.122713E+00
000 -025 0.187500E+00
000 -010 0.241797E+00
000 000 0.263921E+00
000 015 0.275949E+00
000 030 0.236604E+00
000 050 0.128365E+00
000 070 0.627577E-01
000 090 0.374698E-01
000 110 0.320444E-01
000 130 0.480258E-01
000 145 0.691146E-01
000 160 0.893299E-01
000 -200 0.893299E-01
000 170 0.962025E-01
000 -190 0.962025E-01
000 180 0.115937E+00
000 -180 0.115937E+00
015 -150 0.475674E-01
015 210 0.475674E-01
015 -130 -0.186179E-01
015 -115 -0.453893E-01
015 -100 -0.456495E-01
015 -085 -0.215272E-01
015 -070 0.151639E-01
015 -055 0.595278E-01
015 -040 0.134313E+00
015 -025 0.212066E+00
015 -010 0.264208E+00
015 000 0.276253E+00
015 015 0.245646E+00
015 030 0.180092E+00
015 070 0.516699E-01
015 090 0.311945E-01
015 110 0.375719E-01
015 130 0.622811E-01
015 145 0.830109E-01
015 160 0.143134E+00
015 -200 0.143134E+00
015 170 0.153532E+00
015 -190 0.153532E+00
015 180 0.142896E+00
015 -180 0.142896E+00
030 -150 0.178959E-01
030 210 0.178959E-01
030 -130 -0.351685E-01
030 -115 -0.547282E-01
030 -100 -0.513563E-01
030 -085 -0.513389E-01
030 -070 -0.106521E-01
030 -055 0.867994E-01
030 -040 0.163750E+00
030 -025 0.250764E+00
030 -010 0.271715E+00
030 000 0.249117E+00
030 015 0.182356E+00
030 030 0.605088E-01
030 050 0.549695E-01
030 070 0.347329E-01
030 090 0.187572E-01
030 110 0.321397E-01
030 130 0.657031E-01
030 145 0.128920E+00
030 160 0.136911E+00
030 -200 0.136911E+00
030 170 0.154733E+00
030 -190 0.154733E+00
030 180 0.107378E+00
030 -180 0.107378E+00
050 -165 0.386247E-01
050 195 0.386247E-01
050 -150 0.973373E-02
050 210 0.973373E-02
050 -130 -0.234482E-01
050 -115 -0.463051E-01
050 -100 -0.528964E-01
050 -085 -0.175141E-01
050 -070 0.768485E-01
050 -055 0.189600E+00
050 -040 0.250224E+00
050 -025 0.187285E+00
050 -010 0.196830E+00
050 000 0.135186E+00
050 015 0.242105E-01
050 030 0.343315E-01
050 050 0.383203E-01
050 070 0.723300E-02
050 090 -0.237290E-02
050 110 0.314811E-01
050 130 0.634547E-01
050 145 0.749818E-01
050 160 0.805638E-01
050 -200 0.805638E-01
050 170 0.768666E-01
050 -190 0.768666E-01
050 180 0.654155E-01
050 -180 0.654155E-01
070 -165 0.358957E-01
070 195 0.358957E-01
070 -150 0.317935E-01
070 210 0.317935E-01
070 -130 0.221080E-01
070 -115 0.175912E-01
070 -100 0.302788E-01
070 -085 0.890324E-01
070 -070 0.185394E+00
070 -055 0.254259E+00
070 -040 0.250981E+00
070 -025 0.168895E+00
070 -010 0.596087E-01
070 000 0.121505E-01
070 015 0.313031E-01
070 030 0.491122E-01
070 050 0.243219E-01
070 070 -0.918762E-02
070 090 -0.203320E-01
070 110 -0.220868E-01
070 130 -0.205224E-01
070 145 -0.123772E-01
070 160 0.384361E-02
070 -200 0.384361E-02
070 170 0.187956E-01
070 -190 0.187956E-01
090 -165 0.239871E-01
090 195 0.239871E-01
090 -150 0.485972E-01
090 210 0.485972E-01
090 -130 0.560880E-01
090 -115 0.542557E-01
090 -100 0.619472E-01
090 -085 0.104548E+00
090 -070 0.168844E+00
090 -055 0.181459E+00
090 -040 0.111961E+00
090 -025 0.192127E-01
090 -010 0.120891E-01
090 000 0.308412E-01
090 015 0.607587E-01
090 030 0.584662E-01
090 050 0.298879E-01
090 070 -0.120616E-01
090 090 -0.525397E-01
090 110 -0.103483E+00
090 130 -0.146183E+00
090 145 -0.144845E+00
090 160 -0.106892E+00
090 -200 -0.106892E+00
090 170 -0.681201E-01
090 -190 -0.681201E-01
090 180 -0.271793E-01
090 -180 -0.271793E-01
110 -165 0.726999E-02
110 195 0.726999E-02
110 -150 0.460751E-01
110 210 0.460751E-01
110 -130 0.441603E-01
110 -115 0.268757E-01
110 -100 0.131019E-01
110 -085 0.119847E-01
110 -070 0.148996E-01
110 -055 0.733363E-03
110 -040 -0.223356E-01
110 -025 -0.707741E-02
110 -010 0.415533E-01
110 000 0.707323E-01
110 015 0.898057E-01
110 030 0.896450E-01
110 050 0.730204E-01
110 070 0.123994E-01
110 090 -0.709756E-01
110 110 -0.188839E+00
110 130 -0.281646E+00
110 145 -0.296438E+00
110 160 -0.237934E+00
110 -200 -0.237934E+00
110 170 -0.162271E+00
110 -190 -0.162271E+00
110 180 -0.840414E-01
110 -180 -0.840414E-01
130 -165 -0.389761E-01
130 195 -0.389761E-01
130 -150 -0.162664E-02
130 210 -0.162664E-02
130 -130 -0.195498E-01
130 -115 -0.481208E-01
130 -100 -0.696886E-01
130 -085 -0.783879E-01
130 -070 -0.797541E-01
130 -055 -0.726066E-01
130 -040 -0.279211E-01
130 -010 0.929204E-01
130 000 0.116840E+00
130 015 0.138473E+00
130 030 0.154250E+00
130 050 0.628625E-01
130 070 0.452135E-01
130 090 -0.623245E-01
130 110 -0.237544E+00
130 130 -0.365330E+00
130 145 -0.379529E+00
130 160 -0.295121E+00
130 -200 -0.295121E+00
130 170 -0.209449E+00
130 -190 -0.209449E+00
130 180 -0.129926E+00
130 -180 -0.129926E+00
150 -165 -0.936233E-01
-210 -165 -0.936233E-01
150 195 -0.936233E-01
150 -150 -0.802341E-01
-210 -150 -0.802341E-01
150 210 -0.802341E-01
150 -130 -0.106597E+00
-210 -130 -0.106597E+00
150 -115 -0.133793E+00
-210 -115 -0.133793E+00
150 -100 -0.143730E+00
-210 -100 -0.143730E+00
150 -085 -0.127608E+00
-210 -085 -0.127608E+00
150 -070 -0.968012E-01
-210 -070 -0.968012E-01
150 -055 -0.343319E-01
-210 -055 -0.343319E-01
150 -040 0.505181E-01
-210 -040 0.505181E-01
150 -025 0.120253E+00
-210 -025 0.120253E+00
150 -010 0.160651E+00
-210 -010 0.160651E+00
150 000 0.175192E+00
-210 000 0.175192E+00
150 015 0.133615E+00
-210 015 0.133615E+00
150 030 0.912246E-01
-210 030 0.912246E-01
150 050 0.932139E-01
-210 050 0.932139E-01
150 070 0.749041E-01
-210 070 0.749041E-01
150 090 -0.585969E-01
-210 090 -0.585969E-01
150 110 -0.241681E+00
-210 110 -0.241681E+00
150 130 -0.337551E+00
-210 130 -0.337551E+00
150 145 -0.333779E+00
-210 145 -0.333779E+00
150 160 -0.270158E+00
-210 160 -0.270158E+00
150 -200 -0.270158E+00
-210 -200 -0.270158E+00
150 170 -0.209762E+00
-210 170 -0.209762E+00
150 -190 -0.209762E+00
-210 -190 -0.209762E+00
150 180 -0.150118E+00
-210 180 -0.150118E+00
150 -180 -0.150118E+00
-210 -180 -0.150118E+00
165 -165 -0.128371E+00
-195 -165 -0.128371E+00
165 195 -0.128371E+00
165 -150 -0.137021E+00
-195 -150 -0.137021E+00
165 210 -0.137021E+00
165 -130 -0.172975E+00
-195 -130 -0.172975E+00
165 -115 -0.188684E+00
-195 -115 -0.188684E+00
165 -100 -0.174773E+00
-195 -100 -0.174773E+00
165 -085 -0.128355E+00
-195 -085 -0.128355E+00
165 -070 -0.539425E-01
-195 -070 -0.539425E-01
165 -055 0.455557E-01
-195 -055 0.455557E-01
165 -040 0.130053E+00
-195 -040 0.130053E+00
165 -025 0.178075E+00
-195 -025 0.178075E+00
165 -010 0.248737E+00
-195 -010 0.248737E+00
165 000 0.197187E+00
-195 000 0.197187E+00
165 015 0.141001E+00
-195 015 0.141001E+00
165 030 0.127947E+00
-195 030 0.127947E+00
165 050 0.132228E+00
-195 050 0.132228E+00
165 070 0.713314E-01
-195 070 0.713314E-01
165 090 -0.704047E-01
-195 090 -0.704047E-01
165 110 -0.206782E+00
-195 110 -0.206782E+00
165 130 -0.272310E+00
-195 130 -0.272310E+00
165 145 -0.264768E+00
-195 145 -0.264768E+00
165 160 -0.219194E+00
-195 160 -0.219194E+00
165 -200 -0.219194E+00
-195 -200 -0.219194E+00
165 170 -0.183440E+00
-195 170 -0.183440E+00
165 -190 -0.183440E+00
-195 -190 -0.183440E+00
165 180 -0.151010E+00
-195 180 -0.151010E+00
165 -180 -0.151010E+00
-195 -180 -0.151010E+00
180 -165 -0.148137E+00
-180 -165 -0.148137E+00
180 195 -0.148137E+00
180 -150 -0.184395E+00
-180 -150 -0.184395E+00
180 210 -0.184395E+00
180 -130 -0.228674E+00
-180 -130 -0.228674E+00
180 -115 -0.227349E+00
-180 -115 -0.227349E+00
180 -100 -0.185096E+00
-180 -100 -0.185096E+00
180 -085 -0.937877E-01
-180 -085 -0.937877E-01
180 -070 0.122072E-01
-180 -070 0.122072E-01
180 -055 0.108775E+00
-180 -055 0.108775E+00
180 -040 0.176649E+00
-180 -040 0.176649E+00
180 -025 0.200387E+00
-180 -025 0.200387E+00
180 -010 0.237522E+00
-180 -010 0.237522E+00
180 000 0.196569E+00
-180 000 0.196569E+00
180 015 0.169621E+00
-180 015 0.169621E+00
180 030 0.170890E+00
-180 030 0.170890E+00
180 070 0.393502E-01
-180 070 0.393502E-01
180 090 -0.763901E-01
-180 090 -0.763901E-01
180 110 -0.162711E+00
-180 110 -0.162711E+00
180 130 -0.196257E+00
-180 130 -0.196257E+00
180 145 -0.184711E+00
-180 145 -0.184711E+00
180 160 -0.156017E+00
-180 160 -0.156017E+00
180 -200 -0.156017E+00
-180 -200 -0.156017E+00
180 170 -0.139684E+00
-180 170 -0.139684E+00
180 -190 -0.139684E+00
-180 -190 -0.139684E+00
180 180 -0.133838E+00
-180 180 -0.133838E+00
180 -180 -0.133838E+00
-180 -180 -0.133838E+00
