PHI PSI J_16_22
-165 -165 0.674751E+01
195 -165 0.674751E+01
-165 195 0.674751E+01
195 195 0.674751E+01
-165 -150 0.666263E+01
195 -150 0.666263E+01
-165 210 0.666263E+01
195 210 0.666263E+01
-165 -130 0.654823E+01
195 -130 0.654823E+01
-165 -115 0.646454E+01
195 -115 0.646454E+01
-165 -100 0.645717E+01
195 -100 0.645717E+01
-165 -085 0.664567E+01
195 -085 0.664567E+01
-165 -070 0.674910E+01
195 -070 0.674910E+01
-165 -055 0.668825E+01
195 -055 0.668825E+01
-165 -040 0.653738E+01
195 -040 0.653738E+01
-165 -025 0.639407E+01
195 -025 0.639407E+01
-165 -010 0.438367E+01
195 -010 0.438367E+01
-165 000 0.472886E+01
195 000 0.472886E+01
-165 015 0.519380E+01
195 015 0.519380E+01
-165 030 0.581665E+01
195 030 0.581665E+01
-165 050 0.629821E+01
195 050 0.629821E+01
-165 070 0.653048E+01
195 070 0.653048E+01
-165 090 0.666197E+01
195 090 0.666197E+01
-165 110 0.665485E+01
195 110 0.665485E+01
-165 130 0.662055E+01
195 130 0.662055E+01
-165 145 0.670459E+01
195 145 0.670459E+01
-165 160 0.673265E+01
195 160 0.673265E+01
-165 -200 0.673265E+01
-165 170 0.674441E+01
195 170 0.674441E+01
-165 -190 0.674441E+01
-165 180 0.690707E+01
195 180 0.690707E+01
-165 -180 0.690707E+01
-150 -165 0.676841E+01
210 -165 0.676841E+01
-150 195 0.676841E+01
210 195 0.676841E+01
-150 -150 0.669934E+01
210 -150 0.669934E+01
-150 210 0.669934E+01
210 210 0.669934E+01
-150 -130 0.659810E+01
210 -130 0.659810E+01
-150 -115 0.655176E+01
210 -115 0.655176E+01
-150 -100 0.669712E+01
210 -100 0.669712E+01
-150 -085 0.679508E+01
210 -085 0.679508E+01
-150 -070 0.688757E+01
210 -070 0.688757E+01
-150 -055 0.681548E+01
210 -055 0.681548E+01
-150 -040 0.668036E+01
210 -040 0.668036E+01
-150 -025 0.640389E+01
210 -025 0.640389E+01
-150 -010 0.464648E+01
210 -010 0.464648E+01
-150 000 0.471804E+01
210 000 0.471804E+01
-150 015 0.539889E+01
210 015 0.539889E+01
-150 030 0.591243E+01
210 030 0.591243E+01
-150 050 0.631374E+01
210 050 0.631374E+01
-150 070 0.651691E+01
210 070 0.651691E+01
-150 090 0.663569E+01
210 090 0.663569E+01
-150 110 0.669657E+01
210 110 0.669657E+01
-150 130 0.670906E+01
210 130 0.670906E+01
-150 145 0.674014E+01
210 145 0.674014E+01
-150 160 0.675063E+01
210 160 0.675063E+01
-150 -200 0.675063E+01
-150 170 0.683209E+01
210 170 0.683209E+01
-150 -190 0.683209E+01
-125 -165 0.686418E+01
-125 195 0.686418E+01
-125 -150 0.678189E+01
-125 210 0.678189E+01
-125 -130 0.675497E+01
-125 -115 0.680818E+01
-125 -100 0.687661E+01
-125 -085 0.691959E+01
-125 -070 0.700732E+01
-125 -055 0.664627E+01
-125 -040 0.500530E+01
-125 -025 0.467749E+01
-125 -010 0.497567E+01
-125 000 0.522414E+01
-125 015 0.575790E+01
-125 030 0.608239E+01
-125 050 0.629877E+01
-125 070 0.651072E+01
-125 090 0.676609E+01
-125 110 0.683409E+01
-125 130 0.687705E+01
-125 145 0.693627E+01
-125 160 0.695667E+01
-125 -200 0.695667E+01
-125 170 0.696401E+01
-125 -190 0.696401E+01
-100 -165 0.699429E+01
-100 195 0.699429E+01
-100 -150 0.687222E+01
-100 210 0.687222E+01
-100 -130 0.694150E+01
-100 -115 0.697256E+01
-100 -100 0.696640E+01
-100 -085 0.698775E+01
-100 -070 0.671617E+01
-100 -055 0.520290E+01
-100 -040 0.470122E+01
-100 -025 0.492471E+01
-100 -010 0.531492E+01
-100 000 0.565444E+01
-100 015 0.597942E+01
-100 030 0.618134E+01
-100 050 0.606908E+01
-100 070 0.623344E+01
-100 090 0.668454E+01
-100 110 0.693409E+01
-100 130 0.696801E+01
-100 145 0.709298E+01
-100 160 0.711162E+01
-100 -200 0.711162E+01
-100 170 0.710514E+01
-100 -190 0.710514E+01
-085 -165 0.712635E+01
-085 195 0.712635E+01
-085 -150 0.706083E+01
-085 210 0.706083E+01
-085 -130 0.702784E+01
-085 -115 0.700578E+01
-085 -100 0.701104E+01
-085 -085 0.687486E+01
-085 -070 0.612042E+01
-085 -055 0.480703E+01
-085 -040 0.456932E+01
-085 -025 0.501667E+01
-085 -010 0.541594E+01
-085 000 0.582854E+01
-085 015 0.606136E+01
-085 030 0.583269E+01
-085 050 0.546213E+01
-085 070 0.581292E+01
-085 090 0.599005E+01
-085 110 0.669374E+01
-085 130 0.699579E+01
-085 145 0.711831E+01
-085 160 0.712772E+01
-085 -200 0.712772E+01
-085 170 0.713284E+01
-085 -190 0.713284E+01
-085 180 0.713815E+01
-085 -180 0.713815E+01
-070 -165 0.719293E+01
-070 195 0.719293E+01
-070 -150 0.716629E+01
-070 210 0.716629E+01
-070 -130 0.708159E+01
-070 -115 0.701262E+01
-070 -100 0.693066E+01
-070 -085 0.664865E+01
-070 -070 0.563932E+01
-070 -055 0.445951E+01
-070 -040 0.434461E+01
-070 -025 0.507700E+01
-070 -010 0.573184E+01
-070 000 0.599858E+01
-070 015 0.567967E+01
-070 030 0.501565E+01
-070 050 0.516112E+01
-070 070 0.546225E+01
-070 090 0.543433E+01
-070 110 0.615656E+01
-070 130 0.682604E+01
-070 145 0.703225E+01
-070 160 0.713166E+01
-070 -200 0.713166E+01
-070 170 0.719546E+01
-070 -190 0.719546E+01
-055 -165 0.718093E+01
-055 195 0.718093E+01
-055 -150 0.714369E+01
-055 210 0.714369E+01
-055 -130 0.706790E+01
-055 -115 0.691682E+01
-055 -100 0.669821E+01
-055 -085 0.593291E+01
-055 -070 0.458431E+01
-055 -055 0.376521E+01
-055 -040 0.427974E+01
-055 -025 0.532572E+01
-055 -010 0.593479E+01
-055 000 0.576880E+01
-055 015 0.477956E+01
-055 030 0.457935E+01
-055 050 0.517557E+01
-055 070 0.513638E+01
-055 090 0.491266E+01
-055 110 0.569929E+01
-055 130 0.640932E+01
-055 145 0.682848E+01
-055 160 0.703708E+01
-055 -200 0.703708E+01
-055 170 0.709393E+01
-055 -190 0.709393E+01
-055 180 0.657916E+01
-055 -180 0.657916E+01
-040 -165 0.690649E+01
-040 195 0.690649E+01
-040 -150 0.701975E+01
-040 210 0.701975E+01
-040 -130 0.683836E+01
-040 -115 0.649289E+01
-040 -100 0.583513E+01
-040 -085 0.498611E+01
-040 -070 0.403873E+01
-040 -055 0.342370E+01
-040 -040 0.481613E+01
-040 -025 0.567284E+01
-040 -010 0.556667E+01
-040 000 0.479686E+01
-040 015 0.425477E+01
-040 030 0.486614E+01
-040 050 0.521751E+01
-040 070 0.463387E+01
-040 090 0.462444E+01
-040 110 0.557034E+01
-040 130 0.629618E+01
-040 145 0.687011E+01
-040 160 0.685612E+01
-040 -200 0.685612E+01
-040 170 0.686367E+01
-040 -190 0.686367E+01
-040 180 0.687767E+01
-040 -180 0.687767E+01
-025 -165 0.648742E+01
-025 195 0.648742E+01
-025 -150 0.693328E+01
-025 210 0.693328E+01
-025 -130 0.521079E+01
-025 -115 0.513342E+01
-025 -100 0.486198E+01
-025 -085 0.440327E+01
-025 -070 0.361738E+01
-025 -055 0.399690E+01
-025 -040 0.520575E+01
-025 -025 0.516317E+01
-025 -010 0.383221E+01
-025 000 0.416814E+01
-025 015 0.492642E+01
-025 030 0.519476E+01
-025 050 0.468502E+01
-025 070 0.393171E+01
-025 090 0.521232E+01
-025 110 0.592820E+01
-025 130 0.618069E+01
-025 145 0.643564E+01
-025 160 0.671310E+01
-025 -200 0.671310E+01
-025 170 0.658230E+01
-025 -190 0.658230E+01
-025 180 0.660107E+01
-025 -180 0.660107E+01
-010 -150 0.501324E+01
-010 210 0.501324E+01
-010 -130 0.504959E+01
-010 -115 0.491499E+01
-010 -100 0.462768E+01
-010 -085 0.405878E+01
-010 -070 0.362203E+01
-010 -055 0.453066E+01
-010 -040 0.513618E+01
-010 -025 0.355192E+01
-010 -010 0.438429E+01
-010 000 0.492788E+01
-010 015 0.517242E+01
-010 030 0.477760E+01
-010 050 0.356185E+01
-010 070 0.518452E+01
-010 090 0.603569E+01
-010 110 0.618349E+01
-010 130 0.617657E+01
-010 145 0.630681E+01
-010 160 0.643000E+01
-010 -200 0.643000E+01
-010 170 0.617551E+01
-010 -190 0.617551E+01
-010 180 0.628215E+01
-010 -180 0.628215E+01
000 -165 0.475448E+01
000 195 0.475448E+01
000 -150 0.497343E+01
000 210 0.497343E+01
000 -115 0.482921E+01
000 -100 0.443585E+01
000 -085 0.406325E+01
000 -070 0.395105E+01
000 -055 0.486796E+01
000 -040 0.320875E+01
000 -025 0.410932E+01
000 -010 0.488478E+01
000 000 0.509740E+01
000 015 0.488917E+01
000 030 0.408730E+01
000 050 0.339446E+01
000 070 0.587769E+01
000 090 0.618315E+01
000 110 0.618978E+01
000 130 0.627692E+01
000 145 0.630854E+01
000 160 0.633236E+01
000 -200 0.633236E+01
000 170 0.614783E+01
000 -190 0.614783E+01
000 180 0.541191E+01
000 -180 0.541191E+01
015 -150 0.519648E+01
015 210 0.519648E+01
015 -130 0.495539E+01
015 -115 0.454584E+01
015 -100 0.413558E+01
015 -085 0.417999E+01
015 -070 0.430531E+01
015 -055 0.319730E+01
015 -040 0.382109E+01
015 -025 0.485459E+01
015 -010 0.498409E+01
015 000 0.472781E+01
015 015 0.403564E+01
015 030 0.323418E+01
015 070 0.610893E+01
015 090 0.633055E+01
015 110 0.630434E+01
015 130 0.640138E+01
015 145 0.643785E+01
015 160 0.594305E+01
015 -200 0.594305E+01
015 170 0.546106E+01
015 -190 0.546106E+01
015 180 0.529388E+01
015 -180 0.529388E+01
030 -150 0.543032E+01
030 210 0.543032E+01
030 -130 0.511247E+01
030 -115 0.465975E+01
030 -100 0.430426E+01
030 -085 0.385200E+01
030 -070 0.344455E+01
030 -055 0.432269E+01
030 -040 0.466640E+01
030 -025 0.487662E+01
030 -010 0.446527E+01
030 000 0.400455E+01
030 015 0.341361E+01
030 030 0.578413E+01
030 050 0.610082E+01
030 070 0.615020E+01
030 090 0.623857E+01
030 110 0.657631E+01
030 130 0.706069E+01
030 145 0.641768E+01
030 160 0.568656E+01
030 -200 0.568656E+01
030 170 0.629296E+01
030 -190 0.629296E+01
030 180 0.589961E+01
030 -180 0.589961E+01
050 -165 0.635830E+01
050 195 0.635830E+01
050 -150 0.595571E+01
050 210 0.595571E+01
050 -130 0.539507E+01
050 -115 0.510333E+01
050 -100 0.463994E+01
050 -085 0.399325E+01
050 -070 0.442013E+01
050 -055 0.480716E+01
050 -040 0.479747E+01
050 -025 0.382133E+01
050 -010 0.401033E+01
050 000 0.413932E+01
050 015 0.615396E+01
050 030 0.613333E+01
050 050 0.607675E+01
050 070 0.625961E+01
050 090 0.715749E+01
050 110 0.721692E+01
050 130 0.669978E+01
050 145 0.611008E+01
050 160 0.605334E+01
050 -200 0.605334E+01
050 170 0.616493E+01
050 -190 0.616493E+01
050 180 0.589281E+01
050 -180 0.589281E+01
070 -165 0.644708E+01
070 195 0.644708E+01
070 -150 0.638206E+01
070 210 0.638206E+01
070 -130 0.611264E+01
070 -115 0.584481E+01
070 -100 0.523648E+01
070 -085 0.478379E+01
070 -070 0.495951E+01
070 -055 0.510479E+01
070 -040 0.494294E+01
070 -025 0.470173E+01
070 -010 0.535225E+01
070 000 0.614608E+01
070 015 0.607140E+01
070 030 0.587808E+01
070 050 0.580959E+01
070 070 0.644866E+01
070 090 0.719286E+01
070 110 0.706306E+01
070 130 0.670783E+01
070 145 0.660251E+01
070 160 0.647004E+01
070 -200 0.647004E+01
070 170 0.646555E+01
070 -190 0.646555E+01
090 -165 0.655673E+01
090 195 0.655673E+01
090 -150 0.671581E+01
090 210 0.671581E+01
090 -130 0.666537E+01
090 -115 0.653032E+01
090 -100 0.610503E+01
090 -085 0.561741E+01
090 -070 0.548217E+01
090 -055 0.563081E+01
090 -040 0.573338E+01
090 -025 0.611847E+01
090 -010 0.612571E+01
090 000 0.610782E+01
090 015 0.595430E+01
090 030 0.582311E+01
090 050 0.604086E+01
090 070 0.708637E+01
090 090 0.697888E+01
090 110 0.689649E+01
090 130 0.697181E+01
090 145 0.668388E+01
090 160 0.675853E+01
090 -200 0.675853E+01
090 170 0.652075E+01
090 -190 0.652075E+01
090 180 0.647562E+01
090 -180 0.647562E+01
110 -165 0.673226E+01
110 195 0.673226E+01
110 -150 0.673442E+01
110 210 0.673442E+01
110 -130 0.675083E+01
110 -115 0.667861E+01
110 -100 0.658183E+01
110 -085 0.625890E+01
110 -070 0.604151E+01
110 -055 0.598862E+01
110 -040 0.601722E+01
110 -025 0.607000E+01
110 -010 0.612528E+01
110 000 0.610722E+01
110 015 0.598493E+01
110 030 0.597311E+01
110 050 0.667616E+01
110 070 0.646218E+01
110 090 0.682714E+01
110 110 0.689745E+01
110 130 0.675064E+01
110 145 0.663790E+01
110 160 0.660543E+01
110 -200 0.660543E+01
110 170 0.657634E+01
110 -190 0.657634E+01
110 180 0.659080E+01
110 -180 0.659080E+01
130 -165 0.670712E+01
130 195 0.670712E+01
130 -150 0.682994E+01
130 210 0.682994E+01
130 -130 0.672096E+01
130 -115 0.663076E+01
130 -100 0.649924E+01
130 -085 0.627779E+01
130 -070 0.602574E+01
130 -055 0.570011E+01
130 -040 0.595814E+01
130 -010 0.622823E+01
130 000 0.620818E+01
130 015 0.610491E+01
130 030 0.608187E+01
130 050 0.523969E+01
130 070 0.612716E+01
130 090 0.667206E+01
130 110 0.657644E+01
130 130 0.651303E+01
130 145 0.642518E+01
130 160 0.646080E+01
130 -200 0.646080E+01
130 170 0.666754E+01
130 -190 0.666754E+01
130 180 0.669424E+01
130 -180 0.669424E+01
150 -165 0.676692E+01
-210 -165 0.676692E+01
150 195 0.676692E+01
150 -150 0.669743E+01
-210 -150 0.669743E+01
150 210 0.669743E+01
150 -130 0.667293E+01
-210 -130 0.667293E+01
150 -115 0.655087E+01
-210 -115 0.655087E+01
150 -100 0.638823E+01
-210 -100 0.638823E+01
150 -085 0.627674E+01
-210 -085 0.627674E+01
150 -070 0.600562E+01
-210 -070 0.600562E+01
150 -055 0.596314E+01
-210 -055 0.596314E+01
150 -040 0.615563E+01
-210 -040 0.615563E+01
150 -025 0.629312E+01
-210 -025 0.629312E+01
150 -010 0.617738E+01
-210 -010 0.617738E+01
150 000 0.609488E+01
-210 000 0.609488E+01
150 015 0.421511E+01
-210 015 0.421511E+01
150 030 0.467700E+01
-210 030 0.467700E+01
150 050 0.553893E+01
-210 050 0.553893E+01
150 070 0.620087E+01
-210 070 0.620087E+01
150 090 0.670874E+01
-210 090 0.670874E+01
150 110 0.663089E+01
-210 110 0.663089E+01
150 130 0.647163E+01
-210 130 0.647163E+01
150 145 0.661425E+01
-210 145 0.661425E+01
150 160 0.654360E+01
-210 160 0.654360E+01
150 -200 0.654360E+01
-210 -200 0.654360E+01
150 170 0.668233E+01
-210 170 0.668233E+01
150 -190 0.668233E+01
-210 -190 0.668233E+01
150 180 0.683162E+01
-210 180 0.683162E+01
150 -180 0.683162E+01
-210 -180 0.683162E+01
165 -165 0.672410E+01
-195 -165 0.672410E+01
165 195 0.672410E+01
165 -150 0.670161E+01
-195 -150 0.670161E+01
165 210 0.670161E+01
165 -130 0.659185E+01
-195 -130 0.659185E+01
165 -115 0.648925E+01
-195 -115 0.648925E+01
165 -100 0.635579E+01
-195 -100 0.635579E+01
165 -085 0.631403E+01
-195 -085 0.631403E+01
165 -070 0.622382E+01
-195 -070 0.622382E+01
165 -055 0.627952E+01
-195 -055 0.627952E+01
165 -040 0.635083E+01
-195 -040 0.635083E+01
165 -025 0.629458E+01
-195 -025 0.629458E+01
165 -010 0.448524E+01
-195 -010 0.448524E+01
165 000 0.424126E+01
-195 000 0.424126E+01
165 015 0.458131E+01
-195 015 0.458131E+01
165 030 0.512849E+01
-195 030 0.512849E+01
165 050 0.600013E+01
-195 050 0.600013E+01
165 070 0.650647E+01
-195 070 0.650647E+01
165 090 0.660513E+01
-195 090 0.660513E+01
165 110 0.656849E+01
-195 110 0.656849E+01
165 130 0.655349E+01
-195 130 0.655349E+01
165 145 0.656780E+01
-195 145 0.656780E+01
165 160 0.665467E+01
-195 160 0.665467E+01
165 -200 0.665467E+01
-195 -200 0.665467E+01
165 170 0.666569E+01
-195 170 0.666569E+01
165 -190 0.666569E+01
-195 -190 0.666569E+01
165 180 0.676752E+01
-195 180 0.676752E+01
165 -180 0.676752E+01
-195 -180 0.676752E+01
180 -165 0.672897E+01
-180 -165 0.672897E+01
180 195 0.672897E+01
180 -150 0.666931E+01
-180 -150 0.666931E+01
180 210 0.666931E+01
180 -130 0.654863E+01
-180 -130 0.654863E+01
180 -115 0.645396E+01
-180 -115 0.645396E+01
180 -100 0.638750E+01
-180 -100 0.638750E+01
180 -085 0.647629E+01
-180 -085 0.647629E+01
180 -070 0.654112E+01
-180 -070 0.654112E+01
180 -055 0.648297E+01
-180 -055 0.648297E+01
180 -040 0.645889E+01
-180 -040 0.645889E+01
180 -025 0.629829E+01
-180 -025 0.629829E+01
180 -010 0.439020E+01
-180 -010 0.439020E+01
180 000 0.439932E+01
-180 000 0.439932E+01
180 015 0.496809E+01
-180 015 0.496809E+01
180 030 0.560405E+01
-180 030 0.560405E+01
180 070 0.658344E+01
-180 070 0.658344E+01
180 090 0.665727E+01
-180 090 0.665727E+01
180 110 0.659986E+01
-180 110 0.659986E+01
180 130 0.656699E+01
-180 130 0.656699E+01
180 145 0.663704E+01
-180 145 0.663704E+01
180 160 0.669430E+01
-180 160 0.669430E+01
180 -200 0.669430E+01
-180 -200 0.669430E+01
180 170 0.664501E+01
-180 170 0.664501E+01
180 -190 0.664501E+01
-180 -190 0.664501E+01
180 180 0.674178E+01
-180 180 0.674178E+01
180 -180 0.674178E+01
-180 -180 0.674178E+01
