PHI PSI J_10_12
-165 -165 0.125312E+00
195 -165 0.125312E+00
-165 195 0.125312E+00
195 195 0.125312E+00
-165 -150 0.640523E-01
195 -150 0.640523E-01
-165 210 0.640523E-01
195 210 0.640523E-01
-165 -130 0.101716E+00
195 -130 0.101716E+00
-165 -115 0.152255E+00
195 -115 0.152255E+00
-165 -100 0.360320E+00
195 -100 0.360320E+00
-165 -085 0.598834E+00
195 -085 0.598834E+00
-165 -070 0.575602E+00
195 -070 0.575602E+00
-165 -055 0.526093E+00
195 -055 0.526093E+00
-165 -040 0.342305E+00
195 -040 0.342305E+00
-165 -025 0.212587E+00
195 -025 0.212587E+00
-165 -010 0.384041E+00
195 -010 0.384041E+00
-165 000 0.385281E+00
195 000 0.385281E+00
-165 015 0.427341E+00
195 015 0.427341E+00
-165 030 0.502346E+00
195 030 0.502346E+00
-165 050 0.565807E+00
195 050 0.565807E+00
-165 070 0.587870E+00
195 070 0.587870E+00
-165 090 0.546894E+00
195 090 0.546894E+00
-165 110 0.499784E+00
195 110 0.499784E+00
-165 130 0.461128E+00
195 130 0.461128E+00
-165 145 0.401982E+00
195 145 0.401982E+00
-165 160 0.341302E+00
195 160 0.341302E+00
-165 -200 0.341302E+00
-165 170 0.285436E+00
195 170 0.285436E+00
-165 -190 0.285436E+00
-165 180 0.283413E+00
195 180 0.283413E+00
-165 -180 0.283413E+00
-150 -165 0.322043E-01
210 -165 0.322043E-01
-150 195 0.322043E-01
210 195 0.322043E-01
-150 -150 -0.270399E-01
210 -150 -0.270399E-01
-150 210 -0.270399E-01
210 210 -0.270399E-01
-150 -130 0.535546E-01
210 -130 0.535546E-01
-150 -115 0.291418E+00
210 -115 0.291418E+00
-150 -100 0.819666E+00
210 -100 0.819666E+00
-150 -085 0.822192E+00
210 -085 0.822192E+00
-150 -070 0.793062E+00
210 -070 0.793062E+00
-150 -055 0.653351E+00
210 -055 0.653351E+00
-150 -040 0.447013E+00
210 -040 0.447013E+00
-150 -025 0.121064E+00
210 -025 0.121064E+00
-150 -010 0.665064E+00
210 -010 0.665064E+00
-150 000 0.709505E+00
210 000 0.709505E+00
-150 015 0.732621E+00
210 015 0.732621E+00
-150 030 0.799653E+00
210 030 0.799653E+00
-150 050 0.877039E+00
210 050 0.877039E+00
-150 070 0.861496E+00
210 070 0.861496E+00
-150 090 0.844420E+00
210 090 0.844420E+00
-150 110 0.804184E+00
210 110 0.804184E+00
-150 130 0.720173E+00
210 130 0.720173E+00
-150 145 0.604427E+00
210 145 0.604427E+00
-150 160 0.435091E+00
210 160 0.435091E+00
-150 -200 0.435091E+00
-150 170 0.283918E+00
210 170 0.283918E+00
-150 -190 0.283918E+00
-125 -165 0.201046E+00
-125 195 0.201046E+00
-125 -150 0.302857E+00
-125 210 0.302857E+00
-125 -130 0.748057E+00
-125 -115 0.101286E+01
-125 -100 0.107707E+01
-125 -085 0.106366E+01
-125 -070 0.107997E+01
-125 -055 0.115021E+01
-125 -040 0.957939E+00
-125 -025 0.958383E+00
-125 -010 0.967136E+00
-125 000 0.983472E+00
-125 015 0.104605E+01
-125 030 0.110095E+01
-125 050 0.114280E+01
-125 070 0.112754E+01
-125 090 0.115995E+01
-125 110 0.104653E+01
-125 130 0.872744E+00
-125 145 0.789526E+00
-125 160 0.461796E+00
-125 -200 0.461796E+00
-125 170 0.314750E+00
-125 -190 0.314750E+00
-100 -165 0.743414E+00
-100 195 0.743414E+00
-100 -150 0.906106E+00
-100 210 0.906106E+00
-100 -130 0.100464E+01
-100 -115 0.103537E+01
-100 -100 0.101456E+01
-100 -085 0.103957E+01
-100 -070 0.110295E+01
-100 -055 0.986888E+00
-100 -040 0.900693E+00
-100 -025 0.948172E+00
-100 -010 0.852643E+00
-100 000 0.911016E+00
-100 015 0.102323E+01
-100 030 0.109141E+01
-100 050 0.109183E+01
-100 070 0.103094E+01
-100 090 0.105845E+01
-100 110 0.971957E+00
-100 130 0.887835E+00
-100 145 0.663125E+00
-100 160 0.571372E+00
-100 -200 0.571372E+00
-100 170 0.548922E+00
-100 -190 0.548922E+00
-085 -165 0.748651E+00
-085 195 0.748651E+00
-085 -150 0.786172E+00
-085 210 0.786172E+00
-085 -130 0.810282E+00
-085 -115 0.808089E+00
-085 -100 0.813737E+00
-085 -085 0.864530E+00
-085 -070 0.935725E+00
-085 -055 0.849494E+00
-085 -040 0.752081E+00
-085 -025 0.665262E+00
-085 -010 0.737283E+00
-085 000 0.816960E+00
-085 015 0.899590E+00
-085 030 0.913431E+00
-085 050 0.820338E+00
-085 070 0.847280E+00
-085 090 0.852392E+00
-085 110 0.832480E+00
-085 130 0.735947E+00
-085 145 0.604833E+00
-085 160 0.593293E+00
-085 -200 0.593293E+00
-085 170 0.629480E+00
-085 -190 0.629480E+00
-085 180 0.668147E+00
-085 -180 0.668147E+00
-070 -165 0.452511E+00
-070 195 0.452511E+00
-070 -150 0.462949E+00
-070 210 0.462949E+00
-070 -130 0.464266E+00
-070 -115 0.503074E+00
-070 -100 0.548498E+00
-070 -085 0.632680E+00
-070 -070 0.709929E+00
-070 -055 0.600745E+00
-070 -040 0.479931E+00
-070 -025 0.561969E+00
-070 -010 0.642098E+00
-070 000 0.661829E+00
-070 015 0.639643E+00
-070 030 0.607364E+00
-070 050 0.497548E+00
-070 070 0.561656E+00
-070 090 0.602413E+00
-070 110 0.570301E+00
-070 130 0.487749E+00
-070 145 0.464891E+00
-070 160 0.459619E+00
-070 -200 0.459619E+00
-070 170 0.430825E+00
-070 -190 0.430825E+00
-055 -165 0.187171E-01
-055 195 0.187171E-01
-055 -150 0.491805E-01
-055 210 0.491805E-01
-055 -130 0.671434E-01
-055 -115 0.194051E+00
-055 -100 0.300673E+00
-055 -085 0.392776E+00
-055 -070 0.418345E+00
-055 -055 0.419275E+00
-055 -040 0.483774E+00
-055 -025 0.497619E+00
-055 -010 0.435452E+00
-055 000 0.399907E+00
-055 015 0.328558E+00
-055 030 0.221258E+00
-055 050 0.199992E+00
-055 070 0.301109E+00
-055 090 0.320787E+00
-055 110 0.280942E+00
-055 130 0.203474E+00
-055 145 0.224929E+00
-055 160 0.148220E+00
-055 -200 0.148220E+00
-055 170 0.742203E-01
-055 -190 0.742203E-01
-055 180 -0.713339E-01
-055 -180 -0.713339E-01
-040 -165 -0.348980E+00
-040 195 -0.348980E+00
-040 -150 -0.281942E+00
-040 210 -0.281942E+00
-040 -130 -0.139151E+00
-040 -115 0.430878E-01
-040 -100 0.205014E+00
-040 -085 0.387222E+00
-040 -070 0.424143E+00
-040 -055 0.438312E+00
-040 -040 0.383177E+00
-040 -025 0.268782E+00
-040 -010 0.195515E+00
-040 000 0.155039E+00
-040 015 0.115579E+00
-040 030 0.102288E+00
-040 050 0.104777E+00
-040 070 0.119035E+00
-040 090 0.937244E-01
-040 110 0.166635E+00
-040 130 0.428205E+00
-040 145 -0.455198E-01
-040 160 -0.125586E+00
-040 -200 -0.125586E+00
-040 170 -0.258006E+00
-040 -190 -0.258006E+00
-040 180 -0.333500E+00
-040 -180 -0.333500E+00
-025 -165 -0.549905E+00
-025 195 -0.549905E+00
-025 -150 -0.409020E+00
-025 210 -0.409020E+00
-025 -130 0.144038E+00
-025 -115 0.181779E+00
-025 -100 0.418812E+00
-025 -085 0.593472E+00
-025 -070 0.599449E+00
-025 -055 0.430640E+00
-025 -040 0.261477E+00
-025 -025 0.725440E+00
-025 -010 0.409631E+00
-025 000 0.223096E+00
-025 015 0.258964E+00
-025 030 0.240132E+00
-025 050 0.233536E+00
-025 070 0.196911E+00
-025 090 0.321145E+00
-025 110 0.263055E+00
-025 130 0.785414E-01
-025 145 -0.184603E+00
-025 160 -0.348203E+00
-025 -200 -0.348203E+00
-025 170 -0.464065E+00
-025 -190 -0.464065E+00
-025 180 -0.512486E+00
-025 -180 -0.512486E+00
-010 -150 -0.222229E+00
-010 210 -0.222229E+00
-010 -130 0.508425E-02
-010 -115 0.271488E+00
-010 -100 0.497325E+00
-010 -085 0.700951E+00
-010 -070 0.543525E+00
-010 -055 0.305376E+00
-010 -040 0.247430E+00
-010 -025 0.361220E+00
-010 -010 0.309084E+00
-010 000 0.298873E+00
-010 015 0.320810E+00
-010 030 0.330385E+00
-010 050 0.390622E+00
-010 070 0.457029E+00
-010 090 0.533790E+00
-010 110 0.303392E+00
-010 130 0.230823E-01
-010 145 -0.161261E+00
-010 160 -0.382605E+00
-010 -200 -0.382605E+00
-010 170 -0.460831E+00
-010 -190 -0.460831E+00
-010 180 -0.500682E+00
-010 -180 -0.500682E+00
000 -165 -0.386936E+00
000 195 -0.386936E+00
000 -150 -0.266922E+00
000 210 -0.266922E+00
000 -115 0.206926E+00
000 -100 0.577165E+00
000 -085 0.708464E+00
000 -070 0.513637E+00
000 -055 0.365694E+00
000 -040 0.415863E+00
000 -025 0.339500E+00
000 -010 0.330553E+00
000 000 0.306017E+00
000 015 0.315333E+00
000 030 0.354920E+00
000 050 0.446387E+00
000 070 0.502285E+00
000 090 0.594861E+00
000 110 0.309678E+00
000 130 0.477132E-01
000 145 -0.128574E+00
000 160 -0.320619E+00
000 -200 -0.320619E+00
000 170 -0.335083E+00
000 -190 -0.335083E+00
000 180 -0.249017E+00
000 -180 -0.249017E+00
015 -150 -0.406951E+00
015 210 -0.406951E+00
015 -130 -0.650324E-01
015 -115 0.265402E+00
015 -100 0.584567E+00
015 -085 0.589696E+00
015 -070 0.518506E+00
015 -055 0.357868E+00
015 -040 0.341605E+00
015 -025 0.289019E+00
015 -010 0.309295E+00
015 000 0.300379E+00
015 015 0.325671E+00
015 030 0.377707E+00
015 070 0.515882E+00
015 090 0.559383E+00
015 110 0.292677E+00
015 130 0.989567E-01
015 145 -0.177405E-01
015 160 -0.330220E+00
015 -200 -0.330220E+00
015 170 -0.610412E+00
015 -190 -0.610412E+00
015 180 -0.689338E+00
015 -180 -0.689338E+00
030 -150 -0.376032E+00
030 210 -0.376032E+00
030 -130 -0.265880E-01
030 -115 0.229943E+00
030 -100 0.377015E+00
030 -085 0.162454E+00
030 -070 0.126875E+00
030 -055 0.102206E+00
030 -040 0.213394E+00
030 -025 0.171674E+00
030 -010 0.245282E+00
030 000 0.244941E+00
030 015 0.331875E+00
030 030 0.282947E+00
030 050 0.426850E+00
030 070 0.547716E+00
030 090 0.486571E+00
030 110 0.296009E+00
030 130 0.511951E+00
030 145 -0.427268E+00
030 160 -0.692238E+00
030 -200 -0.692238E+00
030 170 -0.888595E+00
030 -190 -0.888595E+00
030 180 -0.728571E+00
030 -180 -0.728571E+00
050 -165 -0.253314E+00
050 195 -0.253314E+00
050 -150 -0.155341E+00
050 210 -0.155341E+00
050 -130 0.426651E-01
050 -115 0.813478E-01
050 -100 0.701351E-01
050 -085 0.868211E-01
050 -070 0.862210E-01
050 -055 0.361443E-01
050 -040 0.645224E-01
050 -025 -0.227458E+00
050 -010 0.230000E+00
050 000 0.303830E+00
050 015 0.319965E+00
050 030 0.407107E+00
050 050 0.439121E+00
050 070 0.368847E+00
050 090 0.243589E+00
050 110 0.527996E-01
050 130 -0.135965E+00
050 145 -0.300980E+00
050 160 -0.370959E+00
050 -200 -0.370959E+00
050 170 -0.366165E+00
050 -190 -0.366165E+00
050 180 -0.152471E+00
050 -180 -0.152471E+00
070 -165 0.472811E-01
070 195 0.472811E-01
070 -150 0.548622E-01
070 210 0.548622E-01
070 -130 0.190841E+00
070 -115 0.249725E+00
070 -100 0.339334E+00
070 -085 0.366752E+00
070 -070 0.354995E+00
070 -055 0.369507E+00
070 -040 0.378446E+00
070 -025 0.359717E+00
070 -010 0.364146E+00
070 000 0.365741E+00
070 015 0.348606E+00
070 030 0.263574E+00
070 050 0.165549E+00
070 070 0.223880E+00
070 090 0.355200E+00
070 110 0.305081E+00
070 130 0.199666E+00
070 145 0.137308E+00
070 160 0.652825E-01
070 -200 0.652825E-01
070 170 0.492205E-01
070 -190 0.492205E-01
090 -165 0.130746E+00
090 195 0.130746E+00
090 -150 0.165967E+00
090 210 0.165967E+00
090 -130 0.231524E+00
090 -115 0.367031E+00
090 -100 0.439954E+00
090 -085 0.412912E+00
090 -070 0.396809E+00
090 -055 0.355116E+00
090 -040 0.313588E+00
090 -025 0.303552E+00
090 -010 0.298405E+00
090 000 0.258373E+00
090 015 0.128658E+00
090 030 0.697418E-01
090 050 0.496936E-01
090 070 0.423592E+00
090 090 0.503759E+00
090 110 0.540870E+00
090 130 0.601053E+00
090 145 0.440024E+00
090 160 0.357743E+00
090 -200 0.357743E+00
090 170 0.332020E+00
090 -190 0.332020E+00
090 180 0.243598E+00
090 -180 0.243598E+00
110 -165 0.218976E+00
110 195 0.218976E+00
110 -150 0.276005E+00
110 210 0.276005E+00
110 -130 0.383430E+00
110 -115 0.449497E+00
110 -100 0.510354E+00
110 -085 0.535370E+00
110 -070 0.486498E+00
110 -055 0.483594E+00
110 -040 0.448433E+00
110 -025 0.408677E+00
110 -010 0.325055E+00
110 000 0.236133E+00
110 015 0.165846E+00
110 030 0.116857E+00
110 050 0.285989E+00
110 070 0.625623E+00
110 090 0.629433E+00
110 110 0.641482E+00
110 130 0.594470E+00
110 145 0.522852E+00
110 160 0.395379E+00
110 -200 0.395379E+00
110 170 0.234489E+00
110 -190 0.234489E+00
110 180 0.224232E+00
110 -180 0.224232E+00
130 -165 0.617093E-01
130 195 0.617093E-01
130 -150 0.221583E+00
130 210 0.221583E+00
130 -130 0.403854E+00
130 -115 0.509989E+00
130 -100 0.581717E+00
130 -085 0.623318E+00
130 -070 0.633411E+00
130 -055 0.608809E+00
130 -040 0.595819E+00
130 -010 0.450173E+00
130 000 0.399656E+00
130 015 0.313454E+00
130 030 0.303173E+00
130 050 0.513178E+00
130 070 0.588000E+00
130 090 0.631649E+00
130 110 0.682430E+00
130 130 0.241035E+00
130 145 -0.284761E+00
130 160 -0.209894E+00
130 -200 -0.209894E+00
130 170 -0.226980E+00
130 -190 -0.226980E+00
130 180 -0.123860E+00
130 -180 -0.123860E+00
150 -165 0.556949E-01
-210 -165 0.556949E-01
150 195 0.556949E-01
150 -150 0.215099E+00
-210 -150 0.215099E+00
150 210 0.215099E+00
150 -130 0.363639E+00
-210 -130 0.363639E+00
150 -115 0.441555E+00
-210 -115 0.441555E+00
150 -100 0.495910E+00
-210 -100 0.495910E+00
150 -085 0.522382E+00
-210 -085 0.522382E+00
150 -070 0.572851E+00
-210 -070 0.572851E+00
150 -055 0.545446E+00
-210 -055 0.545446E+00
150 -040 0.508039E+00
-210 -040 0.508039E+00
150 -025 0.476398E+00
-210 -025 0.476398E+00
150 -010 0.411249E+00
-210 -010 0.411249E+00
150 000 0.393149E+00
-210 000 0.393149E+00
150 015 -0.193988E+00
-210 015 -0.193988E+00
150 030 -0.701732E-01
-210 030 -0.701732E-01
150 050 0.186762E+00
-210 050 0.186762E+00
150 070 0.425863E+00
-210 070 0.425863E+00
150 090 0.474792E+00
-210 090 0.474792E+00
150 110 -0.553907E-01
-210 110 -0.553907E-01
150 130 -0.323140E+00
-210 130 -0.323140E+00
150 145 -0.411463E+00
-210 145 -0.411463E+00
150 160 -0.367850E+00
-210 160 -0.367850E+00
150 -200 -0.367850E+00
-210 -200 -0.367850E+00
150 170 -0.280394E+00
-210 170 -0.280394E+00
150 -190 -0.280394E+00
-210 -190 -0.280394E+00
150 180 -0.142308E+00
-210 180 -0.142308E+00
150 -180 -0.142308E+00
-210 -180 -0.142308E+00
165 -165 0.117575E+00
-195 -165 0.117575E+00
165 195 0.117575E+00
165 -150 0.221526E+00
-195 -150 0.221526E+00
165 210 0.221526E+00
165 -130 0.308315E+00
-195 -130 0.308315E+00
165 -115 0.327733E+00
-195 -115 0.327733E+00
165 -100 0.392850E+00
-195 -100 0.392850E+00
165 -085 0.423561E+00
-195 -085 0.423561E+00
165 -070 0.484484E+00
-195 -070 0.484484E+00
165 -055 0.460095E+00
-195 -055 0.460095E+00
165 -040 0.400731E+00
-195 -040 0.400731E+00
165 -025 0.345100E+00
-195 -025 0.345100E+00
165 -010 -0.187585E+00
-195 -010 -0.187585E+00
165 000 -0.229989E+00
-195 000 -0.229989E+00
165 015 -0.168071E+00
-195 015 -0.168071E+00
165 030 -0.529605E-01
-195 030 -0.529605E-01
165 050 0.134134E+00
-195 050 0.134134E+00
165 070 0.238411E+00
-195 070 0.238411E+00
165 090 0.335769E-01
-195 090 0.335769E-01
165 110 -0.132996E+00
-195 110 -0.132996E+00
165 130 -0.222946E+00
-195 130 -0.222946E+00
165 145 -0.226101E+00
-195 145 -0.226101E+00
165 160 -0.171214E+00
-195 160 -0.171214E+00
165 -200 -0.171214E+00
-195 -200 -0.171214E+00
165 170 -0.104047E+00
-195 170 -0.104047E+00
165 -190 -0.104047E+00
-195 -190 -0.104047E+00
165 180 -0.146109E-01
-195 180 -0.146109E-01
165 -180 -0.146109E-01
-195 -180 -0.146109E-01
180 -165 0.183124E+00
-180 -165 0.183124E+00
180 195 0.183124E+00
180 -150 0.198681E+00
-180 -150 0.198681E+00
180 210 0.198681E+00
180 -130 0.198785E+00
-180 -130 0.198785E+00
180 -115 0.214649E+00
-180 -115 0.214649E+00
180 -100 0.284387E+00
-180 -100 0.284387E+00
180 -085 0.455191E+00
-180 -085 0.455191E+00
180 -070 0.455214E+00
-180 -070 0.455214E+00
180 -055 0.445373E+00
-180 -055 0.445373E+00
180 -040 0.364895E+00
-180 -040 0.364895E+00
180 -025 0.258506E+00
-180 -025 0.258506E+00
180 -010 0.127741E-01
-180 -010 0.127741E-01
180 000 0.221437E-01
-180 000 0.221437E-01
180 015 0.928088E-01
-180 015 0.928088E-01
180 030 0.182940E+00
-180 030 0.182940E+00
180 070 0.295414E+00
-180 070 0.295414E+00
180 090 0.217713E+00
-180 090 0.217713E+00
180 110 0.141073E+00
-180 110 0.141073E+00
180 130 0.784853E-01
-180 130 0.784853E-01
180 145 0.789595E-01
-180 145 0.789595E-01
180 160 0.111172E+00
-180 160 0.111172E+00
180 -200 0.111172E+00
-180 -200 0.111172E+00
180 170 0.138382E+00
-180 170 0.138382E+00
180 -190 0.138382E+00
-180 -190 0.138382E+00
180 180 0.158905E+00
-180 180 0.158905E+00
180 -180 0.158905E+00
-180 -180 0.158905E+00
