PHI PSI J_16_21
-165 -165 -0.183226E+02
195 -165 -0.183226E+02
-165 195 -0.183226E+02
195 195 -0.183226E+02
-165 -150 -0.181626E+02
195 -150 -0.181626E+02
-165 210 -0.181626E+02
195 210 -0.181626E+02
-165 -130 -0.175944E+02
195 -130 -0.175944E+02
-165 -115 -0.169549E+02
195 -115 -0.169549E+02
-165 -100 -0.161571E+02
195 -100 -0.161571E+02
-165 -085 -0.151031E+02
195 -085 -0.151031E+02
-165 -070 -0.146226E+02
195 -070 -0.146226E+02
-165 -055 -0.144466E+02
195 -055 -0.144466E+02
-165 -040 -0.143148E+02
195 -040 -0.143148E+02
-165 -025 -0.141444E+02
195 -025 -0.141444E+02
-165 -010 -0.121228E+02
195 -010 -0.121228E+02
-165 000 -0.130170E+02
195 000 -0.130170E+02
-165 015 -0.141057E+02
195 015 -0.141057E+02
-165 030 -0.151218E+02
195 030 -0.151218E+02
-165 050 -0.156297E+02
195 050 -0.156297E+02
-165 070 -0.157068E+02
195 070 -0.157068E+02
-165 090 -0.156704E+02
195 090 -0.156704E+02
-165 110 -0.156348E+02
195 110 -0.156348E+02
-165 130 -0.159251E+02
195 130 -0.159251E+02
-165 145 -0.165269E+02
195 145 -0.165269E+02
-165 160 -0.172247E+02
195 160 -0.172247E+02
-165 -200 -0.172247E+02
-165 170 -0.176864E+02
195 170 -0.176864E+02
-165 -190 -0.176864E+02
-165 180 -0.179622E+02
195 180 -0.179622E+02
-165 -180 -0.179622E+02
-150 -165 -0.181135E+02
210 -165 -0.181135E+02
-150 195 -0.181135E+02
210 195 -0.181135E+02
-150 -150 -0.179337E+02
210 -150 -0.179337E+02
-150 210 -0.179337E+02
210 210 -0.179337E+02
-150 -130 -0.172437E+02
210 -130 -0.172437E+02
-150 -115 -0.165155E+02
210 -115 -0.165155E+02
-150 -100 -0.154832E+02
210 -100 -0.154832E+02
-150 -085 -0.148497E+02
210 -085 -0.148497E+02
-150 -070 -0.144192E+02
210 -070 -0.144192E+02
-150 -055 -0.141478E+02
210 -055 -0.141478E+02
-150 -040 -0.139878E+02
210 -040 -0.139878E+02
-150 -025 -0.138152E+02
210 -025 -0.138152E+02
-150 -010 -0.132031E+02
210 -010 -0.132031E+02
-150 000 -0.137518E+02
210 000 -0.137518E+02
-150 015 -0.152240E+02
210 015 -0.152240E+02
-150 030 -0.160671E+02
210 030 -0.160671E+02
-150 050 -0.161853E+02
210 050 -0.161853E+02
-150 070 -0.160229E+02
210 070 -0.160229E+02
-150 090 -0.156918E+02
210 090 -0.156918E+02
-150 110 -0.155616E+02
210 110 -0.155616E+02
-150 130 -0.157934E+02
210 130 -0.157934E+02
-150 145 -0.162988E+02
210 145 -0.162988E+02
-150 160 -0.169624E+02
210 160 -0.169624E+02
-150 -200 -0.169624E+02
-150 170 -0.175633E+02
210 170 -0.175633E+02
-150 -190 -0.175633E+02
-125 -165 -0.173795E+02
-125 195 -0.173795E+02
-125 -150 -0.170606E+02
-125 210 -0.170606E+02
-125 -130 -0.162189E+02
-125 -115 -0.155220E+02
-125 -100 -0.150054E+02
-125 -085 -0.145319E+02
-125 -070 -0.144297E+02
-125 -055 -0.144470E+02
-125 -040 -0.129905E+02
-125 -025 -0.133821E+02
-125 -010 -0.147457E+02
-125 000 -0.154774E+02
-125 015 -0.165965E+02
-125 030 -0.169331E+02
-125 050 -0.165575E+02
-125 070 -0.159382E+02
-125 090 -0.155678E+02
-125 110 -0.153342E+02
-125 130 -0.154904E+02
-125 145 -0.161550E+02
-125 160 -0.165987E+02
-125 -200 -0.165987E+02
-125 170 -0.170733E+02
-125 -190 -0.170733E+02
-100 -165 -0.162354E+02
-100 195 -0.162354E+02
-100 -150 -0.157762E+02
-100 210 -0.157762E+02
-100 -130 -0.152805E+02
-100 -115 -0.148644E+02
-100 -100 -0.144537E+02
-100 -085 -0.143281E+02
-100 -070 -0.142778E+02
-100 -055 -0.130104E+02
-100 -040 -0.133079E+02
-100 -025 -0.145502E+02
-100 -010 -0.158222E+02
-100 000 -0.166607E+02
-100 015 -0.171383E+02
-100 030 -0.169717E+02
-100 050 -0.159926E+02
-100 070 -0.153993E+02
-100 090 -0.152411E+02
-100 110 -0.152331E+02
-100 130 -0.155961E+02
-100 145 -0.156380E+02
-100 160 -0.160138E+02
-100 -200 -0.160138E+02
-100 170 -0.162613E+02
-100 -190 -0.162613E+02
-085 -165 -0.158629E+02
-085 195 -0.158629E+02
-085 -150 -0.155223E+02
-085 210 -0.155223E+02
-085 -130 -0.149340E+02
-085 -115 -0.144940E+02
-085 -100 -0.141853E+02
-085 -085 -0.140518E+02
-085 -070 -0.135715E+02
-085 -055 -0.127732E+02
-085 -040 -0.135328E+02
-085 -025 -0.151571E+02
-085 -010 -0.163223E+02
-085 000 -0.170004E+02
-085 015 -0.170342E+02
-085 030 -0.162125E+02
-085 050 -0.151301E+02
-085 070 -0.149924E+02
-085 090 -0.146165E+02
-085 110 -0.152334E+02
-085 130 -0.154673E+02
-085 145 -0.156859E+02
-085 160 -0.158436E+02
-085 -200 -0.158436E+02
-085 170 -0.159682E+02
-085 -190 -0.159682E+02
-085 180 -0.159941E+02
-085 -180 -0.159941E+02
-070 -165 -0.157317E+02
-070 195 -0.157317E+02
-070 -150 -0.152932E+02
-070 210 -0.152932E+02
-070 -130 -0.145539E+02
-070 -115 -0.140873E+02
-070 -100 -0.138014E+02
-070 -085 -0.137118E+02
-070 -070 -0.130616E+02
-070 -055 -0.128014E+02
-070 -040 -0.138165E+02
-070 -025 -0.156164E+02
-070 -010 -0.167434E+02
-070 000 -0.170769E+02
-070 015 -0.162241E+02
-070 030 -0.149779E+02
-070 050 -0.147200E+02
-070 070 -0.148714E+02
-070 090 -0.145373E+02
-070 110 -0.154063E+02
-070 130 -0.159333E+02
-070 145 -0.160242E+02
-070 160 -0.160883E+02
-070 -200 -0.160883E+02
-070 170 -0.160733E+02
-070 -190 -0.160733E+02
-055 -165 -0.156819E+02
-055 195 -0.156819E+02
-055 -150 -0.150334E+02
-055 210 -0.150334E+02
-055 -130 -0.141286E+02
-055 -115 -0.136203E+02
-055 -100 -0.135005E+02
-055 -085 -0.130055E+02
-055 -070 -0.123601E+02
-055 -055 -0.124209E+02
-055 -040 -0.140214E+02
-055 -025 -0.160595E+02
-055 -010 -0.169057E+02
-055 000 -0.164585E+02
-055 015 -0.149221E+02
-055 030 -0.145110E+02
-055 050 -0.149614E+02
-055 070 -0.149516E+02
-055 090 -0.148016E+02
-055 110 -0.160156E+02
-055 130 -0.164909E+02
-055 145 -0.166353E+02
-055 160 -0.165370E+02
-055 -200 -0.165370E+02
-055 170 -0.163524E+02
-055 -190 -0.163524E+02
-055 180 -0.160195E+02
-055 -180 -0.160195E+02
-040 -165 -0.153950E+02
-040 195 -0.153950E+02
-040 -150 -0.147759E+02
-040 210 -0.147759E+02
-040 -130 -0.138516E+02
-040 -115 -0.133554E+02
-040 -100 -0.131246E+02
-040 -085 -0.134228E+02
-040 -070 -0.126909E+02
-040 -055 -0.124134E+02
-040 -040 -0.151370E+02
-040 -025 -0.165669E+02
-040 -010 -0.163407E+02
-040 000 -0.152818E+02
-040 015 -0.146668E+02
-040 030 -0.151870E+02
-040 050 -0.156129E+02
-040 070 -0.150227E+02
-040 090 -0.155795E+02
-040 110 -0.171433E+02
-040 130 -0.174318E+02
-040 145 -0.174194E+02
-040 160 -0.168465E+02
-040 -200 -0.168465E+02
-040 170 -0.164823E+02
-040 -190 -0.164823E+02
-040 180 -0.160969E+02
-040 -180 -0.160969E+02
-025 -165 -0.149194E+02
-025 195 -0.149194E+02
-025 -150 -0.147374E+02
-025 210 -0.147374E+02
-025 -130 -0.146548E+02
-025 -115 -0.149673E+02
-025 -100 -0.145556E+02
-025 -085 -0.140195E+02
-025 -070 -0.130065E+02
-025 -055 -0.139013E+02
-025 -040 -0.160640E+02
-025 -025 -0.165268E+02
-025 -010 -0.142185E+02
-025 000 -0.152040E+02
-025 015 -0.160083E+02
-025 030 -0.162428E+02
-025 050 -0.156722E+02
-025 070 -0.150921E+02
-025 090 -0.177309E+02
-025 110 -0.181948E+02
-025 130 -0.176184E+02
-025 145 -0.172112E+02
-025 160 -0.170250E+02
-025 -200 -0.170250E+02
-025 170 -0.164506E+02
-025 -190 -0.164506E+02
-025 180 -0.159919E+02
-025 -180 -0.159919E+02
-010 -150 -0.146352E+02
-010 210 -0.146352E+02
-010 -130 -0.154299E+02
-010 -115 -0.156172E+02
-010 -100 -0.154666E+02
-010 -085 -0.145173E+02
-010 -070 -0.136865E+02
-010 -055 -0.151701E+02
-010 -040 -0.163829E+02
-010 -025 -0.147291E+02
-010 -010 -0.157646E+02
-010 000 -0.163969E+02
-010 015 -0.166719E+02
-010 030 -0.162104E+02
-010 050 -0.148442E+02
-010 070 -0.176251E+02
-010 090 -0.184538E+02
-010 110 -0.182171E+02
-010 130 -0.174150E+02
-010 145 -0.170304E+02
-010 160 -0.167446E+02
-010 -200 -0.167446E+02
-010 170 -0.160850E+02
-010 -190 -0.160850E+02
-010 180 -0.157808E+02
-010 -180 -0.157808E+02
000 -165 -0.140154E+02
000 195 -0.140154E+02
000 -150 -0.149459E+02
000 210 -0.149459E+02
000 -115 -0.160861E+02
000 -100 -0.157111E+02
000 -085 -0.150023E+02
000 -070 -0.146107E+02
000 -055 -0.161808E+02
000 -040 -0.143837E+02
000 -025 -0.155410E+02
000 -010 -0.164478E+02
000 000 -0.167106E+02
000 015 -0.165280E+02
000 030 -0.155590E+02
000 050 -0.149738E+02
000 070 -0.181174E+02
000 090 -0.181766E+02
000 110 -0.177749E+02
000 130 -0.172063E+02
000 145 -0.168557E+02
000 160 -0.165631E+02
000 -200 -0.165631E+02
000 170 -0.160667E+02
000 -190 -0.160667E+02
000 180 -0.145989E+02
000 -180 -0.145989E+02
015 -150 -0.155236E+02
015 210 -0.155236E+02
015 -130 -0.161508E+02
015 -115 -0.162273E+02
015 -100 -0.158444E+02
015 -085 -0.159014E+02
015 -070 -0.160309E+02
015 -055 -0.144927E+02
015 -040 -0.152234E+02
015 -025 -0.163436E+02
015 -010 -0.165697E+02
015 000 -0.163200E+02
015 015 -0.156461E+02
015 030 -0.146408E+02
015 070 -0.175821E+02
015 090 -0.175181E+02
015 110 -0.170642E+02
015 130 -0.166929E+02
015 145 -0.164672E+02
015 160 -0.141370E+02
015 -200 -0.141370E+02
015 170 -0.138572E+02
015 -190 -0.138572E+02
015 180 -0.142096E+02
015 -180 -0.142096E+02
030 -150 -0.158081E+02
030 210 -0.158081E+02
030 -130 -0.164738E+02
030 -115 -0.166189E+02
030 -100 -0.164640E+02
030 -085 -0.156199E+02
030 -070 -0.144290E+02
030 -055 -0.152524E+02
030 -040 -0.158567E+02
030 -025 -0.160116E+02
030 -010 -0.157965E+02
030 000 -0.153487E+02
030 015 -0.146819E+02
030 030 -0.178394E+02
030 050 -0.177962E+02
030 070 -0.169263E+02
030 090 -0.163234E+02
030 110 -0.163199E+02
030 130 -0.163856E+02
030 145 -0.133491E+02
030 160 -0.132891E+02
030 -200 -0.132891E+02
030 170 -0.138588E+02
030 -190 -0.138588E+02
030 180 -0.149940E+02
030 -180 -0.149940E+02
050 -165 -0.158417E+02
050 195 -0.158417E+02
050 -150 -0.158639E+02
050 210 -0.158639E+02
050 -130 -0.160829E+02
050 -115 -0.161096E+02
050 -100 -0.153905E+02
050 -085 -0.140680E+02
050 -070 -0.143956E+02
050 -055 -0.147670E+02
050 -040 -0.151176E+02
050 -025 -0.131108E+02
050 -010 -0.146639E+02
050 000 -0.150087E+02
050 015 -0.180701E+02
050 030 -0.182309E+02
050 050 -0.172908E+02
050 070 -0.160354E+02
050 090 -0.152442E+02
050 110 -0.138728E+02
050 130 -0.131162E+02
050 145 -0.129731E+02
050 160 -0.138199E+02
050 -200 -0.138199E+02
050 170 -0.145316E+02
050 -190 -0.145316E+02
050 180 -0.151694E+02
050 -180 -0.151694E+02
070 -165 -0.154245E+02
070 195 -0.154245E+02
070 -150 -0.156403E+02
070 210 -0.156403E+02
070 -130 -0.156732E+02
070 -115 -0.154950E+02
070 -100 -0.146597E+02
070 -085 -0.139702E+02
070 -070 -0.141824E+02
070 -055 -0.145248E+02
070 -040 -0.148255E+02
070 -025 -0.149661E+02
070 -010 -0.163347E+02
070 000 -0.179076E+02
070 015 -0.183580E+02
070 030 -0.178696E+02
070 050 -0.165424E+02
070 070 -0.156178E+02
070 090 -0.145132E+02
070 110 -0.137174E+02
070 130 -0.134728E+02
070 145 -0.139348E+02
070 160 -0.144054E+02
070 -200 -0.144054E+02
070 170 -0.147954E+02
070 -190 -0.147954E+02
090 -165 -0.153681E+02
090 195 -0.153681E+02
090 -150 -0.157570E+02
090 210 -0.157570E+02
090 -130 -0.156038E+02
090 -115 -0.154335E+02
090 -100 -0.149320E+02
090 -085 -0.143084E+02
090 -070 -0.144194E+02
090 -055 -0.150037E+02
090 -040 -0.157152E+02
090 -025 -0.168490E+02
090 -010 -0.176696E+02
090 000 -0.179510E+02
090 015 -0.179985E+02
090 030 -0.173223E+02
090 050 -0.163140E+02
090 070 -0.156753E+02
090 090 -0.141400E+02
090 110 -0.137407E+02
090 130 -0.137837E+02
090 145 -0.143886E+02
090 160 -0.150547E+02
090 -200 -0.150547E+02
090 170 -0.150030E+02
090 -190 -0.150030E+02
090 180 -0.151223E+02
090 -180 -0.151223E+02
110 -165 -0.162538E+02
110 195 -0.162538E+02
110 -150 -0.161226E+02
110 210 -0.161226E+02
110 -130 -0.159468E+02
110 -115 -0.157464E+02
110 -100 -0.154944E+02
110 -085 -0.151428E+02
110 -070 -0.150200E+02
110 -055 -0.154778E+02
110 -040 -0.161178E+02
110 -025 -0.168586E+02
110 -010 -0.175119E+02
110 000 -0.177055E+02
110 015 -0.173682E+02
110 030 -0.167391E+02
110 050 -0.162559E+02
110 070 -0.136390E+02
110 090 -0.138298E+02
110 110 -0.141065E+02
110 130 -0.144997E+02
110 145 -0.149873E+02
110 160 -0.156240E+02
110 -200 -0.156240E+02
110 170 -0.159777E+02
110 -190 -0.159777E+02
110 180 -0.161529E+02
110 -180 -0.161529E+02
130 -165 -0.173758E+02
130 195 -0.173758E+02
130 -150 -0.172286E+02
130 210 -0.172286E+02
130 -130 -0.166365E+02
130 -115 -0.162754E+02
130 -100 -0.159735E+02
130 -085 -0.156426E+02
130 -070 -0.154317E+02
130 -055 -0.152839E+02
130 -040 -0.161548E+02
130 -010 -0.171639E+02
130 000 -0.170661E+02
130 015 -0.164876E+02
130 030 -0.157294E+02
130 050 -0.116644E+02
130 070 -0.126430E+02
130 090 -0.135474E+02
130 110 -0.142978E+02
130 130 -0.151559E+02
130 145 -0.159699E+02
130 160 -0.169141E+02
130 -200 -0.169141E+02
130 170 -0.175701E+02
130 -190 -0.175701E+02
130 180 -0.176790E+02
130 -180 -0.176790E+02
150 -165 -0.183501E+02
-210 -165 -0.183501E+02
150 195 -0.183501E+02
150 -150 -0.178737E+02
-210 -150 -0.178737E+02
150 210 -0.178737E+02
150 -130 -0.173185E+02
-210 -130 -0.173185E+02
150 -115 -0.168082E+02
-210 -115 -0.168082E+02
150 -100 -0.163594E+02
-210 -100 -0.163594E+02
150 -085 -0.159714E+02
-210 -085 -0.159714E+02
150 -070 -0.155505E+02
-210 -070 -0.155505E+02
150 -055 -0.154686E+02
-210 -055 -0.154686E+02
150 -040 -0.159445E+02
-210 -040 -0.159445E+02
150 -025 -0.162981E+02
-210 -025 -0.162981E+02
150 -010 -0.161347E+02
-210 -010 -0.161347E+02
150 000 -0.158188E+02
-210 000 -0.158188E+02
150 015 -0.107893E+02
-210 015 -0.107893E+02
150 030 -0.113909E+02
-210 030 -0.113909E+02
150 050 -0.122677E+02
-210 050 -0.122677E+02
150 070 -0.128660E+02
-210 070 -0.128660E+02
150 090 -0.139836E+02
-210 090 -0.139836E+02
150 110 -0.150594E+02
-210 110 -0.150594E+02
150 130 -0.158695E+02
-210 130 -0.158695E+02
150 145 -0.168240E+02
-210 145 -0.168240E+02
150 160 -0.174923E+02
-210 160 -0.174923E+02
150 -200 -0.174923E+02
-210 -200 -0.174923E+02
150 170 -0.181131E+02
-210 170 -0.181131E+02
150 -190 -0.181131E+02
-210 -190 -0.181131E+02
150 180 -0.184816E+02
-210 180 -0.184816E+02
150 -180 -0.184816E+02
-210 -180 -0.184816E+02
165 -165 -0.185120E+02
-195 -165 -0.185120E+02
165 195 -0.185120E+02
165 -150 -0.182840E+02
-195 -150 -0.182840E+02
165 210 -0.182840E+02
165 -130 -0.176972E+02
-195 -130 -0.176972E+02
165 -115 -0.170564E+02
-195 -115 -0.170564E+02
165 -100 -0.165438E+02
-195 -100 -0.165438E+02
165 -085 -0.160034E+02
-195 -085 -0.160034E+02
165 -070 -0.154967E+02
-195 -070 -0.154967E+02
165 -055 -0.153223E+02
-195 -055 -0.153223E+02
165 -040 -0.154715E+02
-195 -040 -0.154715E+02
165 -025 -0.155037E+02
-195 -025 -0.155037E+02
165 -010 -0.110721E+02
-195 -010 -0.110721E+02
165 000 -0.110224E+02
-195 000 -0.110224E+02
165 015 -0.117907E+02
-195 015 -0.117907E+02
165 030 -0.125974E+02
-195 030 -0.125974E+02
165 050 -0.134949E+02
-195 050 -0.134949E+02
165 070 -0.140733E+02
-195 070 -0.140733E+02
165 090 -0.148253E+02
-195 090 -0.148253E+02
165 110 -0.153738E+02
-195 110 -0.153738E+02
165 130 -0.160576E+02
-195 130 -0.160576E+02
165 145 -0.167320E+02
-195 145 -0.167320E+02
165 160 -0.175580E+02
-195 160 -0.175580E+02
165 -200 -0.175580E+02
-195 -200 -0.175580E+02
165 170 -0.180386E+02
-195 170 -0.180386E+02
165 -190 -0.180386E+02
-195 -190 -0.180386E+02
165 180 -0.184808E+02
-195 180 -0.184808E+02
165 -180 -0.184808E+02
-195 -180 -0.184808E+02
180 -165 -0.184779E+02
-180 -165 -0.184779E+02
180 195 -0.184779E+02
180 -150 -0.183161E+02
-180 -150 -0.183161E+02
180 210 -0.183161E+02
180 -130 -0.177473E+02
-180 -130 -0.177473E+02
180 -115 -0.171574E+02
-180 -115 -0.171574E+02
180 -100 -0.164644E+02
-180 -100 -0.164644E+02
180 -085 -0.156764E+02
-180 -085 -0.156764E+02
180 -070 -0.149963E+02
-180 -070 -0.149963E+02
180 -055 -0.148654E+02
-180 -055 -0.148654E+02
180 -040 -0.148717E+02
-180 -040 -0.148717E+02
180 -025 -0.147150E+02
-180 -025 -0.147150E+02
180 -010 -0.114286E+02
-180 -010 -0.114286E+02
180 000 -0.118293E+02
-180 000 -0.118293E+02
180 015 -0.130338E+02
-180 015 -0.130338E+02
180 030 -0.140137E+02
-180 030 -0.140137E+02
180 070 -0.151564E+02
-180 070 -0.151564E+02
180 090 -0.153820E+02
-180 090 -0.153820E+02
180 110 -0.155671E+02
-180 110 -0.155671E+02
180 130 -0.160039E+02
-180 130 -0.160039E+02
180 145 -0.166621E+02
-180 145 -0.166621E+02
180 160 -0.174088E+02
-180 160 -0.174088E+02
180 -200 -0.174088E+02
-180 -200 -0.174088E+02
180 170 -0.177711E+02
-180 170 -0.177711E+02
180 -190 -0.177711E+02
-180 -190 -0.177711E+02
180 180 -0.182774E+02
-180 180 -0.182774E+02
180 -180 -0.182774E+02
-180 -180 -0.182774E+02
