PHI PSI J_6_22
-165 -165 0.215231E-01
195 -165 0.215231E-01
-165 195 0.215231E-01
195 195 0.215231E-01
-165 -150 0.210166E-01
195 -150 0.210166E-01
-165 210 0.210166E-01
195 210 0.210166E-01
-165 -130 0.816126E-02
195 -130 0.816126E-02
-165 -115 -0.916497E-02
195 -115 -0.916497E-02
-165 -100 -0.320732E-01
195 -100 -0.320732E-01
-165 -085 -0.538076E-01
195 -085 -0.538076E-01
-165 -070 -0.453169E-01
195 -070 -0.453169E-01
-165 -055 -0.245585E-02
195 -055 -0.245585E-02
-165 -040 0.292681E-01
195 -040 0.292681E-01
-165 -025 0.382618E-01
195 -025 0.382618E-01
-165 -010 0.706480E-01
195 -010 0.706480E-01
-165 000 0.819932E-01
195 000 0.819932E-01
-165 015 0.103232E+00
195 015 0.103232E+00
-165 030 0.118644E+00
195 030 0.118644E+00
-165 050 0.976423E-01
195 050 0.976423E-01
-165 070 0.466861E-01
195 070 0.466861E-01
-165 090 0.144957E-01
195 090 0.144957E-01
-165 110 0.295439E-02
195 110 0.295439E-02
-165 130 -0.256178E-02
195 130 -0.256178E-02
-165 145 -0.303850E-03
195 145 -0.303850E-03
-165 160 0.491638E-02
195 160 0.491638E-02
-165 -200 0.491638E-02
-165 170 0.103037E-01
195 170 0.103037E-01
-165 -190 0.103037E-01
-165 180 0.210736E-01
195 180 0.210736E-01
-165 -180 0.210736E-01
-150 -165 0.913946E-02
210 -165 0.913946E-02
-150 195 0.913946E-02
210 195 0.913946E-02
-150 -150 0.109507E-01
210 -150 0.109507E-01
-150 210 0.109507E-01
210 210 0.109507E-01
-150 -130 -0.357024E-02
210 -130 -0.357024E-02
-150 -115 -0.284063E-01
210 -115 -0.284063E-01
-150 -100 -0.574432E-01
210 -100 -0.574432E-01
-150 -085 -0.750567E-01
210 -085 -0.750567E-01
-150 -070 -0.625532E-01
210 -070 -0.625532E-01
-150 -055 -0.143373E-01
210 -055 -0.143373E-01
-150 -040 0.276392E-01
210 -040 0.276392E-01
-150 -025 0.425400E-01
210 -025 0.425400E-01
-150 -010 0.877426E-01
210 -010 0.877426E-01
-150 000 0.116890E+00
210 000 0.116890E+00
-150 015 0.160730E+00
210 015 0.160730E+00
-150 030 0.187391E+00
210 030 0.187391E+00
-150 050 0.169897E+00
210 050 0.169897E+00
-150 070 0.985918E-01
210 070 0.985918E-01
-150 090 0.390375E-01
210 090 0.390375E-01
-150 110 0.103170E-01
210 110 0.103170E-01
-150 130 -0.640757E-02
210 130 -0.640757E-02
-150 145 -0.112733E-01
210 145 -0.112733E-01
-150 160 -0.988900E-02
210 160 -0.988900E-02
-150 -200 -0.988900E-02
-150 170 -0.492926E-02
210 170 -0.492926E-02
-150 -190 -0.492926E-02
-125 -165 -0.341048E-01
-125 195 -0.341048E-01
-125 -150 -0.283036E-01
-125 210 -0.283036E-01
-125 -130 -0.334837E-01
-125 -115 -0.486855E-01
-125 -100 -0.624194E-01
-125 -085 -0.698091E-01
-125 -070 -0.384206E-01
-125 -055 0.197042E-01
-125 -040 0.593488E-01
-125 -025 0.119069E+00
-125 -010 0.196473E+00
-125 000 0.246844E+00
-125 015 0.299377E+00
-125 030 0.310439E+00
-125 050 0.261094E+00
-125 070 0.150975E+00
-125 090 0.607265E-01
-125 110 0.861768E-02
-125 130 -0.196792E-01
-125 145 -0.344701E-01
-125 160 -0.421212E-01
-125 -200 -0.421212E-01
-125 170 -0.433174E-01
-125 -190 -0.433174E-01
-100 -165 -0.802747E-01
-100 195 -0.802747E-01
-100 -150 -0.632293E-01
-100 210 -0.632293E-01
-100 -130 -0.506230E-01
-100 -115 -0.462460E-01
-100 -100 -0.419746E-01
-100 -085 -0.286645E-01
-100 -070 0.147304E-01
-100 -055 0.736117E-01
-100 -040 0.153045E+00
-100 -025 0.250908E+00
-100 -010 0.330411E+00
-100 000 0.360538E+00
-100 015 0.365002E+00
-100 030 0.337240E+00
-100 050 0.270466E+00
-100 070 0.143815E+00
-100 090 0.413206E-01
-100 110 -0.975526E-02
-100 130 -0.358463E-01
-100 145 -0.559978E-01
-100 160 -0.729095E-01
-100 -200 -0.729095E-01
-100 170 -0.805617E-01
-100 -190 -0.805617E-01
-085 -165 -0.955903E-01
-085 195 -0.955903E-01
-085 -150 -0.789021E-01
-085 210 -0.789021E-01
-085 -130 -0.536729E-01
-085 -115 -0.389658E-01
-085 -100 -0.260107E-01
-085 -085 -0.127334E-02
-085 -070 0.490534E-01
-085 -055 0.124184E+00
-085 -040 0.227821E+00
-085 -025 0.314246E+00
-085 -010 0.364023E+00
-085 000 0.358127E+00
-085 015 0.328161E+00
-085 030 0.316953E+00
-085 050 0.258150E+00
-085 070 0.113216E+00
-085 090 0.134720E-01
-085 110 -0.286630E-01
-085 130 -0.532326E-01
-085 145 -0.676692E-01
-085 160 -0.844201E-01
-085 -200 -0.844201E-01
-085 170 -0.924232E-01
-085 -190 -0.924232E-01
-085 180 -0.980780E-01
-085 -180 -0.980780E-01
-070 -165 -0.100386E+00
-070 195 -0.100386E+00
-070 -150 -0.851893E-01
-070 210 -0.851893E-01
-070 -130 -0.507673E-01
-070 -115 -0.265604E-01
-070 -100 -0.535734E-02
-070 -085 0.264663E-01
-070 -070 0.850188E-01
-070 -055 0.181904E+00
-070 -040 0.279230E+00
-070 -025 0.341228E+00
-070 -010 0.330829E+00
-070 000 0.314875E+00
-070 015 0.311563E+00
-070 030 0.336181E+00
-070 050 0.235335E+00
-070 070 0.568413E-01
-070 090 -0.262634E-01
-070 110 -0.461981E-01
-070 130 -0.628563E-01
-070 145 -0.765852E-01
-070 160 -0.909059E-01
-070 -200 -0.909059E-01
-070 170 -0.965991E-01
-070 -190 -0.965991E-01
-055 -165 -0.971585E-01
-055 195 -0.971585E-01
-055 -150 -0.797704E-01
-055 210 -0.797704E-01
-055 -130 -0.369879E-01
-055 -115 -0.860855E-02
-055 -100 0.150513E-01
-055 -085 0.569672E-01
-055 -070 0.126489E+00
-055 -055 0.223723E+00
-055 -040 0.300240E+00
-055 -025 0.303855E+00
-055 -010 0.296418E+00
-055 000 0.304805E+00
-055 015 0.341013E+00
-055 030 0.275931E+00
-055 050 0.110791E+00
-055 070 -0.354138E-01
-055 090 -0.747932E-01
-055 110 -0.572895E-01
-055 130 -0.670918E-01
-055 145 -0.833137E-01
-055 160 -0.950137E-01
-055 -200 -0.950137E-01
-055 170 -0.971817E-01
-055 -190 -0.971817E-01
-055 180 -0.980149E-01
-055 -180 -0.980149E-01
-040 -165 -0.843934E-01
-040 195 -0.843934E-01
-040 -150 -0.629360E-01
-040 210 -0.629360E-01
-040 -130 -0.176140E-01
-040 -115 0.471209E-02
-040 -100 0.276464E-01
-040 -085 0.509955E-01
-040 -070 0.139212E+00
-040 -055 0.250186E+00
-040 -040 0.279211E+00
-040 -025 0.284397E+00
-040 -010 0.313281E+00
-040 000 0.336153E+00
-040 015 0.179217E+00
-040 030 0.553531E-01
-040 050 -0.702689E-01
-040 070 -0.127179E+00
-040 090 -0.964288E-01
-040 110 -0.713129E-01
-040 130 -0.835847E-01
-040 145 -0.995065E-01
-040 160 -0.986981E-01
-040 -200 -0.986981E-01
-040 170 -0.954534E-01
-040 -190 -0.954534E-01
-040 180 -0.915511E-01
-040 -180 -0.915511E-01
-025 -165 -0.681817E-01
-025 195 -0.681817E-01
-025 -150 -0.434719E-01
-025 210 -0.434719E-01
-025 -130 -0.802511E-01
-025 -115 -0.738884E-01
-025 -100 -0.343985E-01
-025 -085 0.380920E-01
-025 -070 0.152711E+00
-025 -055 0.249340E+00
-025 -040 0.267422E+00
-025 -025 0.283810E+00
-025 -010 0.166506E+00
-025 000 -0.791629E-03
-025 015 -0.144194E+00
-025 030 -0.190248E+00
-025 050 -0.193141E+00
-025 070 -0.154318E+00
-025 090 -0.784568E-01
-025 110 -0.857813E-01
-025 130 -0.102611E+00
-025 145 -0.107371E+00
-025 160 -0.102556E+00
-025 -200 -0.102556E+00
-025 170 -0.937021E-01
-025 -190 -0.937021E-01
-025 180 -0.839622E-01
-025 -180 -0.839622E-01
-010 -150 -0.997689E-01
-010 210 -0.997689E-01
-010 -130 -0.925489E-01
-010 -115 -0.777279E-01
-010 -100 -0.468684E-01
-010 -085 0.417617E-01
-010 -070 0.177104E+00
-010 -055 0.248816E+00
-010 -040 0.270766E+00
-010 -025 -0.358965E-01
-010 -010 -0.184973E+00
-010 000 -0.232334E+00
-010 015 -0.251111E+00
-010 030 -0.237792E+00
-010 050 -0.178688E+00
-010 070 0.347610E-01
-010 090 -0.232776E-01
-010 110 -0.948364E-01
-010 130 -0.115450E+00
-010 145 -0.115330E+00
-010 160 -0.104386E+00
-010 -200 -0.104386E+00
-010 170 -0.921116E-01
-010 -190 -0.921116E-01
-010 180 -0.773156E-01
-010 -180 -0.773156E-01
000 -165 -0.988586E-01
000 195 -0.988586E-01
000 -150 -0.986955E-01
000 210 -0.986955E-01
000 -115 -0.815433E-01
000 -100 -0.400923E-01
000 -085 0.454732E-01
000 -070 0.173733E+00
000 -055 0.228562E+00
000 -040 -0.372099E-01
000 -025 -0.217211E+00
000 -010 -0.262282E+00
000 000 -0.270592E+00
000 015 -0.247568E+00
000 030 -0.203592E+00
000 050 -0.253956E-01
000 070 0.107187E+00
000 090 -0.171880E-01
000 110 -0.972723E-01
000 130 -0.118353E+00
000 145 -0.116438E+00
000 160 -0.103201E+00
000 -200 -0.103201E+00
000 170 -0.918132E-01
000 -190 -0.918132E-01
000 180 -0.975857E-01
000 -180 -0.975857E-01
015 -150 -0.932053E-01
015 210 -0.932053E-01
015 -130 -0.861000E-01
015 -115 -0.723849E-01
015 -100 -0.325236E-01
015 -085 0.296532E-01
015 -070 0.113132E+00
015 -055 -0.178982E+00
015 -040 -0.227597E+00
015 -025 -0.277539E+00
015 -010 -0.256190E+00
015 000 -0.221526E+00
015 015 -0.146197E+00
015 030 -0.176720E-01
015 070 0.120547E+00
015 090 -0.227888E-01
015 110 -0.958145E-01
015 130 -0.112512E+00
015 145 -0.108286E+00
015 160 -0.680137E-01
015 -200 -0.680137E-01
015 170 -0.757332E-01
015 -190 -0.757332E-01
015 180 -0.882218E-01
015 -180 -0.882218E-01
030 -150 -0.871495E-01
030 210 -0.871495E-01
030 -130 -0.766340E-01
030 -115 -0.646018E-01
030 -100 -0.572248E-01
030 -085 -0.994412E-01
030 -070 -0.199264E+00
030 -055 -0.234238E+00
030 -040 -0.261997E+00
030 -025 -0.165257E+00
030 -010 -0.105579E+00
030 000 -0.341249E-01
030 015 0.977350E-01
030 030 0.227851E+00
030 050 0.236638E+00
030 070 0.106416E+00
030 090 -0.166379E-01
030 110 -0.774720E-01
030 130 -0.757423E-01
030 145 -0.437142E-01
030 160 -0.703522E-01
030 -200 -0.703522E-01
030 170 -0.880506E-01
030 -190 -0.880506E-01
030 180 -0.922574E-01
030 -180 -0.922574E-01
050 -165 -0.989498E-01
050 195 -0.989498E-01
050 -150 -0.836171E-01
050 210 -0.836171E-01
050 -130 -0.660508E-01
050 -115 -0.571564E-01
050 -100 -0.665506E-01
050 -085 -0.115556E+00
050 -070 -0.124759E+00
050 -055 -0.318925E-01
050 -040 -0.540266E-02
050 -025 0.311249E+00
050 -010 0.216176E+00
050 000 0.235904E+00
050 015 0.251530E+00
050 030 0.286020E+00
050 050 0.226289E+00
050 070 0.834537E-01
050 090 0.152331E-01
050 110 -0.155516E-01
050 130 -0.351082E-01
050 145 -0.619573E-01
050 160 -0.885790E-01
050 -200 -0.885790E-01
050 170 -0.971748E-01
050 -190 -0.971748E-01
050 180 -0.990193E-01
050 -180 -0.990193E-01
070 -165 -0.102216E+00
070 195 -0.102216E+00
070 -150 -0.904067E-01
070 210 -0.904067E-01
070 -130 -0.721118E-01
070 -115 -0.586111E-01
070 -100 -0.496319E-01
070 -085 -0.493816E-01
070 -070 0.834726E-04
070 -055 0.109993E+00
070 -040 0.165377E+00
070 -025 0.212595E+00
070 -010 0.234758E+00
070 000 0.259965E+00
070 015 0.312877E+00
070 030 0.302736E+00
070 050 0.174979E+00
070 070 0.555920E-01
070 090 -0.974636E-02
070 110 -0.295288E-01
070 130 -0.449456E-01
070 145 -0.676350E-01
070 160 -0.925955E-01
070 -200 -0.925955E-01
070 170 -0.103099E+00
070 -190 -0.103099E+00
090 -165 -0.945548E-01
090 195 -0.945548E-01
090 -150 -0.872985E-01
090 210 -0.872985E-01
090 -130 -0.584340E-01
090 -115 -0.445839E-01
090 -100 -0.239781E-01
090 -085 0.225266E-02
090 -070 0.489838E-01
090 -055 0.116534E+00
090 -040 0.174137E+00
090 -025 0.230570E+00
090 -010 0.288807E+00
090 000 0.324176E+00
090 015 0.312614E+00
090 030 0.246994E+00
090 050 0.108541E+00
090 070 0.122206E-01
090 090 -0.347174E-01
090 110 -0.368822E-01
090 130 -0.377659E-01
090 145 -0.564366E-01
090 160 -0.804230E-01
090 -200 -0.804230E-01
090 170 -0.954286E-01
090 -190 -0.954286E-01
090 180 -0.100659E+00
090 -180 -0.100659E+00
110 -165 -0.746690E-01
110 195 -0.746690E-01
110 -150 -0.577808E-01
110 210 -0.577808E-01
110 -130 -0.317082E-01
110 -115 -0.502456E-02
110 -100 0.192489E-01
110 -085 0.617623E-01
110 -070 0.120490E+00
110 -055 0.188807E+00
110 -040 0.250228E+00
110 -025 0.297579E+00
110 -010 0.314054E+00
110 000 0.302966E+00
110 015 0.252484E+00
110 030 0.163343E+00
110 050 0.584982E-01
110 070 -0.397767E-01
110 090 -0.584718E-01
110 110 -0.413257E-01
110 130 -0.307461E-01
110 145 -0.393091E-01
110 160 -0.580351E-01
110 -200 -0.580351E-01
110 170 -0.698307E-01
110 -190 -0.698307E-01
110 180 -0.772899E-01
110 -180 -0.772899E-01
130 -165 -0.346205E-01
130 195 -0.346205E-01
130 -150 -0.219568E-01
130 210 -0.219568E-01
130 -130 0.249582E-02
130 -115 0.232505E-01
130 -100 0.544899E-01
130 -085 0.955002E-01
130 -070 0.160164E+00
130 -055 0.228237E+00
130 -040 0.270548E+00
130 -010 0.257431E+00
130 000 0.224260E+00
130 015 0.157350E+00
130 030 0.928746E-01
130 050 -0.144965E-01
130 070 -0.904318E-01
130 090 -0.828554E-01
130 110 -0.496849E-01
130 130 -0.233555E-01
130 145 -0.190134E-01
130 160 -0.197186E-01
130 -200 -0.197186E-01
130 170 -0.251543E-01
130 -190 -0.251543E-01
130 180 -0.330244E-01
130 -180 -0.330244E-01
150 -165 0.126495E-02
-210 -165 0.126495E-02
150 195 0.126495E-02
150 -150 0.406887E-02
-210 -150 0.406887E-02
150 210 0.406887E-02
150 -130 0.182260E-01
-210 -130 0.182260E-01
150 -115 0.324284E-01
-210 -115 0.324284E-01
150 -100 0.547100E-01
-210 -100 0.547100E-01
150 -085 0.841161E-01
-210 -085 0.841161E-01
150 -070 0.133650E+00
-210 -070 0.133650E+00
150 -055 0.177650E+00
-210 -055 0.177650E+00
150 -040 0.193180E+00
-210 -040 0.193180E+00
150 -025 0.178811E+00
-210 -025 0.178811E+00
150 -010 0.142142E+00
-210 -010 0.142142E+00
150 000 0.112085E+00
-210 000 0.112085E+00
150 015 0.591177E-01
-210 015 0.591177E-01
150 030 0.498074E-01
-210 030 0.498074E-01
150 050 -0.307012E-01
-210 050 -0.307012E-01
150 070 -0.102766E+00
-210 070 -0.102766E+00
150 090 -0.805739E-01
-210 090 -0.805739E-01
150 110 -0.372410E-01
-210 110 -0.372410E-01
150 130 -0.485068E-02
-210 130 -0.485068E-02
150 145 0.963372E-02
-210 145 0.963372E-02
150 160 0.105831E-01
-210 160 0.105831E-01
150 -200 0.105831E-01
-210 -200 0.105831E-01
150 170 0.918041E-02
-210 170 0.918041E-02
150 -190 0.918041E-02
-210 -190 0.918041E-02
150 180 0.599110E-02
-210 180 0.599110E-02
150 -180 0.599110E-02
-210 -180 0.599110E-02
165 -165 0.170205E-01
-195 -165 0.170205E-01
165 195 0.170205E-01
165 -150 0.162246E-01
-195 -150 0.162246E-01
165 210 0.162246E-01
165 -130 0.199299E-01
-195 -130 0.199299E-01
165 -115 0.245697E-01
-195 -115 0.245697E-01
165 -100 0.307959E-01
-195 -100 0.307959E-01
165 -085 0.465515E-01
-195 -085 0.465515E-01
165 -070 0.751642E-01
-195 -070 0.751642E-01
165 -055 0.101537E+00
-195 -055 0.101537E+00
165 -040 0.108435E+00
-195 -040 0.108435E+00
165 -025 0.977868E-01
-195 -025 0.977868E-01
165 -010 0.469183E-01
-195 -010 0.469183E-01
165 000 0.603517E-01
-195 000 0.603517E-01
165 015 0.703913E-01
-195 015 0.703913E-01
165 030 0.554735E-01
-195 030 0.554735E-01
165 050 -0.112034E-01
-195 050 -0.112034E-01
165 070 -0.648096E-01
-195 070 -0.648096E-01
165 090 -0.532841E-01
-195 090 -0.532841E-01
165 110 -0.227209E-01
-195 110 -0.227209E-01
165 130 0.867687E-03
-195 130 0.867687E-03
165 145 0.123976E-01
-195 145 0.123976E-01
165 160 0.195384E-01
-195 160 0.195384E-01
165 -200 0.195384E-01
-195 -200 0.195384E-01
165 170 0.206275E-01
-195 170 0.206275E-01
165 -190 0.206275E-01
-195 -190 0.206275E-01
165 180 0.199695E-01
-195 180 0.199695E-01
165 -180 0.199695E-01
-195 -180 0.199695E-01
180 -165 0.237847E-01
-180 -165 0.237847E-01
180 195 0.237847E-01
180 -150 0.213450E-01
-180 -150 0.213450E-01
180 210 0.213450E-01
180 -130 0.160883E-01
-180 -130 0.160883E-01
180 -115 0.812118E-02
-180 -115 0.812118E-02
180 -100 -0.164650E-02
-180 -100 -0.164650E-02
180 -085 -0.571050E-02
-180 -085 -0.571050E-02
180 -070 0.527393E-02
-180 -070 0.527393E-02
180 -055 0.332756E-01
-180 -055 0.332756E-01
180 -040 0.541975E-01
-180 -040 0.541975E-01
180 -025 0.540987E-01
-180 -025 0.540987E-01
180 -010 0.661666E-01
-180 -010 0.661666E-01
180 000 0.750693E-01
-180 000 0.750693E-01
180 015 0.813976E-01
-180 015 0.813976E-01
180 030 0.733739E-01
-180 030 0.733739E-01
180 070 -0.110532E-01
-180 070 -0.110532E-01
180 090 -0.194309E-01
-180 090 -0.194309E-01
180 110 -0.102123E-01
-180 110 -0.102123E-01
180 130 -0.182743E-03
-180 130 -0.182743E-03
180 145 0.817576E-02
-180 145 0.817576E-02
180 160 0.157791E-01
-180 160 0.157791E-01
180 -200 0.157791E-01
-180 -200 0.157791E-01
180 170 0.195558E-01
-180 170 0.195558E-01
180 -190 0.195558E-01
-180 -190 0.195558E-01
180 180 0.228051E-01
-180 180 0.228051E-01
180 -180 0.228051E-01
-180 -180 0.228051E-01
