PHI PSI J_15_20
-165 -165 0.333108E-01
195 -165 0.333108E-01
-165 195 0.333108E-01
195 195 0.333108E-01
-165 -150 -0.170442E-01
195 -150 -0.170442E-01
-165 210 -0.170442E-01
195 210 -0.170442E-01
-165 -130 -0.178932E+00
195 -130 -0.178932E+00
-165 -115 -0.353610E+00
195 -115 -0.353610E+00
-165 -100 -0.516970E+00
195 -100 -0.516970E+00
-165 -085 -0.579239E+00
195 -085 -0.579239E+00
-165 -070 -0.470184E+00
195 -070 -0.470184E+00
-165 -055 -0.333754E+00
195 -055 -0.333754E+00
-165 -040 -0.292043E+00
195 -040 -0.292043E+00
-165 -025 -0.341468E+00
195 -025 -0.341468E+00
-165 -010 -0.631684E+00
195 -010 -0.631684E+00
-165 000 -0.769870E+00
195 000 -0.769870E+00
-165 015 -0.988666E+00
195 015 -0.988666E+00
-165 050 -0.129129E+01
195 050 -0.129129E+01
-165 070 -0.128290E+01
195 070 -0.128290E+01
-165 090 -0.101007E+01
195 090 -0.101007E+01
-165 110 -0.581797E+00
195 110 -0.581797E+00
-165 130 -0.242558E+00
195 130 -0.242558E+00
-165 145 -0.873953E-01
195 145 -0.873953E-01
-165 160 0.275690E-02
195 160 0.275690E-02
-165 -200 0.275690E-02
-165 170 0.391043E-01
195 170 0.391043E-01
-165 -190 0.391043E-01
-165 180 0.702222E-01
195 180 0.702222E-01
-165 -180 0.702222E-01
-150 -165 0.548247E-01
210 -165 0.548247E-01
-150 195 0.548247E-01
210 195 0.548247E-01
-150 -150 -0.100619E-02
210 -150 -0.100619E-02
-150 210 -0.100619E-02
210 210 -0.100619E-02
-150 -130 -0.182645E+00
210 -130 -0.182645E+00
-150 -115 -0.382182E+00
210 -115 -0.382182E+00
-150 -100 -0.558682E+00
210 -100 -0.558682E+00
-150 -085 -0.607104E+00
210 -085 -0.607104E+00
-150 -070 -0.511669E+00
210 -070 -0.511669E+00
-150 -055 -0.378757E+00
210 -055 -0.378757E+00
-150 -040 -0.310135E+00
210 -040 -0.310135E+00
-150 -025 -0.307606E+00
210 -025 -0.307606E+00
-150 -010 -0.552085E+00
210 -010 -0.552085E+00
-150 000 -0.689887E+00
210 000 -0.689887E+00
-150 015 -0.893096E+00
210 015 -0.893096E+00
-150 030 -0.105960E+01
210 030 -0.105960E+01
-150 050 -0.120543E+01
210 050 -0.120543E+01
-150 070 -0.121081E+01
210 070 -0.121081E+01
-150 090 -0.970185E+00
210 090 -0.970185E+00
-150 110 -0.572397E+00
210 110 -0.572397E+00
-150 130 -0.242078E+00
210 130 -0.242078E+00
-150 145 -0.852366E-01
210 145 -0.852366E-01
-150 160 0.882668E-02
210 160 0.882668E-02
-150 -200 0.882668E-02
-150 170 0.520914E-01
210 170 0.520914E-01
-150 -190 0.520914E-01
-125 -165 0.482916E-01
-125 195 0.482916E-01
-125 -150 -0.349733E-01
-125 210 -0.349733E-01
-125 -130 -0.253380E+00
-125 -115 -0.451077E+00
-125 -100 -0.607531E+00
-125 -085 -0.663950E+00
-125 -070 -0.570663E+00
-125 -055 -0.399467E+00
-125 -040 -0.293762E+00
-125 -025 -0.339784E+00
-125 -010 -0.488029E+00
-125 000 -0.627596E+00
-125 015 -0.850436E+00
-125 030 -0.102435E+01
-125 050 -0.115395E+01
-125 070 -0.114749E+01
-125 090 -0.947684E+00
-125 110 -0.605042E+00
-125 130 -0.268636E+00
-125 145 -0.124519E+00
-125 160 -0.813349E-02
-125 -200 -0.813349E-02
-125 170 0.638994E-01
-125 -190 0.638994E-01
-100 -165 -0.176070E-01
-100 195 -0.176070E-01
-100 -150 -0.131688E+00
-100 210 -0.131688E+00
-100 -130 -0.330384E+00
-100 -115 -0.504293E+00
-100 -100 -0.648452E+00
-100 -085 -0.690369E+00
-100 -070 -0.566488E+00
-100 -055 -0.358330E+00
-100 -040 -0.279965E+00
-100 -025 -0.322355E+00
-100 -010 -0.484665E+00
-100 000 -0.628929E+00
-100 015 -0.882765E+00
-100 030 -0.107393E+01
-100 050 -0.120442E+01
-100 070 -0.114448E+01
-100 090 -0.962615E+00
-100 110 -0.648831E+00
-100 130 -0.316234E+00
-100 145 -0.136987E+00
-100 160 -0.255993E-01
-100 -200 -0.255993E-01
-100 170 0.196200E-01
-100 -190 0.196200E-01
-085 -165 -0.585780E-01
-085 195 -0.585780E-01
-085 -150 -0.163616E+00
-085 210 -0.163616E+00
-085 -130 -0.351522E+00
-085 -115 -0.522437E+00
-085 -100 -0.673707E+00
-085 -085 -0.694956E+00
-085 -070 -0.530518E+00
-085 -055 -0.331267E+00
-085 -040 -0.279108E+00
-085 -025 -0.341242E+00
-085 -010 -0.513621E+00
-085 000 -0.661704E+00
-085 015 -0.962423E+00
-085 030 -0.126039E+01
-085 050 -0.135684E+01
-085 070 -0.124940E+01
-085 090 -0.104278E+01
-085 110 -0.690305E+00
-085 130 -0.315765E+00
-085 145 -0.138516E+00
-085 160 -0.265419E-01
-085 -200 -0.265419E-01
-085 170 0.106836E-01
-085 -190 0.106836E-01
-085 180 0.784642E-02
-085 -180 0.784642E-02
-070 -165 -0.786379E-01
-070 195 -0.786379E-01
-070 -150 -0.185842E+00
-070 210 -0.185842E+00
-070 -130 -0.377171E+00
-070 -115 -0.550371E+00
-070 -100 -0.693591E+00
-070 -085 -0.677062E+00
-070 -070 -0.490165E+00
-070 -055 -0.315206E+00
-070 -040 -0.286489E+00
-070 -025 -0.350638E+00
-070 -010 -0.532825E+00
-070 000 -0.753468E+00
-070 015 -0.118632E+01
-070 030 -0.151157E+01
-070 050 -0.157671E+01
-070 070 -0.140142E+01
-070 090 -0.111986E+01
-070 110 -0.740542E+00
-070 130 -0.319551E+00
-055 -165 -0.843220E-01
-055 195 -0.843220E-01
-055 -150 -0.202661E+00
-055 210 -0.202661E+00
-055 -130 -0.416213E+00
-055 -115 -0.613405E+00
-055 -100 -0.700714E+00
-055 -085 -0.616644E+00
-055 -070 -0.420783E+00
-055 -055 -0.313975E+00
-055 -040 -0.302379E+00
-055 -025 -0.384439E+00
-055 -010 -0.629691E+00
-055 000 -0.956613E+00
-055 015 -0.147358E+01
-055 030 -0.182688E+01
-055 050 -0.183064E+01
-055 070 -0.160679E+01
-055 090 -0.125577E+01
-055 110 -0.797844E+00
-055 130 -0.364619E+00
-055 145 -0.137705E+00
-055 160 -0.324670E-01
-055 -200 -0.324670E-01
-055 170 -0.401630E-02
-055 -190 -0.401630E-02
-055 180 -0.637534E-02
-055 -180 -0.637534E-02
-040 -165 -0.827833E-01
-040 195 -0.827833E-01
-040 -150 -0.241798E+00
-040 210 -0.241798E+00
-040 -130 -0.491169E+00
-040 -115 -0.652766E+00
-040 -100 -0.667473E+00
-040 -085 -0.578804E+00
-040 -070 -0.429408E+00
-040 -055 -0.339001E+00
-040 -040 -0.330733E+00
-040 -025 -0.441455E+00
-040 -010 -0.826291E+00
-040 000 -0.123848E+01
-040 015 -0.184497E+01
-040 030 -0.212997E+01
-040 050 -0.208446E+01
-040 070 -0.180976E+01
-040 090 -0.139715E+01
-040 110 -0.851097E+00
-040 130 -0.365182E+00
-040 145 -0.170784E+00
-040 160 -0.531527E-01
-040 -200 -0.531527E-01
-040 170 -0.107832E-01
-040 -190 -0.107832E-01
-040 180 -0.424270E-02
-040 -180 -0.424270E-02
-025 -165 -0.985013E-01
-025 195 -0.985013E-01
-025 -150 -0.301199E+00
-025 210 -0.301199E+00
-025 -130 -0.780726E+00
-025 -115 -0.840797E+00
-025 -100 -0.794498E+00
-025 -085 -0.652938E+00
-025 -070 -0.479456E+00
-025 -055 -0.381662E+00
-025 -040 -0.372252E+00
-025 -025 -0.532729E+00
-025 -010 -0.106747E+01
-025 000 -0.153852E+01
-025 015 -0.202549E+01
-025 030 -0.229313E+01
-025 050 -0.226446E+01
-025 070 -0.200663E+01
-025 090 -0.150962E+01
-025 110 -0.944137E+00
-025 130 -0.501319E+00
-025 145 -0.244047E+00
-025 160 -0.866258E-01
-025 -200 -0.866258E-01
-025 170 -0.235843E-01
-025 -190 -0.235843E-01
-025 180 -0.482419E-02
-025 -180 -0.482419E-02
-010 -165 -0.559316E+00
-010 195 -0.559316E+00
-010 -150 -0.610575E+00
-010 210 -0.610575E+00
-010 -130 -0.742387E+00
-010 -115 -0.821608E+00
-010 -100 -0.826676E+00
-010 -085 -0.701117E+00
-010 -070 -0.526838E+00
-010 -055 -0.425506E+00
-010 -040 -0.424072E+00
-010 -025 -0.765056E+00
-010 -010 -0.119662E+01
-010 000 -0.152236E+01
-010 015 -0.194901E+01
-010 030 -0.219652E+01
-010 050 -0.224406E+01
-010 070 -0.188016E+01
-010 090 -0.148045E+01
-010 110 -0.105391E+01
-010 130 -0.611314E+00
-010 145 -0.335839E+00
-010 160 -0.128228E+00
-010 -200 -0.128228E+00
-010 170 -0.382234E-01
-010 -190 -0.382234E-01
-010 180 -0.709622E-02
-010 -180 -0.709622E-02
000 -165 -0.420194E+00
000 195 -0.420194E+00
000 -150 -0.521098E+00
000 210 -0.521098E+00
000 -130 -0.673688E+00
000 -115 -0.773997E+00
000 -100 -0.813591E+00
000 -085 -0.718507E+00
000 -070 -0.566480E+00
000 -055 -0.448744E+00
000 -040 -0.472542E+00
000 -025 -0.724114E+00
000 -010 -0.113745E+01
000 000 -0.143198E+01
000 015 -0.182314E+01
000 030 -0.206453E+01
000 050 -0.209808E+01
000 070 -0.174237E+01
000 090 -0.150121E+01
000 110 -0.114540E+01
000 130 -0.685737E+00
000 145 -0.380493E+00
000 160 -0.146169E+00
000 -200 -0.146169E+00
000 170 -0.444125E-01
000 -190 -0.444125E-01
000 180 -0.268155E+00
000 -180 -0.268155E+00
015 -165 -0.248036E+00
015 195 -0.248036E+00
015 -150 -0.355885E+00
015 210 -0.355885E+00
015 -130 -0.548196E+00
015 -115 -0.696985E+00
015 -100 -0.778384E+00
015 -085 -0.728647E+00
015 -070 -0.574538E+00
015 -055 -0.356719E+00
015 -040 -0.418943E+00
015 -025 -0.624891E+00
015 -010 -0.984433E+00
015 000 -0.123832E+01
015 015 -0.159803E+01
015 030 -0.183004E+01
015 050 -0.173684E+01
015 070 -0.161993E+01
015 090 -0.150106E+01
015 110 -0.119853E+01
015 130 -0.713164E+00
015 145 -0.387219E+00
015 160 0.381752E-02
015 -200 0.381752E-02
015 170 -0.271043E-01
015 -190 -0.271043E-01
015 180 -0.114512E+00
015 -180 -0.114512E+00
030 -165 -0.119518E+00
030 195 -0.119518E+00
030 -150 -0.230834E+00
030 210 -0.230834E+00
030 -130 -0.440429E+00
030 -115 -0.615352E+00
030 -100 -0.734936E+00
030 -085 -0.662475E+00
030 -070 -0.463971E+00
030 -055 -0.355590E+00
030 -040 -0.378627E+00
030 -025 -0.538468E+00
030 -010 -0.821722E+00
030 000 -0.105237E+01
030 015 -0.137485E+01
030 030 -0.157998E+01
030 050 -0.152546E+01
030 070 -0.152378E+01
030 090 -0.141495E+01
030 110 -0.110730E+01
030 130 -0.527859E+00
030 145 0.842161E-01
030 160 0.974496E-01
030 -200 0.974496E-01
030 170 0.107119E+00
030 -190 0.107119E+00
030 180 -0.253271E-02
030 -180 -0.253271E-02
050 -165 -0.185629E-01
050 195 -0.185629E-01
050 -150 -0.132527E+00
050 210 -0.132527E+00
050 -130 -0.349632E+00
050 -115 -0.538950E+00
050 -100 -0.659880E+00
050 -085 -0.599487E+00
050 -070 -0.481210E+00
050 -055 -0.390107E+00
050 -040 -0.371148E+00
050 -025 -0.357890E+00
050 -010 -0.651781E+00
050 000 -0.859457E+00
050 015 -0.115401E+01
050 030 -0.125422E+01
050 050 -0.129746E+01
050 070 -0.127869E+01
050 090 -0.806952E+00
050 110 -0.250496E+00
050 130 0.565329E-01
050 145 0.124235E+00
050 160 0.125399E+00
050 -200 0.125399E+00
050 170 0.101681E+00
050 -190 0.101681E+00
050 180 0.362879E-01
050 -180 0.362879E-01
070 -165 -0.188581E-01
070 195 -0.188581E-01
070 -150 -0.125917E+00
070 210 -0.125917E+00
070 -130 -0.328539E+00
070 -115 -0.498644E+00
070 -100 -0.594898E+00
070 -085 -0.555365E+00
070 -070 -0.455570E+00
070 -055 -0.378916E+00
070 -040 -0.352735E+00
070 -025 -0.393403E+00
070 -010 -0.564869E+00
070 000 -0.742745E+00
070 015 -0.955460E+00
070 030 -0.107150E+01
070 050 -0.112848E+01
070 070 -0.102114E+01
070 090 -0.601543E+00
070 110 -0.248067E+00
070 130 0.460536E-02
090 -165 -0.435437E-01
090 195 -0.435437E-01
090 -150 -0.142061E+00
090 210 -0.142061E+00
090 -130 -0.329858E+00
090 -115 -0.485235E+00
090 -100 -0.577107E+00
090 -085 -0.530525E+00
090 -070 -0.421314E+00
090 -055 -0.344219E+00
090 -040 -0.306251E+00
090 -025 -0.344307E+00
090 -010 -0.514902E+00
090 000 -0.664451E+00
090 015 -0.870062E+00
090 030 -0.101644E+01
090 050 -0.110750E+01
090 070 -0.995881E+00
090 090 -0.709090E+00
090 110 -0.374756E+00
090 130 -0.110561E+00
090 145 0.348585E-02
090 160 0.585904E-01
090 -200 0.585904E-01
090 170 0.467192E-01
090 -190 0.467192E-01
090 180 0.174151E-01
090 -180 0.174151E-01
110 -165 -0.289348E-01
110 195 -0.289348E-01
110 -150 -0.110332E+00
110 210 -0.110332E+00
110 -130 -0.297993E+00
110 -115 -0.455544E+00
110 -100 -0.564530E+00
110 -085 -0.523696E+00
110 -070 -0.390705E+00
110 -055 -0.285209E+00
110 -040 -0.260501E+00
110 -025 -0.340046E+00
110 -010 -0.515929E+00
110 000 -0.668703E+00
110 015 -0.905216E+00
110 030 -0.109520E+01
110 050 -0.126802E+01
110 070 -0.116317E+01
110 090 -0.879879E+00
110 110 -0.516537E+00
110 130 -0.189057E+00
110 145 -0.365796E-01
110 160 0.487123E-01
110 -200 0.487123E-01
110 170 0.576058E-01
110 -190 0.576058E-01
110 180 0.284940E-01
110 -180 0.284940E-01
130 -165 0.448699E-02
130 195 0.448699E-02
130 -150 -0.700333E-01
130 210 -0.700333E-01
130 -130 -0.246758E+00
130 -115 -0.410917E+00
130 -100 -0.531116E+00
130 -085 -0.511795E+00
130 -070 -0.369104E+00
130 -055 -0.256241E+00
130 -040 -0.262333E+00
130 -025 -0.369989E+00
130 -010 -0.578987E+00
130 000 -0.757120E+00
130 015 -0.105973E+01
130 030 -0.132592E+01
130 050 -0.157878E+01
130 070 -0.131678E+01
130 090 -0.996583E+00
130 110 -0.543456E+00
130 130 -0.210390E+00
130 145 -0.333612E-01
130 160 0.593694E-01
130 -200 0.593694E-01
130 170 0.777991E-01
130 -190 0.777991E-01
130 180 0.580622E-01
130 -180 0.580622E-01
150 -165 0.164037E-01
-210 -165 0.164037E-01
150 195 0.164037E-01
150 -150 -0.514510E-01
-210 -150 -0.514510E-01
150 210 -0.514510E-01
150 -130 -0.211110E+00
-210 -130 -0.211110E+00
150 -115 -0.369506E+00
-210 -115 -0.369506E+00
150 -100 -0.499780E+00
-210 -100 -0.499780E+00
150 -085 -0.509658E+00
-210 -085 -0.509658E+00
150 -070 -0.371893E+00
-210 -070 -0.371893E+00
150 -055 -0.267479E+00
-210 -055 -0.267479E+00
150 -040 -0.287486E+00
-210 -040 -0.287486E+00
150 -025 -0.412929E+00
-210 -025 -0.412929E+00
150 -010 -0.651721E+00
-210 -010 -0.651721E+00
150 000 -0.874733E+00
-210 000 -0.874733E+00
150 015 -0.154855E+01
-210 015 -0.154855E+01
150 030 -0.165957E+01
-210 030 -0.165957E+01
150 050 -0.164486E+01
-210 050 -0.164486E+01
150 070 -0.142168E+01
-210 070 -0.142168E+01
150 090 -0.110278E+01
-210 090 -0.110278E+01
150 110 -0.645572E+00
-210 110 -0.645572E+00
150 130 -0.233379E+00
-210 130 -0.233379E+00
150 145 -0.601059E-01
-210 145 -0.601059E-01
150 160 0.323484E-01
-210 160 0.323484E-01
150 -200 0.323484E-01
-210 -200 0.323484E-01
150 170 0.585435E-01
-210 170 0.585435E-01
150 -190 0.585435E-01
-210 -190 0.585435E-01
150 180 0.577972E-01
-210 180 0.577972E-01
150 -180 0.577972E-01
-210 -180 0.577972E-01
165 -165 0.158206E-01
-195 -165 0.158206E-01
165 195 0.158206E-01
165 -150 -0.421720E-01
-195 -150 -0.421720E-01
165 210 -0.421720E-01
165 -130 -0.188762E+00
-195 -130 -0.188762E+00
165 -115 -0.352919E+00
-195 -115 -0.352919E+00
165 -100 -0.491618E+00
-195 -100 -0.491618E+00
165 -085 -0.516532E+00
-195 -085 -0.516532E+00
165 -070 -0.388643E+00
-195 -070 -0.388643E+00
165 -055 -0.280989E+00
-195 -055 -0.280989E+00
165 -040 -0.296453E+00
-195 -040 -0.296453E+00
165 -025 -0.410065E+00
-195 -025 -0.410065E+00
165 -010 -0.913113E+00
-195 -010 -0.913113E+00
165 000 -0.111735E+01
-195 000 -0.111735E+01
165 015 -0.135164E+01
-195 015 -0.135164E+01
165 030 -0.149856E+01
-195 030 -0.149856E+01
165 050 -0.155896E+01
-195 050 -0.155896E+01
165 070 -0.144909E+01
-195 070 -0.144909E+01
165 090 -0.113133E+01
-195 090 -0.113133E+01
165 110 -0.637814E+00
-195 110 -0.637814E+00
165 130 -0.246162E+00
-195 130 -0.246162E+00
165 145 -0.789066E-01
-195 145 -0.789066E-01
165 160 0.120491E-01
-195 160 0.120491E-01
165 -200 0.120491E-01
-195 -200 0.120491E-01
165 170 0.406675E-01
-195 170 0.406675E-01
165 -190 0.406675E-01
-195 -190 0.406675E-01
165 180 0.456332E-01
-195 180 0.456332E-01
165 -180 0.456332E-01
-195 -180 0.456332E-01
180 -165 0.190483E-01
-180 -165 0.190483E-01
180 195 0.190483E-01
180 -150 -0.333099E-01
-180 -150 -0.333099E-01
180 210 -0.333099E-01
180 -130 -0.179553E+00
-180 -130 -0.179553E+00
180 -115 -0.350413E+00
-180 -115 -0.350413E+00
180 -100 -0.496800E+00
-180 -100 -0.496800E+00
180 -085 -0.538228E+00
-180 -085 -0.538228E+00
180 -070 -0.428485E+00
-180 -070 -0.428485E+00
180 -055 -0.304965E+00
-180 -055 -0.304965E+00
180 -040 -0.289462E+00
-180 -040 -0.289462E+00
180 -025 -0.373509E+00
-180 -025 -0.373509E+00
180 -010 -0.748269E+00
-180 -010 -0.748269E+00
180 000 -0.917687E+00
-180 000 -0.917687E+00
180 015 -0.115017E+01
-180 015 -0.115017E+01
180 030 -0.131475E+01
-180 030 -0.131475E+01
180 050 -0.142974E+01
-180 050 -0.142974E+01
180 070 -0.139224E+01
-180 070 -0.139224E+01
180 090 -0.108790E+01
-180 090 -0.108790E+01
180 110 -0.618265E+00
-180 110 -0.618265E+00
180 130 -0.249510E+00
-180 130 -0.249510E+00
180 145 -0.898322E-01
-180 145 -0.898322E-01
180 160 -0.120796E-02
-180 160 -0.120796E-02
180 -200 -0.120796E-02
-180 -200 -0.120796E-02
180 170 0.303585E-01
-180 170 0.303585E-01
180 -190 0.303585E-01
-180 -190 0.303585E-01
180 180 0.408111E-01
-180 180 0.408111E-01
180 -180 0.408111E-01
-180 -180 0.408111E-01
