PHI PSI J_14_21
-165 -165 0.136552E+00
195 -165 0.136552E+00
-165 195 0.136552E+00
195 195 0.136552E+00
-165 -150 0.113322E+00
195 -150 0.113322E+00
-165 210 0.113322E+00
195 210 0.113322E+00
-165 -130 -0.207119E+00
195 -130 -0.207119E+00
-165 -115 -0.544569E+00
195 -115 -0.544569E+00
-165 -100 -0.919804E+00
195 -100 -0.919804E+00
-165 -085 -0.128579E+01
195 -085 -0.128579E+01
-165 -070 -0.148990E+01
195 -070 -0.148990E+01
-165 -055 -0.146045E+01
195 -055 -0.146045E+01
-165 -040 -0.111390E+01
195 -040 -0.111390E+01
-165 -025 -0.604716E+00
195 -025 -0.604716E+00
-165 -010 -0.115658E+01
195 -010 -0.115658E+01
-165 000 -0.824560E+00
195 000 -0.824560E+00
-165 015 -0.336496E+00
195 015 -0.336496E+00
-165 030 0.430788E-01
195 030 0.430788E-01
-165 050 0.812393E-01
195 050 0.812393E-01
-165 070 -0.331783E+00
195 070 -0.331783E+00
-165 090 -0.788658E+00
195 090 -0.788658E+00
-165 110 -0.103115E+01
195 110 -0.103115E+01
-165 130 -0.109996E+01
195 130 -0.109996E+01
-165 145 -0.957895E+00
195 145 -0.957895E+00
-165 160 -0.628446E+00
195 160 -0.628446E+00
-165 -200 -0.628446E+00
-165 170 -0.340704E+00
195 170 -0.340704E+00
-165 -190 -0.340704E+00
-165 180 -0.896775E-01
195 180 -0.896775E-01
-165 -180 -0.896775E-01
-150 -165 0.118528E+00
210 -165 0.118528E+00
-150 195 0.118528E+00
210 195 0.118528E+00
-150 -150 0.877502E-01
210 -150 0.877502E-01
-150 210 0.877502E-01
210 210 0.877502E-01
-150 -130 -0.227099E+00
210 -130 -0.227099E+00
-150 -115 -0.600595E+00
210 -115 -0.600595E+00
-150 -100 -0.953114E+00
210 -100 -0.953114E+00
-150 -085 -0.133681E+01
210 -085 -0.133681E+01
-150 -070 -0.156880E+01
210 -070 -0.156880E+01
-150 -055 -0.153247E+01
210 -055 -0.153247E+01
-150 -040 -0.117206E+01
210 -040 -0.117206E+01
-150 -025 -0.685831E+00
210 -025 -0.685831E+00
-150 -010 -0.116487E+01
210 -010 -0.116487E+01
-150 000 -0.837292E+00
210 000 -0.837292E+00
-150 015 -0.309007E+00
210 015 -0.309007E+00
-150 030 0.310668E-01
210 030 0.310668E-01
-150 050 0.160070E-01
210 050 0.160070E-01
-150 070 -0.367909E+00
210 070 -0.367909E+00
-150 090 -0.784073E+00
210 090 -0.784073E+00
-150 110 -0.101746E+01
210 110 -0.101746E+01
-150 130 -0.105518E+01
210 130 -0.105518E+01
-150 145 -0.936803E+00
210 145 -0.936803E+00
-150 160 -0.637130E+00
210 160 -0.637130E+00
-150 -200 -0.637130E+00
-150 170 -0.337614E+00
210 170 -0.337614E+00
-150 -190 -0.337614E+00
-125 -165 0.155282E+00
-125 195 0.155282E+00
-125 -150 0.943254E-01
-125 210 0.943254E-01
-125 -130 -0.157309E+00
-125 -115 -0.559838E+00
-125 -100 -0.950139E+00
-125 -085 -0.138979E+01
-125 -070 -0.159660E+01
-125 -055 -0.169830E+01
-125 -040 -0.182297E+01
-125 -025 -0.154786E+01
-125 -010 -0.104121E+01
-125 000 -0.684321E+00
-125 015 -0.190041E+00
-125 030 0.623502E-01
-125 050 -0.455485E-04
-125 070 -0.329856E+00
-125 090 -0.725110E+00
-125 110 -0.918835E+00
-125 130 -0.926370E+00
-125 145 -0.786867E+00
-125 160 -0.507929E+00
-125 -200 -0.507929E+00
-125 170 -0.299226E+00
-125 -190 -0.299226E+00
-100 -165 0.247423E+00
-100 195 0.247423E+00
-100 -150 0.193031E+00
-100 210 0.193031E+00
-100 -130 -0.157175E+00
-100 -115 -0.573639E+00
-100 -100 -0.965741E+00
-100 -085 -0.137719E+01
-100 -070 -0.161681E+01
-100 -055 -0.186379E+01
-100 -040 -0.178131E+01
-100 -025 -0.136387E+01
-100 -010 -0.833337E+00
-100 000 -0.479325E+00
-100 015 -0.954911E-01
-100 030 0.115047E+00
-100 050 0.141428E+00
-100 070 -0.191672E+00
-100 090 -0.590874E+00
-100 110 -0.736906E+00
-100 130 -0.688933E+00
-100 145 -0.562541E+00
-100 160 -0.284852E+00
-100 -200 -0.284852E+00
-100 170 -0.359180E-01
-100 -190 -0.359180E-01
-085 -165 0.281636E+00
-085 195 0.281636E+00
-085 -150 0.155771E+00
-085 210 0.155771E+00
-085 -130 -0.207633E+00
-085 -115 -0.620243E+00
-085 -100 -0.103110E+01
-085 -085 -0.136734E+01
-085 -070 -0.165896E+01
-085 -055 -0.186304E+01
-085 -040 -0.168740E+01
-085 -025 -0.122130E+01
-085 -010 -0.730678E+00
-085 000 -0.398769E+00
-085 015 -0.695500E-01
-085 030 0.122000E+00
-085 050 0.244269E+00
-085 070 -0.345798E-01
-085 090 -0.470937E+00
-085 110 -0.609511E+00
-085 130 -0.568614E+00
-085 145 -0.390149E+00
-085 160 -0.130746E+00
-085 -200 -0.130746E+00
-085 170 0.914493E-01
-085 -190 0.914493E-01
-085 180 0.253043E+00
-085 -180 0.253043E+00
-070 -165 0.299066E+00
-070 195 0.299066E+00
-070 -150 0.120750E+00
-070 210 0.120750E+00
-070 -130 -0.292604E+00
-070 -115 -0.679014E+00
-070 -100 -0.105656E+01
-070 -085 -0.140906E+01
-070 -070 -0.172772E+01
-070 -055 -0.181401E+01
-070 -040 -0.154838E+01
-070 -025 -0.111711E+01
-070 -010 -0.652126E+00
-070 000 -0.378166E+00
-070 015 -0.158536E+00
-070 030 0.714144E-01
-070 050 0.274088E+00
-070 070 0.511299E-01
-070 090 -0.371715E+00
-070 110 -0.517781E+00
-070 130 -0.449378E+00
-070 145 -0.278415E+00
-070 160 -0.182248E-01
-070 -200 -0.182248E-01
-070 170 0.192093E+00
-070 -190 0.192093E+00
-055 -165 0.331919E+00
-055 195 0.331919E+00
-055 -150 0.105887E+00
-055 210 0.105887E+00
-055 -130 -0.296769E+00
-055 -115 -0.654664E+00
-055 -100 -0.106048E+01
-055 -085 -0.141617E+01
-055 -070 -0.168988E+01
-055 -055 -0.170931E+01
-055 -040 -0.150771E+01
-055 -025 -0.110197E+01
-055 -010 -0.668517E+00
-055 000 -0.505083E+00
-055 015 -0.334293E+00
-055 030 -0.403905E-01
-055 050 0.250272E+00
-055 070 0.247331E-01
-055 090 -0.373552E+00
-055 110 -0.507779E+00
-055 130 -0.404293E+00
-055 145 -0.264029E+00
-055 160 0.964725E-02
-055 -200 0.964725E-02
-055 170 0.226060E+00
-055 -190 0.226060E+00
-055 180 0.417652E+00
-055 -180 0.417652E+00
-040 -165 0.339676E+00
-040 195 0.339676E+00
-040 -150 0.980685E-01
-040 210 0.980685E-01
-040 -130 -0.223642E+00
-040 -115 -0.544351E+00
-040 -100 -0.925946E+00
-040 -085 -0.125653E+01
-040 -070 -0.156592E+01
-040 -055 -0.169132E+01
-040 -040 -0.148503E+01
-040 -025 -0.112523E+01
-040 -010 -0.870245E+00
-040 000 -0.827387E+00
-040 015 -0.568766E+00
-040 030 -0.808669E-01
-040 050 0.203565E+00
-040 070 -0.106348E+00
-040 090 -0.502556E+00
-040 110 -0.646269E+00
-040 130 -0.514508E+00
-040 145 -0.361581E+00
-040 160 -0.139525E-01
-040 -200 -0.139525E-01
-040 170 0.237665E+00
-040 -190 0.237665E+00
-040 180 0.397835E+00
-040 -180 0.397835E+00
-025 -165 0.296569E+00
-025 195 0.296569E+00
-025 -150 0.142692E+00
-025 210 0.142692E+00
-025 -130 0.170279E+00
-025 -115 -0.176402E+00
-025 -100 -0.626119E+00
-025 -085 -0.111115E+01
-025 -070 -0.148562E+01
-025 -055 -0.165598E+01
-025 -040 -0.150746E+01
-025 -025 -0.134953E+01
-025 -010 -0.143020E+01
-025 000 -0.107895E+01
-025 015 -0.402015E+00
-025 030 0.433829E-01
-025 050 0.952468E-01
-025 070 -0.380354E+00
-025 090 -0.786625E+00
-025 110 -0.839073E+00
-025 130 -0.681805E+00
-025 145 -0.436432E+00
-025 160 -0.933279E-01
-025 -200 -0.933279E-01
-025 170 0.207359E+00
-025 -190 0.207359E+00
-025 180 0.396413E+00
-025 -180 0.396413E+00
-010 -150 0.244875E+00
-010 210 0.244875E+00
-010 -130 0.155537E+00
-010 -115 -0.138497E+00
-010 -100 -0.543757E+00
-010 -085 -0.103116E+01
-010 -070 -0.145254E+01
-010 -055 -0.165774E+01
-010 -040 -0.165429E+01
-010 -025 -0.183671E+01
-010 -010 -0.118480E+01
-010 000 -0.678665E+00
-010 015 -0.106303E+00
-010 030 0.152944E+00
-010 050 -0.129812E+00
-010 070 -0.622773E+00
-010 090 -0.964376E+00
-010 110 -0.100092E+01
-010 130 -0.843650E+00
-010 145 -0.585519E+00
-010 160 -0.183699E+00
-010 -200 -0.183699E+00
-010 170 0.153470E+00
-010 -190 0.153470E+00
-010 180 0.356465E+00
-010 -180 0.356465E+00
000 -165 0.398525E-01
000 195 0.398525E-01
000 -150 0.241098E+00
000 210 0.241098E+00
000 -115 -0.105809E+00
000 -100 -0.506606E+00
000 -085 -0.100580E+01
000 -070 -0.143559E+01
000 -055 -0.169692E+01
000 -040 -0.206170E+01
000 -025 -0.152054E+01
000 -010 -0.855723E+00
000 000 -0.400526E+00
000 015 0.588094E-01
000 030 0.169445E+00
000 050 -0.280733E+00
000 070 -0.609943E+00
000 090 -0.101369E+01
000 110 -0.108806E+01
000 130 -0.948675E+00
000 145 -0.686779E+00
000 160 -0.253370E+00
000 -200 -0.253370E+00
000 170 0.887236E-01
000 -190 0.887236E-01
000 180 -0.253514E+00
000 -180 -0.253514E+00
015 -150 0.255327E+00
015 210 0.255327E+00
015 -130 0.191744E+00
015 -115 -0.546225E-01
015 -100 -0.452084E+00
015 -085 -0.982161E+00
015 -070 -0.150660E+01
015 -055 -0.180532E+01
015 -040 -0.170828E+01
015 -025 -0.102044E+01
015 -010 -0.443301E+00
015 000 -0.843891E-01
015 015 0.221602E+00
015 030 0.155995E+00
015 070 -0.612066E+00
015 090 -0.106926E+01
015 110 -0.119683E+01
015 130 -0.108402E+01
015 145 -0.808935E+00
015 160 -0.763956E+00
015 -200 -0.763956E+00
015 170 -0.489263E+00
015 -190 -0.489263E+00
015 180 -0.233771E+00
015 -180 -0.233771E+00
030 -150 0.278112E+00
030 210 0.278112E+00
030 -130 0.189468E+00
030 -115 -0.609984E-01
030 -100 -0.462739E+00
030 -085 -0.971420E+00
030 -070 -0.141090E+01
030 -055 -0.147865E+01
030 -040 -0.130480E+01
030 -025 -0.709298E+00
030 -010 -0.184381E+00
030 000 0.106077E+00
030 015 0.299894E+00
030 030 0.212236E+00
030 050 -0.413782E-01
030 070 -0.645664E+00
030 090 -0.115398E+01
030 110 -0.128271E+01
030 130 -0.124183E+01
030 145 -0.861526E+00
030 160 -0.612700E+00
030 -200 -0.612700E+00
030 170 -0.470408E+00
030 -190 -0.470408E+00
030 180 -0.919012E-01
030 -180 -0.919012E-01
050 -165 0.242957E+00
050 195 0.242957E+00
050 -150 0.279320E+00
050 210 0.279320E+00
050 -130 0.131018E+00
050 -115 -0.188045E+00
050 -100 -0.621081E+00
050 -085 -0.111289E+01
050 -070 -0.148650E+01
050 -055 -0.150851E+01
050 -040 -0.116651E+01
050 -025 -0.751091E+00
050 -010 -0.102673E+00
050 000 0.125054E+00
050 015 0.111535E+00
050 030 0.186658E+00
050 050 -0.773264E-01
050 070 -0.665927E+00
050 090 -0.937104E+00
050 110 -0.895727E+00
050 130 -0.808951E+00
050 145 -0.702678E+00
050 160 -0.411318E+00
050 -200 -0.411318E+00
050 170 -0.155094E+00
050 -190 -0.155094E+00
050 180 0.104348E+00
050 -180 0.104348E+00
070 -165 0.294598E+00
070 195 0.294598E+00
070 -150 0.219874E+00
070 210 0.219874E+00
070 -130 -0.634936E-01
070 -115 -0.423962E+00
070 -100 -0.853085E+00
070 -085 -0.136086E+01
070 -070 -0.173072E+01
070 -055 -0.173775E+01
070 -040 -0.132384E+01
070 -025 -0.694436E+00
070 -010 -0.243666E+00
070 000 -0.179071E+00
070 015 0.476154E-01
070 030 0.130052E+00
070 050 -0.189572E+00
070 070 -0.637833E+00
070 090 -0.720737E+00
070 110 -0.791709E+00
070 130 -0.709214E+00
070 145 -0.515849E+00
070 160 -0.219031E+00
070 -200 -0.219031E+00
070 170 0.945335E-02
070 -190 0.945335E-02
090 -165 0.267282E+00
090 195 0.267282E+00
090 -150 0.951092E-01
090 210 0.951092E-01
090 -130 -0.293682E+00
090 -115 -0.679577E+00
090 -100 -0.106991E+01
090 -085 -0.153667E+01
090 -070 -0.192053E+01
090 -055 -0.190625E+01
090 -040 -0.145368E+01
090 -025 -0.934124E+00
090 -010 -0.527169E+00
090 000 -0.251098E+00
090 015 0.546234E-01
090 030 0.881966E-01
090 050 -0.215757E+00
090 070 -0.388715E+00
090 090 -0.693931E+00
090 110 -0.777071E+00
090 130 -0.826234E+00
090 145 -0.436532E+00
090 160 -0.864457E-01
090 -200 -0.864457E-01
090 170 0.915482E-01
090 -190 0.915482E-01
090 180 0.226421E+00
090 -180 0.226421E+00
110 -165 0.201378E+00
110 195 0.201378E+00
110 -150 0.783353E-01
110 210 0.783353E-01
110 -130 -0.349167E+00
110 -115 -0.746888E+00
110 -100 -0.116344E+01
110 -085 -0.156118E+01
110 -070 -0.189451E+01
110 -055 -0.189002E+01
110 -040 -0.152639E+01
110 -025 -0.100364E+01
110 -010 -0.455478E+00
110 000 -0.160081E+00
110 015 0.119974E+00
110 030 0.972360E-01
110 050 -0.774287E-01
110 070 -0.228530E+00
110 090 -0.678745E+00
110 110 -0.785628E+00
110 130 -0.679345E+00
110 145 -0.453025E+00
110 160 -0.130064E+00
110 -200 -0.130064E+00
110 170 0.464403E-01
110 -190 0.464403E-01
110 180 0.183116E+00
110 -180 0.183116E+00
130 -165 0.196286E+00
130 195 0.196286E+00
130 -150 0.596132E-01
130 210 0.596132E-01
130 -130 -0.299002E+00
130 -115 -0.687107E+00
130 -100 -0.104234E+01
130 -085 -0.140276E+01
130 -070 -0.164566E+01
130 -055 -0.167952E+01
130 -040 -0.130624E+01
130 -010 -0.272789E+00
130 000 -0.991945E-02
130 015 0.194288E+00
130 030 0.168766E+00
130 050 0.247718E+00
130 070 -0.170863E+00
130 090 -0.676617E+00
130 110 -0.845907E+00
130 130 -0.877675E+00
130 145 -0.703393E+00
130 160 -0.380748E+00
130 -200 -0.380748E+00
130 170 -0.959154E-01
130 -190 -0.959154E-01
130 180 0.982195E-01
130 -180 0.982195E-01
150 -165 0.182929E+00
-210 -165 0.182929E+00
150 195 0.182929E+00
150 -150 0.133598E+00
-210 -150 0.133598E+00
150 210 0.133598E+00
150 -130 -0.250024E+00
-210 -130 -0.250024E+00
150 -115 -0.589790E+00
-210 -115 -0.589790E+00
150 -100 -0.913279E+00
-210 -100 -0.913279E+00
150 -085 -0.124310E+01
-210 -085 -0.124310E+01
150 -070 -0.144456E+01
-210 -070 -0.144456E+01
150 -055 -0.143352E+01
-210 -055 -0.143352E+01
150 -040 -0.109006E+01
-210 -040 -0.109006E+01
150 -025 -0.593068E+00
-210 -025 -0.593068E+00
150 -010 -0.103393E+00
-210 -010 -0.103393E+00
150 000 0.120946E+00
-210 000 0.120946E+00
150 015 -0.191291E+00
-210 015 -0.191291E+00
150 030 0.155845E+00
-210 030 0.155845E+00
150 050 0.274510E+00
-210 050 0.274510E+00
150 070 -0.134691E+00
-210 070 -0.134691E+00
150 090 -0.702923E+00
-210 090 -0.702923E+00
150 110 -0.101860E+01
-210 110 -0.101860E+01
150 130 -0.107137E+01
-210 130 -0.107137E+01
150 145 -0.882439E+00
-210 145 -0.882439E+00
150 160 -0.554506E+00
-210 160 -0.554506E+00
150 -200 -0.554506E+00
-210 -200 -0.554506E+00
150 170 -0.229223E+00
-210 170 -0.229223E+00
150 -190 -0.229223E+00
-210 -190 -0.229223E+00
150 180 0.353239E-01
-210 180 0.353239E-01
150 -180 0.353239E-01
-210 -180 0.353239E-01
165 -165 0.174625E+00
-195 -165 0.174625E+00
165 195 0.174625E+00
165 -150 0.106001E+00
-195 -150 0.106001E+00
165 210 0.106001E+00
165 -130 -0.228887E+00
-195 -130 -0.228887E+00
165 -115 -0.539872E+00
-195 -115 -0.539872E+00
165 -100 -0.878314E+00
-195 -100 -0.878314E+00
165 -085 -0.117572E+01
-195 -085 -0.117572E+01
165 -070 -0.138044E+01
-195 -070 -0.138044E+01
165 -055 -0.133315E+01
-195 -055 -0.133315E+01
165 -040 -0.101390E+01
-195 -040 -0.101390E+01
165 -025 -0.517227E+00
-195 -025 -0.517227E+00
165 -010 -0.864800E+00
-195 -010 -0.864800E+00
165 000 -0.627632E+00
-195 000 -0.627632E+00
165 015 -0.211129E+00
-195 015 -0.211129E+00
165 030 0.131044E+00
-195 030 0.131044E+00
165 050 0.236101E+00
-195 050 0.236101E+00
165 070 -0.184926E+00
-195 070 -0.184926E+00
165 090 -0.738787E+00
-195 090 -0.738787E+00
165 110 -0.104644E+01
-195 110 -0.104644E+01
165 130 -0.110632E+01
-195 130 -0.110632E+01
165 145 -0.959335E+00
-195 145 -0.959335E+00
165 160 -0.598015E+00
-195 160 -0.598015E+00
165 -200 -0.598015E+00
-195 -200 -0.598015E+00
165 170 -0.291111E+00
-195 170 -0.291111E+00
165 -190 -0.291111E+00
-195 -190 -0.291111E+00
165 180 -0.735917E-02
-195 180 -0.735917E-02
165 -180 -0.735917E-02
-195 -180 -0.735917E-02
180 -165 0.160499E+00
-180 -165 0.160499E+00
180 195 0.160499E+00
180 -150 0.111900E+00
-180 -150 0.111900E+00
180 210 0.111900E+00
180 -130 -0.186372E+00
-180 -130 -0.186372E+00
180 -115 -0.537974E+00
-180 -115 -0.537974E+00
180 -100 -0.896552E+00
-180 -100 -0.896552E+00
180 -085 -0.119716E+01
-180 -085 -0.119716E+01
180 -070 -0.139619E+01
-180 -070 -0.139619E+01
180 -055 -0.136040E+01
-180 -055 -0.136040E+01
180 -040 -0.103615E+01
-180 -040 -0.103615E+01
180 -025 -0.537933E+00
-180 -025 -0.537933E+00
180 -010 -0.101263E+01
-180 -010 -0.101263E+01
180 000 -0.747172E+00
-180 000 -0.747172E+00
180 015 -0.277980E+00
-180 015 -0.277980E+00
180 030 0.855702E-01
-180 030 0.855702E-01
180 070 -0.263461E+00
-180 070 -0.263461E+00
180 090 -0.764618E+00
-180 090 -0.764618E+00
180 110 -0.104033E+01
-180 110 -0.104033E+01
180 130 -0.111709E+01
-180 130 -0.111709E+01
180 145 -0.964984E+00
-180 145 -0.964984E+00
180 160 -0.612525E+00
-180 160 -0.612525E+00
180 -200 -0.612525E+00
-180 -200 -0.612525E+00
180 170 -0.334033E+00
-180 170 -0.334033E+00
180 -190 -0.334033E+00
-180 -190 -0.334033E+00
180 180 -0.436427E-01
-180 180 -0.436427E-01
180 -180 -0.436427E-01
-180 -180 -0.436427E-01
