PHI PSI J_20_22
-165 -165 0.288186E+00
195 -165 0.288186E+00
-165 195 0.288186E+00
195 195 0.288186E+00
-165 -150 0.406527E+00
195 -150 0.406527E+00
-165 210 0.406527E+00
195 210 0.406527E+00
-165 -130 0.619115E+00
195 -130 0.619115E+00
-165 -115 0.732365E+00
195 -115 0.732365E+00
-165 -100 0.836879E+00
195 -100 0.836879E+00
-165 -085 0.896716E+00
195 -085 0.896716E+00
-165 -070 0.871121E+00
195 -070 0.871121E+00
-165 -055 0.861096E+00
195 -055 0.861096E+00
-165 -040 0.832403E+00
195 -040 0.832403E+00
-165 -025 0.787591E+00
195 -025 0.787591E+00
-165 -010 0.407254E+00
195 -010 0.407254E+00
-165 000 0.484120E+00
195 000 0.484120E+00
-165 015 0.583865E+00
195 015 0.583865E+00
-165 030 0.689061E+00
195 030 0.689061E+00
-165 050 0.782660E+00
195 050 0.782660E+00
-165 070 0.825409E+00
195 070 0.825409E+00
-165 090 0.819735E+00
195 090 0.819735E+00
-165 110 0.776842E+00
195 110 0.776842E+00
-165 130 0.636835E+00
195 130 0.636835E+00
-165 145 0.496368E+00
195 145 0.496368E+00
-165 160 0.353581E+00
195 160 0.353581E+00
-165 -200 0.353581E+00
-165 170 0.285995E+00
195 170 0.285995E+00
-165 -190 0.285995E+00
-165 180 0.301548E+00
195 180 0.301548E+00
-165 -180 0.301548E+00
-150 -165 0.311733E+00
210 -165 0.311733E+00
-150 195 0.311733E+00
210 195 0.311733E+00
-150 -150 0.449674E+00
210 -150 0.449674E+00
-150 210 0.449674E+00
210 210 0.449674E+00
-150 -130 0.679395E+00
210 -130 0.679395E+00
-150 -115 0.817038E+00
210 -115 0.817038E+00
-150 -100 0.907183E+00
210 -100 0.907183E+00
-150 -085 0.896050E+00
210 -085 0.896050E+00
-150 -070 0.870355E+00
210 -070 0.870355E+00
-150 -055 0.837571E+00
210 -055 0.837571E+00
-150 -040 0.811169E+00
210 -040 0.811169E+00
-150 -025 0.498412E+00
210 -025 0.498412E+00
-150 -010 0.498464E+00
210 -010 0.498464E+00
-150 000 0.544781E+00
210 000 0.544781E+00
-150 015 0.664384E+00
210 015 0.664384E+00
-150 030 0.746480E+00
210 030 0.746480E+00
-150 050 0.793019E+00
210 050 0.793019E+00
-150 070 0.804941E+00
210 070 0.804941E+00
-150 090 0.815335E+00
210 090 0.815335E+00
-150 110 0.777316E+00
210 110 0.777316E+00
-150 130 0.647510E+00
210 130 0.647510E+00
-150 145 0.514555E+00
210 145 0.514555E+00
-150 160 0.384040E+00
210 160 0.384040E+00
-150 -200 0.384040E+00
-150 170 0.301288E+00
210 170 0.301288E+00
-150 -190 0.301288E+00
-125 -165 0.428982E+00
-125 195 0.428982E+00
-125 -150 0.595809E+00
-125 210 0.595809E+00
-125 -130 0.818944E+00
-125 -115 0.894409E+00
-125 -100 0.873828E+00
-125 -085 0.872316E+00
-125 -070 0.846304E+00
-125 -055 0.737820E+00
-125 -040 0.511938E+00
-125 -025 0.521239E+00
-125 -010 0.611493E+00
-125 000 0.678834E+00
-125 015 0.749662E+00
-125 030 0.778768E+00
-125 050 0.763368E+00
-125 070 0.787866E+00
-125 090 0.763211E+00
-125 110 0.764949E+00
-125 130 0.674066E+00
-125 145 0.507583E+00
-125 160 0.427839E+00
-125 -200 0.427839E+00
-125 170 0.369757E+00
-125 -190 0.369757E+00
-100 -165 0.584650E+00
-100 195 0.584650E+00
-100 -150 0.676022E+00
-100 210 0.676022E+00
-100 -130 0.827809E+00
-100 -115 0.878263E+00
-100 -100 0.878113E+00
-100 -085 0.854664E+00
-100 -070 0.798795E+00
-100 -055 0.572363E+00
-100 -040 0.547025E+00
-100 -025 0.625390E+00
-100 -010 0.721591E+00
-100 000 0.737696E+00
-100 015 0.741889E+00
-100 030 0.726510E+00
-100 050 0.704312E+00
-100 070 0.760781E+00
-100 090 0.774034E+00
-100 110 0.780818E+00
-100 130 0.623670E+00
-100 145 0.624259E+00
-100 160 0.534387E+00
-100 -200 0.534387E+00
-100 170 0.501459E+00
-100 -190 0.501459E+00
-085 -165 0.624826E+00
-085 195 0.624826E+00
-085 -150 0.692093E+00
-085 210 0.692093E+00
-085 -130 0.801858E+00
-085 -115 0.869476E+00
-085 -100 0.882502E+00
-085 -085 0.867306E+00
-085 -070 0.728672E+00
-085 -055 0.563108E+00
-085 -040 0.590677E+00
-085 -025 0.685983E+00
-085 -010 0.695351E+00
-085 000 0.728477E+00
-085 015 0.693491E+00
-085 030 0.608331E+00
-085 050 0.629407E+00
-085 070 0.742627E+00
-085 090 0.773219E+00
-085 110 0.804783E+00
-085 130 0.789874E+00
-085 145 0.679667E+00
-085 160 0.612947E+00
-085 -200 0.612947E+00
-085 170 0.584685E+00
-085 -190 0.584685E+00
-085 180 0.584896E+00
-085 -180 0.584896E+00
-070 -165 0.607660E+00
-070 195 0.607660E+00
-070 -150 0.686859E+00
-070 210 0.686859E+00
-070 -130 0.813601E+00
-070 -115 0.887325E+00
-070 -100 0.919191E+00
-070 -085 0.865583E+00
-070 -070 0.723513E+00
-070 -055 0.551551E+00
-070 -040 0.571345E+00
-070 -025 0.655097E+00
-070 -010 0.705056E+00
-070 000 0.680064E+00
-070 015 0.533370E+00
-070 030 0.443126E+00
-070 050 0.563298E+00
-070 070 0.719991E+00
-070 090 0.714606E+00
-070 110 0.780166E+00
-070 130 0.806197E+00
-070 145 0.719877E+00
-070 160 0.665640E+00
-070 -200 0.665640E+00
-070 170 0.619379E+00
-070 -190 0.619379E+00
-055 -165 0.599453E+00
-055 195 0.599453E+00
-055 -150 0.698274E+00
-055 210 0.698274E+00
-055 -130 0.866000E+00
-055 -115 0.957291E+00
-055 -100 0.939344E+00
-055 -085 0.794039E+00
-055 -070 0.571841E+00
-055 -055 0.460382E+00
-055 -040 0.523932E+00
-055 -025 0.619796E+00
-055 -010 0.620534E+00
-055 000 0.522040E+00
-055 015 0.353460E+00
-055 030 0.394674E+00
-055 050 0.584824E+00
-055 070 0.669354E+00
-055 090 0.625184E+00
-055 110 0.747247E+00
-055 130 0.747514E+00
-055 145 0.699813E+00
-055 160 0.664200E+00
-055 -200 0.664200E+00
-055 170 0.609464E+00
-055 -190 0.609464E+00
-055 180 0.192078E+00
-055 -180 0.192078E+00
-040 -165 0.633014E+00
-040 195 0.633014E+00
-040 -150 0.779418E+00
-040 210 0.779418E+00
-040 -130 0.942881E+00
-040 -115 0.976387E+00
-040 -100 0.848315E+00
-040 -085 0.612806E+00
-040 -070 0.426428E+00
-040 -055 0.321654E+00
-040 -040 0.507419E+00
-040 -025 0.566481E+00
-040 -010 0.433483E+00
-040 000 0.303684E+00
-040 015 0.319658E+00
-040 030 0.449382E+00
-040 050 0.576802E+00
-040 070 0.572752E+00
-040 090 0.575416E+00
-040 110 0.753486E+00
-040 130 0.740033E+00
-040 145 0.723323E+00
-040 160 0.674312E+00
-040 -200 0.674312E+00
-040 170 0.617508E+00
-040 -190 0.617508E+00
-040 180 0.593891E+00
-040 -180 0.593891E+00
-025 -165 0.694431E+00
-025 195 0.694431E+00
-025 -150 0.898341E+00
-025 210 0.898341E+00
-025 -130 0.849650E+00
-025 -115 0.733924E+00
-025 -100 0.603264E+00
-025 -085 0.433123E+00
-025 -070 0.308061E+00
-025 -055 0.326204E+00
-025 -040 0.476990E+00
-025 -025 0.224428E-01
-025 -010 0.330427E+00
-025 000 0.331534E+00
-025 015 0.482183E+00
-025 030 0.571128E+00
-025 050 0.512498E+00
-025 070 0.440949E+00
-025 090 0.664655E+00
-025 110 0.802421E+00
-025 130 0.757341E+00
-025 145 0.751974E+00
-025 160 0.736826E+00
-025 -200 0.736826E+00
-025 170 0.699248E+00
-025 -190 0.699248E+00
-025 180 0.676033E+00
-025 -180 0.676033E+00
-010 -150 0.759054E+00
-010 210 0.759054E+00
-010 -130 0.702804E+00
-010 -115 0.604248E+00
-010 -100 0.465148E+00
-010 -085 0.313222E+00
-010 -070 0.251431E+00
-010 -055 0.353290E+00
-010 -040 0.372703E+00
-010 -025 0.256881E+00
-010 -010 0.417035E+00
-010 000 0.512441E+00
-010 015 0.586955E+00
-010 030 0.529959E+00
-010 050 0.390011E+00
-010 070 0.586137E+00
-010 090 0.761445E+00
-010 110 0.830517E+00
-010 130 0.833180E+00
-010 145 0.864153E+00
-010 160 0.865178E+00
-010 -200 0.865178E+00
-010 170 0.811172E+00
-010 -190 0.811172E+00
-010 180 0.828391E+00
-010 -180 0.828391E+00
000 -165 0.661611E+00
000 195 0.661611E+00
000 -150 0.665591E+00
000 210 0.665591E+00
000 -115 0.515104E+00
000 -100 0.393552E+00
000 -085 0.298330E+00
000 -070 0.280002E+00
000 -055 0.363292E+00
000 -040 0.217236E+00
000 -025 0.381599E+00
000 -010 0.524519E+00
000 000 0.606663E+00
000 015 0.637383E+00
000 030 0.467230E+00
000 050 0.337780E+00
000 070 0.617656E+00
000 090 0.740857E+00
000 110 0.843400E+00
000 130 0.921315E+00
000 145 0.964148E+00
000 160 0.955333E+00
000 -200 0.955333E+00
000 170 0.953398E+00
000 -190 0.953398E+00
000 180 0.910558E+00
000 -180 0.910558E+00
015 -150 0.538312E+00
015 210 0.538312E+00
015 -130 0.491968E+00
015 -115 0.422988E+00
015 -100 0.327478E+00
015 -085 0.339814E+00
015 -070 0.341561E+00
015 -055 0.235527E+00
015 -040 0.353110E+00
015 -025 0.550402E+00
015 -010 0.632372E+00
015 000 0.669389E+00
015 015 0.494998E+00
015 030 0.354406E+00
015 070 0.667588E+00
015 090 0.800123E+00
015 110 0.953948E+00
015 130 0.105785E+01
015 145 0.112775E+01
015 160 0.980843E+00
015 -200 0.980843E+00
015 170 0.730678E+00
015 -190 0.730678E+00
015 180 0.614418E+00
015 -180 0.614418E+00
030 -150 0.462066E+00
030 210 0.462066E+00
030 -130 0.450791E+00
030 -115 0.413862E+00
030 -100 0.377871E+00
030 -085 0.301903E+00
030 -070 0.260681E+00
030 -055 0.430536E+00
030 -040 0.514638E+00
030 -025 0.635367E+00
030 -010 0.604225E+00
030 000 0.529316E+00
030 015 0.378946E+00
030 030 0.545898E+00
030 050 0.640718E+00
030 070 0.708372E+00
030 090 0.847591E+00
030 110 0.105693E+01
030 130 0.126792E+01
030 145 0.955030E+00
030 160 0.603667E+00
030 -200 0.603667E+00
030 170 0.932170E+00
030 -190 0.932170E+00
030 180 0.457077E+00
030 -180 0.457077E+00
050 -165 0.532809E+00
050 195 0.532809E+00
050 -150 0.496561E+00
050 210 0.496561E+00
050 -130 0.493022E+00
050 -115 0.482309E+00
050 -100 0.405376E+00
050 -085 0.344505E+00
050 -070 0.506715E+00
050 -055 0.631502E+00
050 -040 0.686885E+00
050 -025 0.947222E+00
050 -010 0.498889E+00
050 000 0.466461E+00
050 015 0.669277E+00
050 030 0.694362E+00
050 050 0.697423E+00
050 070 0.804566E+00
050 090 0.103042E+01
050 110 0.111762E+01
050 130 0.960232E+00
050 145 0.666793E+00
050 160 0.515622E+00
050 -200 0.515622E+00
050 170 0.472356E+00
050 -190 0.472356E+00
050 180 0.315386E+00
050 -180 0.315386E+00
070 -165 0.541474E+00
070 195 0.541474E+00
070 -150 0.565452E+00
070 210 0.565452E+00
070 -130 0.612958E+00
070 -115 0.579582E+00
070 -100 0.477847E+00
070 -085 0.475894E+00
070 -070 0.616632E+00
070 -055 0.741053E+00
070 -040 0.743596E+00
070 -025 0.658446E+00
070 -010 0.680964E+00
070 000 0.760647E+00
070 015 0.778192E+00
070 030 0.777687E+00
070 050 0.772782E+00
070 070 0.868364E+00
070 090 0.982558E+00
070 110 0.102936E+01
070 130 0.881702E+00
070 145 0.728321E+00
070 160 0.606277E+00
070 -200 0.606277E+00
070 170 0.557381E+00
070 -190 0.557381E+00
090 -165 0.534865E+00
090 195 0.534865E+00
090 -150 0.591374E+00
090 210 0.591374E+00
090 -130 0.640347E+00
090 -115 0.650690E+00
090 -100 0.598145E+00
090 -085 0.575905E+00
090 -070 0.686455E+00
090 -055 0.811008E+00
090 -040 0.852682E+00
090 -025 0.830378E+00
090 -010 0.830204E+00
090 000 0.826149E+00
090 015 0.834297E+00
090 030 0.795841E+00
090 050 0.797530E+00
090 070 0.854205E+00
090 090 0.892710E+00
090 110 0.952379E+00
090 130 0.109200E+01
090 145 0.770061E+00
090 160 0.694855E+00
090 -200 0.694855E+00
090 170 0.575700E+00
090 -190 0.575700E+00
090 180 0.533578E+00
090 -180 0.533578E+00
110 -165 0.420192E+00
110 195 0.420192E+00
110 -150 0.482604E+00
110 210 0.482604E+00
110 -130 0.595957E+00
110 -115 0.655788E+00
110 -100 0.659478E+00
110 -085 0.656145E+00
110 -070 0.706704E+00
110 -055 0.784354E+00
110 -040 0.813529E+00
110 -025 0.845280E+00
110 -010 0.862101E+00
110 000 0.863878E+00
110 015 0.825430E+00
110 030 0.774725E+00
110 050 0.760553E+00
110 070 0.666018E+00
110 090 0.823248E+00
110 110 0.890569E+00
110 130 0.870538E+00
110 145 0.773835E+00
110 160 0.638534E+00
110 -200 0.638534E+00
110 170 0.503453E+00
110 -190 0.503453E+00
110 180 0.423866E+00
110 -180 0.423866E+00
130 -165 0.257161E+00
130 195 0.257161E+00
130 -150 0.381173E+00
130 210 0.381173E+00
130 -130 0.548433E+00
130 -115 0.641288E+00
130 -100 0.662704E+00
130 -085 0.690581E+00
130 -070 0.729321E+00
130 -055 0.745705E+00
130 -040 0.797680E+00
130 -010 0.865898E+00
130 000 0.837239E+00
130 015 0.762637E+00
130 030 0.672520E+00
130 050 0.356245E+00
130 070 0.600284E+00
130 090 0.799138E+00
130 110 0.798540E+00
130 130 0.803291E+00
130 145 0.604572E+00
130 160 0.380924E+00
130 -200 0.380924E+00
130 170 0.283987E+00
130 -190 0.283987E+00
130 180 0.208395E+00
130 -180 0.208395E+00
150 -165 0.224627E+00
-210 -165 0.224627E+00
150 195 0.224627E+00
150 -150 0.350402E+00
-210 -150 0.350402E+00
150 210 0.350402E+00
150 -130 0.527267E+00
-210 -130 0.527267E+00
150 -115 0.633405E+00
-210 -115 0.633405E+00
150 -100 0.689889E+00
-210 -100 0.689889E+00
150 -085 0.719653E+00
-210 -085 0.719653E+00
150 -070 0.747956E+00
-210 -070 0.747956E+00
150 -055 0.789883E+00
-210 -055 0.789883E+00
150 -040 0.852045E+00
-210 -040 0.852045E+00
150 -025 0.859450E+00
-210 -025 0.859450E+00
150 -010 0.794826E+00
-210 -010 0.794826E+00
150 000 0.744968E+00
-210 000 0.744968E+00
150 015 0.224966E+00
-210 015 0.224966E+00
150 030 0.305235E+00
-210 030 0.305235E+00
150 050 0.470475E+00
-210 050 0.470475E+00
150 070 0.635245E+00
-210 070 0.635245E+00
150 090 0.834483E+00
-210 090 0.834483E+00
150 110 0.819654E+00
-210 110 0.819654E+00
150 130 0.624124E+00
-210 130 0.624124E+00
150 145 0.470124E+00
-210 145 0.470124E+00
150 160 0.280728E+00
-210 160 0.280728E+00
150 -200 0.280728E+00
-210 -200 0.280728E+00
150 170 0.208134E+00
-210 170 0.208134E+00
150 -190 0.208134E+00
-210 -190 0.208134E+00
150 180 0.203658E+00
-210 180 0.203658E+00
150 -180 0.203658E+00
-210 -180 0.203658E+00
165 -165 0.242889E+00
-195 -165 0.242889E+00
165 195 0.242889E+00
165 -150 0.362284E+00
-195 -150 0.362284E+00
165 210 0.362284E+00
165 -130 0.511355E+00
-195 -130 0.511355E+00
165 -115 0.656904E+00
-195 -115 0.656904E+00
165 -100 0.722935E+00
-195 -100 0.722935E+00
165 -085 0.756764E+00
-195 -085 0.756764E+00
165 -070 0.783678E+00
-195 -070 0.783678E+00
165 -055 0.831990E+00
-195 -055 0.831990E+00
165 -040 0.848668E+00
-195 -040 0.848668E+00
165 -025 0.826144E+00
-195 -025 0.826144E+00
165 -010 0.273128E+00
-195 -010 0.273128E+00
165 000 0.273115E+00
-195 000 0.273115E+00
165 015 0.355303E+00
-195 015 0.355303E+00
165 030 0.459176E+00
-195 030 0.459176E+00
165 050 0.611494E+00
-195 050 0.611494E+00
165 070 0.757573E+00
-195 070 0.757573E+00
165 090 0.822767E+00
-195 090 0.822767E+00
165 110 0.762590E+00
-195 110 0.762590E+00
165 130 0.587565E+00
-195 130 0.587565E+00
165 145 0.436712E+00
-195 145 0.436712E+00
165 160 0.303472E+00
-195 160 0.303472E+00
165 -200 0.303472E+00
-195 -200 0.303472E+00
165 170 0.217074E+00
-195 170 0.217074E+00
165 -190 0.217074E+00
-195 -190 0.217074E+00
165 180 0.192957E+00
-195 180 0.192957E+00
165 -180 0.192957E+00
-195 -180 0.192957E+00
180 -165 0.258201E+00
-180 -165 0.258201E+00
180 195 0.258201E+00
180 -150 0.373809E+00
-180 -150 0.373809E+00
180 210 0.373809E+00
180 -130 0.553223E+00
-180 -130 0.553223E+00
180 -115 0.676238E+00
-180 -115 0.676238E+00
180 -100 0.769638E+00
-180 -100 0.769638E+00
180 -085 0.840159E+00
-180 -085 0.840159E+00
180 -070 0.857197E+00
-180 -070 0.857197E+00
180 -055 0.851296E+00
-180 -055 0.851296E+00
180 -040 0.850897E+00
-180 -040 0.850897E+00
180 -025 0.793718E+00
-180 -025 0.793718E+00
180 -010 0.332320E+00
-180 -010 0.332320E+00
180 000 0.374285E+00
-180 000 0.374285E+00
180 015 0.488489E+00
-180 015 0.488489E+00
180 030 0.602494E+00
-180 030 0.602494E+00
180 070 0.812128E+00
-180 070 0.812128E+00
180 090 0.813658E+00
-180 090 0.813658E+00
180 110 0.752762E+00
-180 110 0.752762E+00
180 130 0.601681E+00
-180 130 0.601681E+00
180 145 0.466614E+00
-180 145 0.466614E+00
180 160 0.324191E+00
-180 160 0.324191E+00
180 -200 0.324191E+00
-180 -200 0.324191E+00
180 170 0.257696E+00
-180 170 0.257696E+00
180 -190 0.257696E+00
-180 -190 0.257696E+00
180 180 0.220389E+00
-180 180 0.220389E+00
180 -180 0.220389E+00
-180 -180 0.220389E+00
