PHI PSI J_13_20
-165 -165 -0.709029E+00
195 -165 -0.709029E+00
-165 195 -0.709029E+00
195 195 -0.709029E+00
-165 -150 -0.105766E+01
195 -150 -0.105766E+01
-165 210 -0.105766E+01
195 210 -0.105766E+01
-165 -130 -0.193384E+01
195 -130 -0.193384E+01
-165 -115 -0.269662E+01
195 -115 -0.269662E+01
-165 -100 -0.346197E+01
195 -100 -0.346197E+01
-165 -085 -0.401156E+01
195 -085 -0.401156E+01
-165 -070 -0.424701E+01
195 -070 -0.424701E+01
-165 -055 -0.417498E+01
195 -055 -0.417498E+01
-165 -040 -0.395342E+01
195 -040 -0.395342E+01
-165 -025 -0.368090E+01
195 -025 -0.368090E+01
-165 -010 -0.333361E+01
195 -010 -0.333361E+01
-165 000 -0.311048E+01
195 000 -0.311048E+01
-165 015 -0.291190E+01
195 015 -0.291190E+01
-165 030 -0.293654E+01
195 030 -0.293654E+01
-165 050 -0.319094E+01
195 050 -0.319094E+01
-165 070 -0.335109E+01
195 070 -0.335109E+01
-165 090 -0.310758E+01
195 090 -0.310758E+01
-165 110 -0.255017E+01
195 110 -0.255017E+01
-165 130 -0.187143E+01
195 130 -0.187143E+01
-165 145 -0.136058E+01
195 145 -0.136058E+01
-165 160 -0.951135E+00
195 160 -0.951135E+00
-165 -200 -0.951135E+00
-165 170 -0.756058E+00
195 170 -0.756058E+00
-165 -190 -0.756058E+00
-165 180 -0.661406E+00
195 180 -0.661406E+00
-165 -180 -0.661406E+00
-150 -165 -0.829547E+00
210 -165 -0.829547E+00
-150 195 -0.829547E+00
210 195 -0.829547E+00
-150 -150 -0.120500E+01
210 -150 -0.120500E+01
-150 210 -0.120500E+01
210 210 -0.120500E+01
-150 -130 -0.209334E+01
210 -130 -0.209334E+01
-150 -115 -0.287517E+01
210 -115 -0.287517E+01
-150 -100 -0.357099E+01
210 -100 -0.357099E+01
-150 -085 -0.404805E+01
210 -085 -0.404805E+01
-150 -070 -0.428077E+01
210 -070 -0.428077E+01
-150 -055 -0.422840E+01
210 -055 -0.422840E+01
-150 -040 -0.399805E+01
210 -040 -0.399805E+01
-150 -025 -0.349101E+01
210 -025 -0.349101E+01
-150 -010 -0.338662E+01
210 -010 -0.338662E+01
-150 000 -0.312418E+01
210 000 -0.312418E+01
-150 015 -0.294881E+01
210 015 -0.294881E+01
-150 030 -0.298083E+01
210 030 -0.298083E+01
-150 050 -0.325323E+01
210 050 -0.325323E+01
-150 070 -0.341545E+01
210 070 -0.341545E+01
-150 090 -0.314613E+01
210 090 -0.314613E+01
-150 110 -0.259598E+01
210 110 -0.259598E+01
-150 130 -0.190982E+01
210 130 -0.190982E+01
-150 145 -0.140442E+01
210 145 -0.140442E+01
-150 160 -0.100327E+01
210 160 -0.100327E+01
-150 -200 -0.100327E+01
-150 170 -0.815268E+00
210 170 -0.815268E+00
-150 -190 -0.815268E+00
-125 -165 -0.121653E+01
-125 195 -0.121653E+01
-125 -150 -0.166553E+01
-125 210 -0.166553E+01
-125 -130 -0.251733E+01
-125 -115 -0.311641E+01
-125 -100 -0.369285E+01
-125 -085 -0.413898E+01
-125 -070 -0.436466E+01
-125 -055 -0.457489E+01
-125 -040 -0.429638E+01
-125 -025 -0.379385E+01
-125 -010 -0.336384E+01
-125 000 -0.315348E+01
-125 015 -0.296278E+01
-125 030 -0.298156E+01
-125 050 -0.324415E+01
-125 070 -0.343398E+01
-125 090 -0.318294E+01
-125 110 -0.265459E+01
-125 130 -0.200794E+01
-125 145 -0.157638E+01
-125 160 -0.119751E+01
-125 -200 -0.119751E+01
-125 170 -0.109823E+01
-125 -190 -0.109823E+01
-100 -165 -0.176336E+01
-100 195 -0.176336E+01
-100 -150 -0.205924E+01
-100 210 -0.205924E+01
-100 -130 -0.262223E+01
-100 -115 -0.314341E+01
-100 -100 -0.371509E+01
-100 -085 -0.421985E+01
-100 -070 -0.452050E+01
-100 -055 -0.460741E+01
-100 -040 -0.425106E+01
-100 -025 -0.382002E+01
-100 -010 -0.344087E+01
-100 000 -0.320871E+01
-100 015 -0.296285E+01
-100 030 -0.296543E+01
-100 050 -0.324440E+01
-100 070 -0.342871E+01
-100 090 -0.319988E+01
-100 110 -0.276432E+01
-100 130 -0.225032E+01
-100 145 -0.187545E+01
-100 160 -0.164197E+01
-100 -200 -0.164197E+01
-100 170 -0.157513E+01
-100 -190 -0.157513E+01
-085 -165 -0.191995E+01
-085 195 -0.191995E+01
-085 -150 -0.207570E+01
-085 210 -0.207570E+01
-085 -130 -0.253740E+01
-085 -115 -0.306851E+01
-085 -100 -0.370196E+01
-085 -085 -0.426607E+01
-085 -070 -0.461135E+01
-085 -055 -0.461635E+01
-085 -040 -0.430604E+01
-085 -025 -0.396188E+01
-085 -010 -0.352372E+01
-085 000 -0.329081E+01
-085 015 -0.303128E+01
-085 030 -0.302159E+01
-085 050 -0.337062E+01
-085 070 -0.355320E+01
-085 090 -0.330524E+01
-085 110 -0.287339E+01
-085 130 -0.242511E+01
-085 145 -0.214299E+01
-085 160 -0.193727E+01
-085 -200 -0.193727E+01
-085 170 -0.187735E+01
-085 -190 -0.187735E+01
-085 180 -0.187503E+01
-085 -180 -0.187503E+01
-070 -165 -0.189110E+01
-070 195 -0.189110E+01
-070 -150 -0.196512E+01
-070 210 -0.196512E+01
-070 -130 -0.240777E+01
-070 -115 -0.299950E+01
-070 -100 -0.373509E+01
-070 -085 -0.435706E+01
-070 -070 -0.472603E+01
-070 -055 -0.466494E+01
-070 -040 -0.442046E+01
-070 -025 -0.406304E+01
-070 -010 -0.366708E+01
-070 000 -0.342325E+01
-070 015 -0.315343E+01
-070 030 -0.317834E+01
-070 050 -0.355469E+01
-070 070 -0.372872E+01
-070 090 -0.346213E+01
-070 110 -0.302005E+01
-070 130 -0.261012E+01
-070 145 -0.236413E+01
-070 160 -0.216495E+01
-070 -200 -0.216495E+01
-070 170 -0.205287E+01
-070 -190 -0.205287E+01
-055 -165 -0.175093E+01
-055 195 -0.175093E+01
-055 -150 -0.181966E+01
-055 210 -0.181966E+01
-055 -130 -0.233971E+01
-055 -115 -0.312930E+01
-055 -100 -0.395617E+01
-055 -085 -0.457433E+01
-055 -070 -0.482292E+01
-055 -055 -0.469700E+01
-055 -040 -0.450257E+01
-055 -025 -0.422891E+01
-055 -010 -0.383469E+01
-055 000 -0.357775E+01
-055 015 -0.333702E+01
-055 030 -0.341648E+01
-055 050 -0.371866E+01
-055 070 -0.386194E+01
-055 090 -0.360358E+01
-055 110 -0.316160E+01
-055 130 -0.274962E+01
-055 145 -0.246309E+01
-055 160 -0.219832E+01
-055 -200 -0.219832E+01
-055 170 -0.203174E+01
-055 -190 -0.203174E+01
-055 180 -0.170862E+01
-055 -180 -0.170862E+01
-040 -165 -0.162832E+01
-040 195 -0.162832E+01
-040 -150 -0.177814E+01
-040 210 -0.177814E+01
-040 -130 -0.253470E+01
-040 -115 -0.350521E+01
-040 -100 -0.435038E+01
-040 -085 -0.477621E+01
-040 -070 -0.487799E+01
-040 -055 -0.476530E+01
-040 -040 -0.464686E+01
-040 -025 -0.438709E+01
-040 -010 -0.400069E+01
-040 000 -0.378848E+01
-040 015 -0.362949E+01
-040 030 -0.360275E+01
-040 050 -0.379246E+01
-040 070 -0.391534E+01
-040 090 -0.368520E+01
-040 110 -0.323844E+01
-040 130 -0.270190E+01
-040 145 -0.241010E+01
-040 160 -0.208776E+01
-040 -200 -0.208776E+01
-040 170 -0.189279E+01
-040 -190 -0.189279E+01
-040 180 -0.172988E+01
-040 -180 -0.172988E+01
-025 -165 -0.160722E+01
-025 195 -0.160722E+01
-025 -150 -0.192738E+01
-025 210 -0.192738E+01
-025 -130 -0.310110E+01
-025 -115 -0.363079E+01
-025 -100 -0.429531E+01
-025 -085 -0.477287E+01
-025 -070 -0.492047E+01
-025 -055 -0.489726E+01
-025 -040 -0.481445E+01
-025 -025 -0.349644E+01
-025 -010 -0.430811E+01
-025 000 -0.413517E+01
-025 015 -0.388360E+01
-025 030 -0.376016E+01
-025 050 -0.379392E+01
-025 070 -0.388536E+01
-025 090 -0.363447E+01
-025 110 -0.321322E+01
-025 130 -0.270527E+01
-025 145 -0.230424E+01
-025 160 -0.194549E+01
-025 -200 -0.194549E+01
-025 170 -0.176321E+01
-025 -190 -0.176321E+01
-025 180 -0.164240E+01
-025 -180 -0.164240E+01
-010 -150 -0.223250E+01
-010 210 -0.223250E+01
-010 -130 -0.291659E+01
-010 -115 -0.362940E+01
-010 -100 -0.433779E+01
-010 -085 -0.481536E+01
-010 -070 -0.495851E+01
-010 -055 -0.499010E+01
-010 -040 -0.501091E+01
-010 -025 -0.500360E+01
-010 -010 -0.461651E+01
-010 000 -0.436288E+01
-010 015 -0.402325E+01
-010 030 -0.378855E+01
-010 050 -0.375077E+01
-010 070 -0.376105E+01
-010 090 -0.353705E+01
-010 110 -0.314649E+01
-010 130 -0.260017E+01
-010 145 -0.218627E+01
-010 160 -0.187383E+01
-010 -200 -0.187383E+01
-010 170 -0.173773E+01
-010 -190 -0.173773E+01
-010 180 -0.169750E+01
-010 -180 -0.169750E+01
000 -165 -0.190425E+01
000 195 -0.190425E+01
000 -150 -0.215701E+01
000 210 -0.215701E+01
000 -115 -0.366022E+01
000 -100 -0.434197E+01
000 -085 -0.482077E+01
000 -070 -0.499827E+01
000 -055 -0.511858E+01
000 -040 -0.539986E+01
000 -025 -0.517032E+01
000 -010 -0.473307E+01
000 000 -0.445340E+01
000 015 -0.405759E+01
000 030 -0.377558E+01
000 050 -0.369310E+01
000 070 -0.371062E+01
000 090 -0.351578E+01
000 110 -0.309893E+01
000 130 -0.252895E+01
000 145 -0.216071E+01
000 160 -0.189300E+01
000 -200 -0.189300E+01
000 170 -0.186169E+01
000 -190 -0.186169E+01
000 180 -0.218653E+01
000 -180 -0.218653E+01
015 -150 -0.216260E+01
015 210 -0.216260E+01
015 -130 -0.300453E+01
015 -115 -0.369301E+01
015 -100 -0.432450E+01
015 -085 -0.484026E+01
015 -070 -0.518450E+01
015 -055 -0.572988E+01
015 -040 -0.556140E+01
015 -025 -0.526453E+01
015 -010 -0.477696E+01
015 000 -0.445956E+01
015 015 -0.398663E+01
015 030 -0.369107E+01
015 070 -0.366580E+01
015 090 -0.346532E+01
015 110 -0.302562E+01
015 130 -0.251485E+01
015 145 -0.223510E+01
015 160 -0.212847E+01
015 -200 -0.212847E+01
015 170 -0.175322E+01
015 -190 -0.175322E+01
015 180 -0.165734E+01
015 -180 -0.165734E+01
030 -150 -0.225634E+01
030 210 -0.225634E+01
030 -130 -0.305061E+01
030 -115 -0.367989E+01
030 -100 -0.432925E+01
030 -085 -0.506921E+01
030 -070 -0.559237E+01
030 -055 -0.574430E+01
030 -040 -0.561701E+01
030 -025 -0.517826E+01
030 -010 -0.464575E+01
030 000 -0.429145E+01
030 015 -0.381857E+01
030 030 -0.346247E+01
030 050 -0.354958E+01
030 070 -0.362050E+01
030 090 -0.341498E+01
030 110 -0.301795E+01
030 130 -0.276793E+01
030 145 -0.204014E+01
030 160 -0.164696E+01
030 -200 -0.164696E+01
030 170 -0.187783E+01
030 -190 -0.187783E+01
030 180 -0.161597E+01
030 -180 -0.161597E+01
050 -165 -0.204180E+01
050 195 -0.204180E+01
050 -150 -0.238559E+01
050 210 -0.238559E+01
050 -130 -0.302402E+01
050 -115 -0.360045E+01
050 -100 -0.427848E+01
050 -085 -0.493024E+01
050 -070 -0.538743E+01
050 -055 -0.547314E+01
050 -040 -0.534111E+01
050 -025 -0.434534E+01
050 -010 -0.424285E+01
050 000 -0.391330E+01
050 015 -0.341591E+01
050 030 -0.336241E+01
050 050 -0.352075E+01
050 070 -0.360938E+01
050 090 -0.353156E+01
050 110 -0.306130E+01
050 130 -0.235467E+01
050 145 -0.195847E+01
050 160 -0.180440E+01
050 -200 -0.180440E+01
050 170 -0.179218E+01
050 -190 -0.179218E+01
050 180 -0.181155E+01
050 -180 -0.181155E+01
070 -165 -0.212773E+01
070 195 -0.212773E+01
070 -150 -0.234572E+01
070 210 -0.234572E+01
070 -130 -0.285638E+01
070 -115 -0.339306E+01
070 -100 -0.402805E+01
070 -085 -0.461587E+01
070 -070 -0.496602E+01
070 -055 -0.497225E+01
070 -040 -0.470767E+01
070 -025 -0.428758E+01
070 -010 -0.381656E+01
070 000 -0.347563E+01
070 015 -0.326426E+01
070 030 -0.329936E+01
070 050 -0.354801E+01
070 070 -0.371939E+01
070 090 -0.347511E+01
070 110 -0.300811E+01
070 130 -0.250486E+01
070 145 -0.224361E+01
070 160 -0.209725E+01
070 -200 -0.209725E+01
070 170 -0.206395E+01
070 -190 -0.206395E+01
090 -165 -0.188434E+01
090 195 -0.188434E+01
090 -150 -0.209080E+01
090 210 -0.209080E+01
090 -130 -0.260438E+01
090 -115 -0.320131E+01
090 -100 -0.383405E+01
090 -085 -0.433420E+01
090 -070 -0.455715E+01
090 -055 -0.452736E+01
090 -040 -0.427343E+01
090 -025 -0.385175E+01
090 -010 -0.342630E+01
090 000 -0.321845E+01
090 015 -0.311770E+01
090 030 -0.320903E+01
090 050 -0.358631E+01
090 070 -0.370380E+01
090 090 -0.338438E+01
090 110 -0.298492E+01
090 130 -0.253834E+01
090 145 -0.236356E+01
090 160 -0.219756E+01
090 -200 -0.219756E+01
090 170 -0.209344E+01
090 -190 -0.209344E+01
090 180 -0.198537E+01
090 -180 -0.198537E+01
110 -165 -0.137224E+01
110 195 -0.137224E+01
110 -150 -0.156804E+01
110 210 -0.156804E+01
110 -130 -0.228597E+01
110 -115 -0.298848E+01
110 -100 -0.374161E+01
110 -085 -0.428200E+01
110 -070 -0.448937E+01
110 -055 -0.437377E+01
110 -040 -0.407184E+01
110 -025 -0.366346E+01
110 -010 -0.328067E+01
110 000 -0.310423E+01
110 015 -0.300143E+01
110 030 -0.314206E+01
110 050 -0.351885E+01
110 070 -0.339913E+01
110 090 -0.323845E+01
110 110 -0.292561E+01
110 130 -0.253784E+01
110 145 -0.226815E+01
110 160 -0.195871E+01
110 -200 -0.195871E+01
110 170 -0.166535E+01
110 -190 -0.166535E+01
110 180 -0.146957E+01
110 -180 -0.146957E+01
130 -165 -0.763492E+00
130 195 -0.763492E+00
130 -150 -0.109142E+01
130 210 -0.109142E+01
130 -130 -0.195259E+01
130 -115 -0.277946E+01
130 -100 -0.360855E+01
130 -085 -0.428454E+01
130 -070 -0.455153E+01
130 -055 -0.439403E+01
130 -040 -0.403216E+01
130 -010 -0.324822E+01
130 000 -0.306336E+01
130 015 -0.292621E+01
130 030 -0.302501E+01
130 050 -0.290220E+01
130 070 -0.313746E+01
130 090 -0.309081E+01
130 110 -0.274821E+01
130 130 -0.230793E+01
130 145 -0.179373E+01
130 160 -0.121377E+01
130 -200 -0.121377E+01
130 170 -0.920609E+00
130 -190 -0.920609E+00
130 180 -0.759007E+00
130 -180 -0.759007E+00
150 -165 -0.543858E+00
-210 -165 -0.543858E+00
150 195 -0.543858E+00
150 -150 -0.895448E+00
-210 -150 -0.895448E+00
150 210 -0.895448E+00
150 -130 -0.177911E+01
-210 -130 -0.177911E+01
150 -115 -0.261894E+01
-210 -115 -0.261894E+01
150 -100 -0.347156E+01
-210 -100 -0.347156E+01
150 -085 -0.419797E+01
-210 -085 -0.419797E+01
150 -070 -0.447970E+01
-210 -070 -0.447970E+01
150 -055 -0.434954E+01
-210 -055 -0.434954E+01
150 -040 -0.402006E+01
-210 -040 -0.402006E+01
150 -025 -0.362216E+01
-210 -025 -0.362216E+01
150 -010 -0.325805E+01
-210 -010 -0.325805E+01
150 000 -0.306280E+01
-210 000 -0.306280E+01
150 015 -0.249785E+01
-210 015 -0.249785E+01
150 030 -0.249270E+01
-210 030 -0.249270E+01
150 050 -0.279020E+01
-210 050 -0.279020E+01
150 070 -0.304636E+01
-210 070 -0.304636E+01
150 090 -0.303062E+01
-210 090 -0.303062E+01
150 110 -0.263764E+01
-210 110 -0.263764E+01
150 130 -0.192947E+01
-210 130 -0.192947E+01
150 145 -0.135599E+01
-210 145 -0.135599E+01
150 160 -0.871014E+00
-210 160 -0.871014E+00
150 -200 -0.871014E+00
-210 -200 -0.871014E+00
150 170 -0.649839E+00
-210 170 -0.649839E+00
150 -190 -0.649839E+00
-210 -190 -0.649839E+00
150 180 -0.533810E+00
-210 180 -0.533810E+00
150 -180 -0.533810E+00
-210 -180 -0.533810E+00
165 -165 -0.545447E+00
-195 -165 -0.545447E+00
165 195 -0.545447E+00
165 -150 -0.887222E+00
-195 -150 -0.887222E+00
165 210 -0.887222E+00
165 -130 -0.173881E+01
-195 -130 -0.173881E+01
165 -115 -0.257979E+01
-195 -115 -0.257979E+01
165 -100 -0.341417E+01
-195 -100 -0.341417E+01
165 -085 -0.410248E+01
-195 -085 -0.410248E+01
165 -070 -0.437953E+01
-195 -070 -0.437953E+01
165 -055 -0.424658E+01
-195 -055 -0.424658E+01
165 -040 -0.397150E+01
-195 -040 -0.397150E+01
165 -025 -0.363811E+01
-195 -025 -0.363811E+01
165 -010 -0.320935E+01
-195 -010 -0.320935E+01
165 000 -0.287324E+01
-195 000 -0.287324E+01
165 015 -0.261826E+01
-195 015 -0.261826E+01
165 030 -0.262486E+01
-195 030 -0.262486E+01
165 050 -0.290036E+01
-195 050 -0.290036E+01
165 070 -0.313592E+01
-195 070 -0.313592E+01
165 090 -0.304515E+01
-195 090 -0.304515E+01
165 110 -0.253383E+01
-195 110 -0.253383E+01
165 130 -0.182700E+01
-195 130 -0.182700E+01
165 145 -0.128793E+01
-195 145 -0.128793E+01
165 160 -0.843184E+00
-195 160 -0.843184E+00
165 -200 -0.843184E+00
-195 -200 -0.843184E+00
165 170 -0.632899E+00
-195 170 -0.632899E+00
165 -190 -0.632899E+00
-195 -190 -0.632899E+00
165 180 -0.518629E+00
-195 180 -0.518629E+00
165 -180 -0.518629E+00
-195 -180 -0.518629E+00
180 -165 -0.612067E+00
-180 -165 -0.612067E+00
180 195 -0.612067E+00
180 -150 -0.951495E+00
-180 -150 -0.951495E+00
180 210 -0.951495E+00
180 -130 -0.179537E+01
-180 -130 -0.179537E+01
180 -115 -0.260388E+01
-180 -115 -0.260388E+01
180 -100 -0.340258E+01
-180 -100 -0.340258E+01
180 -085 -0.403393E+01
-180 -085 -0.403393E+01
180 -070 -0.424652E+01
-180 -070 -0.424652E+01
180 -055 -0.418254E+01
-180 -055 -0.418254E+01
180 -040 -0.393309E+01
-180 -040 -0.393309E+01
180 -025 -0.364725E+01
-180 -025 -0.364725E+01
180 -010 -0.327015E+01
-180 -010 -0.327015E+01
180 000 -0.299917E+01
-180 000 -0.299917E+01
180 015 -0.278575E+01
-180 015 -0.278575E+01
180 030 -0.279882E+01
-180 030 -0.279882E+01
180 070 -0.325709E+01
-180 070 -0.325709E+01
180 090 -0.306059E+01
-180 090 -0.306059E+01
180 110 -0.251853E+01
-180 110 -0.251853E+01
180 130 -0.183000E+01
-180 130 -0.183000E+01
180 145 -0.131515E+01
-180 145 -0.131515E+01
180 160 -0.892412E+00
-180 160 -0.892412E+00
180 -200 -0.892412E+00
-180 -200 -0.892412E+00
180 170 -0.691700E+00
-180 170 -0.691700E+00
180 -190 -0.691700E+00
-180 -190 -0.691700E+00
180 180 -0.577602E+00
-180 180 -0.577602E+00
180 -180 -0.577602E+00
-180 -180 -0.577602E+00
