PHI PSI J_12_21
-165 -165 0.281088E-01
195 -165 0.281088E-01
-165 195 0.281088E-01
195 195 0.281088E-01
-165 -150 -0.114797E-01
195 -150 -0.114797E-01
-165 210 -0.114797E-01
195 210 -0.114797E-01
-165 -130 -0.540225E-01
195 -130 -0.540225E-01
-165 -115 -0.863910E-01
195 -115 -0.863910E-01
-165 -100 -0.114240E+00
195 -100 -0.114240E+00
-165 -085 -0.123508E+00
195 -085 -0.123508E+00
-165 -070 -0.829646E-01
195 -070 -0.829646E-01
-165 -055 -0.443636E-01
195 -055 -0.443636E-01
-165 -040 -0.219066E-01
195 -040 -0.219066E-01
-165 -025 -0.325699E-02
195 -025 -0.325699E-02
-165 -010 -0.816289E-01
195 -010 -0.816289E-01
-165 000 -0.889178E-01
195 000 -0.889178E-01
-165 015 -0.686253E-01
195 015 -0.686253E-01
-165 030 -0.318176E-01
195 030 -0.318176E-01
-165 050 0.456781E-03
195 050 0.456781E-03
-165 070 -0.723114E-02
195 070 -0.723114E-02
-165 090 0.187047E-01
195 090 0.187047E-01
-165 110 0.581871E-01
195 110 0.581871E-01
-165 130 0.110579E+00
195 130 0.110579E+00
-165 145 0.139503E+00
195 145 0.139503E+00
-165 160 0.141068E+00
195 160 0.141068E+00
-165 -200 0.141068E+00
-165 170 0.119426E+00
195 170 0.119426E+00
-165 -190 0.119426E+00
-165 180 0.939293E-01
195 180 0.939293E-01
-165 -180 0.939293E-01
-150 -165 0.119318E-01
210 -165 0.119318E-01
-150 195 0.119318E-01
210 195 0.119318E-01
-150 -150 -0.368684E-01
210 -150 -0.368684E-01
-150 210 -0.368684E-01
210 210 -0.368684E-01
-150 -130 -0.839053E-01
210 -130 -0.839053E-01
-150 -115 -0.117041E+00
210 -115 -0.117041E+00
-150 -100 -0.130131E+00
210 -100 -0.130131E+00
-150 -085 -0.109882E+00
210 -085 -0.109882E+00
-150 -070 -0.780887E-01
210 -070 -0.780887E-01
-150 -055 -0.372691E-01
210 -055 -0.372691E-01
-150 -040 0.437743E-02
210 -040 0.437743E-02
-150 -025 0.734890E-02
210 -025 0.734890E-02
-150 -010 -0.116085E+00
210 -010 -0.116085E+00
-150 000 -0.955195E-01
210 000 -0.955195E-01
-150 015 -0.380088E-01
210 015 -0.380088E-01
-150 030 0.214791E-01
210 030 0.214791E-01
-150 050 0.281190E-01
210 050 0.281190E-01
-150 070 0.506672E-02
210 070 0.506672E-02
-150 090 0.285185E-01
210 090 0.285185E-01
-150 110 0.637386E-01
210 110 0.637386E-01
-150 130 0.115642E+00
210 130 0.115642E+00
-150 145 0.146843E+00
210 145 0.146843E+00
-150 160 0.144357E+00
210 160 0.144357E+00
-150 -200 0.144357E+00
-150 170 0.115098E+00
210 170 0.115098E+00
-150 -190 0.115098E+00
-125 -165 0.275759E-01
-125 195 0.275759E-01
-125 -150 -0.303295E-01
-125 210 -0.303295E-01
-125 -130 -0.756181E-01
-125 -115 -0.971062E-01
-125 -100 -0.927597E-01
-125 -085 -0.803904E-01
-125 -070 -0.626158E-01
-125 -055 -0.524085E-01
-125 -040 -0.976149E-01
-125 -025 -0.116265E+00
-125 -010 -0.703752E-01
-125 000 -0.158371E-01
-125 015 0.519087E-01
-125 030 0.719912E-01
-125 050 0.272946E-01
-125 070 0.578684E-02
-125 090 0.179205E-01
-125 110 0.524324E-01
-125 130 0.115915E+00
-125 145 0.157415E+00
-125 160 0.159942E+00
-125 -200 0.159942E+00
-125 170 0.142050E+00
-125 -190 0.142050E+00
-100 -165 0.958425E-01
-100 195 0.958425E-01
-100 -150 0.484046E-01
-100 210 0.484046E-01
-100 -130 -0.634122E-02
-100 -115 -0.387834E-01
-100 -100 -0.477353E-01
-100 -085 -0.271076E-01
-100 -070 -0.214596E-01
-100 -055 -0.580016E-01
-100 -040 -0.110943E+00
-100 -025 -0.790020E-01
-100 -010 0.844466E-02
-100 000 0.495417E-01
-100 015 0.709374E-01
-100 030 0.484973E-01
-100 050 0.739765E-02
-100 070 -0.697518E-02
-100 090 -0.263450E-01
-100 110 0.105929E-01
-100 130 0.897812E-01
-100 145 0.143687E+00
-100 160 0.173157E+00
-100 -200 0.173157E+00
-100 170 0.171053E+00
-100 -190 0.171053E+00
-085 -165 0.916840E-01
-085 195 0.916840E-01
-085 -150 0.647306E-01
-085 210 0.647306E-01
-085 -130 0.179478E-01
-085 -115 -0.165228E-01
-085 -100 -0.134126E-01
-085 -085 0.160853E-02
-085 -070 -0.110994E-01
-085 -055 -0.955271E-01
-085 -040 -0.118022E+00
-085 -025 -0.364809E-01
-085 -010 0.290361E-01
-085 000 0.537733E-01
-085 015 0.498665E-01
-085 030 0.185024E-01
-085 050 0.187508E-01
-085 070 -0.709980E-02
-085 090 -0.644703E-01
-085 110 -0.663517E-01
-085 130 -0.396036E-02
-085 145 0.635793E-01
-085 160 0.976677E-01
-085 -200 0.976677E-01
-085 170 0.106427E+00
-085 -190 0.106427E+00
-085 180 0.104738E+00
-085 -180 0.104738E+00
-070 -165 0.777120E-01
-070 195 0.777120E-01
-070 -150 0.808816E-01
-070 210 0.808816E-01
-070 -130 0.489809E-01
-070 -115 0.236010E-01
-070 -100 0.278610E-01
-070 -085 0.224362E-01
-070 -070 -0.512367E-01
-070 -055 -0.151939E+00
-070 -040 -0.101886E+00
-070 -025 -0.243989E-01
-070 -010 0.182609E-01
-070 000 0.285230E-01
-070 015 0.187372E-01
-070 030 0.153580E-01
-070 050 0.362551E-01
-070 070 0.381688E-02
-070 090 -0.871837E-01
-070 110 -0.177375E+00
-070 130 -0.160205E+00
-070 145 -0.124706E+00
-070 160 -0.632489E-01
-070 -200 -0.632489E-01
-070 170 -0.554641E-02
-070 -190 -0.554641E-02
-055 -165 0.583200E-01
-055 195 0.583200E-01
-055 -150 0.938567E-01
-055 210 0.938567E-01
-055 -130 0.884564E-01
-055 -115 0.807273E-01
-055 -100 0.543991E-01
-055 -085 -0.131425E-01
-055 -070 -0.178491E+00
-055 -055 -0.188510E+00
-055 -040 -0.103384E+00
-055 -025 -0.336838E-01
-055 -010 -0.250027E-02
-055 000 0.677839E-02
-055 015 0.258446E-01
-055 030 0.695303E-01
-055 050 0.690709E-01
-055 070 -0.901957E-02
-055 090 -0.162393E+00
-055 110 -0.338174E+00
-055 130 -0.380905E+00
-055 145 -0.346264E+00
-055 160 -0.230317E+00
-055 -200 -0.230317E+00
-055 170 -0.121924E+00
-055 -190 -0.121924E+00
-055 180 -0.276629E-01
-055 -180 -0.276629E-01
-040 -165 0.170387E-01
-040 195 0.170387E-01
-040 -150 0.828991E-01
-040 210 0.828991E-01
-040 -130 0.105570E+00
-040 -115 0.541620E-01
-040 -100 -0.108516E+00
-040 -085 -0.330585E+00
-040 -070 -0.273950E+00
-040 -055 -0.198673E+00
-040 -040 -0.103990E+00
-040 -025 -0.392002E-01
-040 -010 0.163190E-02
-040 000 0.383119E-01
-040 015 0.112768E+00
-040 030 0.125018E+00
-040 050 0.786845E-01
-040 070 -0.631954E-01
-040 090 -0.305273E+00
-040 110 -0.541616E+00
-040 130 -0.584603E+00
-040 145 -0.517759E+00
-040 160 -0.383124E+00
-040 -200 -0.383124E+00
-040 170 -0.242497E+00
-040 -190 -0.242497E+00
-040 180 -0.119162E+00
-040 -180 -0.119162E+00
-025 -165 -0.652803E-01
-025 195 -0.652803E-01
-025 -150 0.970904E-02
-025 210 0.970904E-02
-025 -130 -0.864112E+00
-025 -115 -0.763351E+00
-025 -100 -0.601796E+00
-025 -085 -0.432318E+00
-025 -070 -0.295966E+00
-025 -055 -0.185516E+00
-025 -040 -0.855109E-01
-025 -025 -0.610113E-02
-025 -010 0.882748E-01
-025 000 0.104763E+00
-025 015 0.122878E+00
-025 030 0.116552E+00
-025 050 0.373317E-01
-025 070 -0.175759E+00
-025 090 -0.447521E+00
-025 110 -0.658398E+00
-025 130 -0.748383E+00
-025 145 -0.669706E+00
-025 160 -0.525618E+00
-025 -200 -0.525618E+00
-025 170 -0.391005E+00
-025 -190 -0.391005E+00
-025 180 -0.261597E+00
-025 -180 -0.261597E+00
-010 -150 -0.812413E+00
-010 210 -0.812413E+00
-010 -130 -0.837576E+00
-010 -115 -0.770685E+00
-010 -100 -0.631221E+00
-010 -085 -0.463180E+00
-010 -070 -0.297317E+00
-010 -055 -0.160063E+00
-010 -040 -0.412533E-01
-010 -025 0.270343E-01
-010 -010 0.702312E-01
-010 000 0.896595E-01
-010 015 0.110288E+00
-010 030 0.986474E-01
-010 050 -0.431943E-02
-010 070 -0.162126E+00
-010 090 -0.394965E+00
-010 110 -0.657745E+00
-010 130 -0.798127E+00
-010 145 -0.790545E+00
-010 160 -0.687054E+00
-010 -200 -0.687054E+00
-010 170 -0.573034E+00
-010 -190 -0.573034E+00
-010 180 -0.441914E+00
-010 -180 -0.441914E+00
000 -165 -0.586723E+00
000 195 -0.586723E+00
000 -150 -0.714975E+00
000 210 -0.714975E+00
000 -115 -0.737376E+00
000 -100 -0.645417E+00
000 -085 -0.470737E+00
000 -070 -0.286060E+00
000 -055 -0.121084E+00
000 -040 -0.429620E-01
000 -025 0.201792E-01
000 -010 0.681794E-01
000 000 0.930277E-01
000 015 0.117357E+00
000 030 0.966958E-01
000 050 -0.917574E-02
000 070 -0.141994E+00
000 090 -0.379294E+00
000 110 -0.648010E+00
000 130 -0.808246E+00
000 145 -0.837603E+00
000 160 -0.773752E+00
000 -200 -0.773752E+00
000 170 -0.712122E+00
000 -190 -0.712122E+00
000 180 -0.565343E+00
000 -180 -0.565343E+00
015 -150 -0.511018E+00
015 210 -0.511018E+00
015 -130 -0.666687E+00
015 -115 -0.714063E+00
015 -100 -0.662136E+00
015 -085 -0.472258E+00
015 -070 -0.261014E+00
015 -055 -0.150909E+00
015 -040 -0.389474E-01
015 -025 0.493207E-01
015 -010 0.984517E-01
015 000 0.122113E+00
015 015 0.123777E+00
015 030 0.912597E-01
015 070 -0.150641E+00
015 090 -0.352146E+00
015 110 -0.601505E+00
015 130 -0.779713E+00
015 145 -0.846526E+00
015 160 -0.170562E+00
015 -200 -0.170562E+00
015 170 -0.113939E+00
015 -190 -0.113939E+00
015 180 -0.184706E+00
015 -180 -0.184706E+00
030 -150 -0.342880E+00
030 210 -0.342880E+00
030 -130 -0.544705E+00
030 -115 -0.628998E+00
030 -100 -0.597166E+00
030 -085 -0.364295E+00
030 -070 -0.185751E+00
030 -055 -0.385991E-01
030 -040 0.161844E-01
030 -025 0.107606E+00
030 -010 0.133132E+00
030 000 0.134432E+00
030 015 0.107302E+00
030 030 0.301865E-01
030 050 -0.491077E-01
030 070 -0.150679E+00
030 090 -0.323417E+00
030 110 -0.506191E+00
030 130 -0.611083E+00
030 145 0.687082E-01
030 160 0.660527E-01
030 -200 0.660527E-01
030 170 0.221072E-01
030 -190 0.221072E-01
030 180 -0.402436E-01
030 -180 -0.402436E-01
050 -165 -0.537844E-01
050 195 -0.537844E-01
050 -150 -0.151998E+00
050 210 -0.151998E+00
050 -130 -0.322641E+00
050 -115 -0.316492E+00
050 -100 -0.225331E+00
050 -085 -0.121479E+00
050 -070 -0.168550E-01
050 -055 0.629001E-01
050 -040 0.993829E-01
050 -025 0.316040E-01
050 -010 0.858856E-01
050 000 0.681089E-01
050 015 0.144254E-01
050 030 0.804069E-02
050 050 -0.455577E-01
050 070 -0.141680E+00
050 090 -0.791052E-01
050 110 0.381643E-01
050 130 0.668667E-01
050 145 0.768486E-01
050 160 0.830996E-01
050 -200 0.830996E-01
050 170 0.658041E-01
050 -190 0.658041E-01
050 180 0.343988E-01
050 -180 0.343988E-01
070 -165 0.392943E-01
070 195 0.392943E-01
070 -150 -0.634357E-02
070 210 -0.634357E-02
070 -130 -0.909244E-01
070 -115 -0.120399E+00
070 -100 -0.113513E+00
070 -085 -0.610283E-01
070 -070 0.116418E-01
070 -055 0.547899E-01
070 -040 0.709032E-01
070 -025 0.698806E-01
070 -010 0.613640E-01
070 000 0.540138E-01
070 015 0.726505E-01
070 030 0.418044E-01
070 050 -0.669295E-01
070 070 -0.102755E+00
070 090 -0.162828E-03
070 110 0.219493E-01
070 130 0.433432E-01
070 145 0.679062E-01
070 160 0.823026E-01
070 -200 0.823026E-01
070 170 0.780334E-01
070 -190 0.780334E-01
090 -165 0.169920E+00
090 195 0.169920E+00
090 -150 0.142430E+00
090 210 0.142430E+00
090 -130 0.962171E-01
090 -115 0.291242E-01
090 -100 -0.257352E-01
090 -085 -0.363978E-01
090 -070 0.158900E-01
090 -055 0.583044E-01
090 -040 0.630867E-01
090 -025 0.541016E-01
090 -010 0.740037E-01
090 000 0.721279E-01
090 015 0.518828E-01
090 030 -0.308261E-01
090 050 -0.986370E-01
090 070 -0.277281E-01
090 090 -0.130627E-01
090 110 -0.400234E-02
090 130 0.259146E-01
090 145 0.583174E-01
090 160 0.884370E-01
090 -200 0.884370E-01
090 170 0.109379E+00
090 -190 0.109379E+00
090 180 0.136168E+00
090 -180 0.136168E+00
110 -165 0.162445E+00
110 195 0.162445E+00
110 -150 0.165925E+00
110 210 0.165925E+00
110 -130 0.129246E+00
110 -115 0.784720E-01
110 -100 0.382494E-01
110 -085 0.167443E-01
110 -070 0.116367E-01
110 -055 0.904458E-02
110 -040 0.216982E-01
110 -025 0.465909E-01
110 -010 0.457630E-01
110 000 0.224480E-01
110 015 -0.543473E-01
110 030 -0.123182E+00
110 050 -0.104941E+00
110 070 -0.479067E-01
110 090 -0.530627E-01
110 110 -0.494356E-01
110 130 -0.166919E-01
110 145 0.252025E-01
110 160 0.755271E-01
110 -200 0.755271E-01
110 170 0.101877E+00
110 -190 0.101877E+00
110 180 0.130607E+00
110 -180 0.130607E+00
130 -165 0.156818E-01
130 195 0.156818E-01
130 -150 0.521864E-01
130 210 0.521864E-01
130 -130 0.667206E-01
130 -115 0.466686E-01
130 -100 0.159340E-01
130 -085 -0.484964E-02
130 -070 -0.237129E-01
130 -055 -0.878033E-02
130 -040 0.226777E-01
130 -010 -0.378150E-01
130 000 -0.911738E-01
130 015 -0.160990E+00
130 030 -0.185123E+00
130 050 0.165939E+00
130 070 -0.583962E-02
130 090 -0.995014E-01
130 110 -0.119820E+00
130 130 -0.679057E-01
130 145 -0.223099E-01
130 160 -0.220288E-01
130 -200 -0.220288E-01
130 170 -0.321577E-01
130 -190 -0.321577E-01
130 180 -0.256161E-01
130 -180 -0.256161E-01
150 -165 -0.282184E-01
-210 -165 -0.282184E-01
150 195 -0.282184E-01
150 -150 -0.156645E-02
-210 -150 -0.156645E-02
150 210 -0.156645E-02
150 -130 0.869816E-02
-210 -130 0.869816E-02
150 -115 -0.329890E-02
-210 -115 -0.329890E-02
150 -100 -0.289056E-01
-210 -100 -0.289056E-01
150 -085 -0.464964E-01
-210 -085 -0.464964E-01
150 -070 -0.466540E-01
-210 -070 -0.466540E-01
150 -055 -0.181757E-01
-210 -055 -0.181757E-01
150 -040 -0.184049E-01
-210 -040 -0.184049E-01
150 -025 -0.627202E-01
-210 -025 -0.627202E-01
150 -010 -0.107980E+00
-210 -010 -0.107980E+00
150 000 -0.131881E+00
-210 000 -0.131881E+00
150 015 0.410028E+00
-210 015 0.410028E+00
150 030 0.295906E+00
-210 030 0.295906E+00
150 050 0.121382E+00
-210 050 0.121382E+00
150 070 -0.260084E-01
-210 070 -0.260084E-01
150 090 -0.122160E+00
-210 090 -0.122160E+00
150 110 -0.620372E-01
-210 110 -0.620372E-01
150 130 -0.643721E-03
-210 130 -0.643721E-03
150 145 0.185698E-01
-210 145 0.185698E-01
150 160 0.118226E-01
-210 160 0.118226E-01
150 -200 0.118226E-01
-210 -200 0.118226E-01
150 170 -0.770394E-02
-210 170 -0.770394E-02
150 -190 -0.770394E-02
-210 -190 -0.770394E-02
150 180 -0.258654E-01
-210 180 -0.258654E-01
150 -180 -0.258654E-01
-210 -180 -0.258654E-01
165 -165 -0.118470E-02
-195 -165 -0.118470E-02
165 195 -0.118470E-02
165 -150 -0.605086E-02
-195 -150 -0.605086E-02
165 210 -0.605086E-02
165 -130 -0.169117E-01
-195 -130 -0.169117E-01
165 -115 -0.348245E-01
-195 -115 -0.348245E-01
165 -100 -0.564668E-01
-195 -100 -0.564668E-01
165 -085 -0.769554E-01
-195 -085 -0.769554E-01
165 -070 -0.670487E-01
-195 -070 -0.670487E-01
165 -055 -0.453067E-01
-195 -055 -0.453067E-01
165 -040 -0.450137E-01
-195 -040 -0.450137E-01
165 -025 -0.685802E-01
-195 -025 -0.685802E-01
165 -010 0.190186E+00
-195 -010 0.190186E+00
165 000 0.223429E+00
-195 000 0.223429E+00
165 015 0.158558E+00
-195 015 0.158558E+00
165 030 0.721714E-01
-195 030 0.721714E-01
165 050 0.566485E-02
-195 050 0.566485E-02
165 070 -0.722847E-01
-195 070 -0.722847E-01
165 090 -0.526293E-01
-195 090 -0.526293E-01
165 110 0.450830E-02
-195 110 0.450830E-02
165 130 0.554631E-01
-195 130 0.554631E-01
165 145 0.781486E-01
-195 145 0.781486E-01
165 160 0.760656E-01
-195 160 0.760656E-01
165 -200 0.760656E-01
-195 -200 0.760656E-01
165 170 0.551183E-01
-195 170 0.551183E-01
165 -190 0.551183E-01
-195 -190 0.551183E-01
165 180 0.269997E-01
-195 180 0.269997E-01
165 -180 0.269997E-01
-195 -180 0.269997E-01
180 -165 0.254511E-01
-180 -165 0.254511E-01
180 195 0.254511E-01
180 -150 -0.392478E-03
-180 -150 -0.392478E-03
180 210 -0.392478E-03
180 -130 -0.311744E-01
-180 -130 -0.311744E-01
180 -115 -0.580708E-01
-180 -115 -0.580708E-01
180 -100 -0.829295E-01
-180 -100 -0.829295E-01
180 -085 -0.113399E+00
-180 -085 -0.113399E+00
180 -070 -0.874763E-01
-180 -070 -0.874763E-01
180 -055 -0.500647E-01
-180 -055 -0.500647E-01
180 -040 -0.465591E-01
-180 -040 -0.465591E-01
180 -025 -0.435485E-01
-180 -025 -0.435485E-01
180 -010 0.302508E-01
-180 -010 0.302508E-01
180 000 0.108615E-01
-180 000 0.108615E-01
180 015 -0.245952E-01
-180 015 -0.245952E-01
180 030 -0.280751E-01
-180 030 -0.280751E-01
180 070 -0.371983E-01
-180 070 -0.371983E-01
180 090 -0.715614E-02
-180 090 -0.715614E-02
180 110 0.426655E-01
-180 110 0.426655E-01
180 130 0.941365E-01
-180 130 0.941365E-01
180 145 0.121580E+00
-180 145 0.121580E+00
180 160 0.122270E+00
-180 160 0.122270E+00
180 -200 0.122270E+00
-180 -200 0.122270E+00
180 170 0.103704E+00
-180 170 0.103704E+00
180 -190 0.103704E+00
-180 -190 0.103704E+00
180 180 0.705979E-01
-180 180 0.705979E-01
180 -180 0.705979E-01
-180 -180 0.705979E-01
