PHI PSI J_6_12
-165 -165 0.586162E+01
195 -165 0.586162E+01
-165 195 0.586162E+01
195 195 0.586162E+01
-165 -150 0.495806E+01
195 -150 0.495806E+01
-165 210 0.495806E+01
195 210 0.495806E+01
-165 -130 0.405560E+01
195 -130 0.405560E+01
-165 -115 0.377768E+01
195 -115 0.377768E+01
-165 -100 0.432371E+01
195 -100 0.432371E+01
-165 -085 0.560894E+01
195 -085 0.560894E+01
-165 -070 0.557661E+01
195 -070 0.557661E+01
-165 -055 0.519057E+01
195 -055 0.519057E+01
-165 -040 0.402194E+01
195 -040 0.402194E+01
-165 -025 0.278693E+01
195 -025 0.278693E+01
-165 -010 0.190381E+01
195 -010 0.190381E+01
-165 000 0.229237E+01
195 000 0.229237E+01
-165 015 0.312330E+01
195 015 0.312330E+01
-165 030 0.389906E+01
195 030 0.389906E+01
-165 050 0.447687E+01
195 050 0.447687E+01
-165 070 0.448522E+01
195 070 0.448522E+01
-165 090 0.460061E+01
195 090 0.460061E+01
-165 110 0.520790E+01
195 110 0.520790E+01
-165 130 0.598900E+01
195 130 0.598900E+01
-165 145 0.660321E+01
195 145 0.660321E+01
-165 160 0.691826E+01
195 160 0.691826E+01
-165 -200 0.691826E+01
-165 170 0.688579E+01
195 170 0.688579E+01
-165 -190 0.688579E+01
-165 180 0.671057E+01
195 180 0.671057E+01
-165 -180 0.671057E+01
-150 -165 0.439749E+01
210 -165 0.439749E+01
-150 195 0.439749E+01
210 195 0.439749E+01
-150 -150 0.345571E+01
210 -150 0.345571E+01
-150 210 0.345571E+01
210 210 0.345571E+01
-150 -130 0.300753E+01
210 -130 0.300753E+01
-150 -115 0.368045E+01
210 -115 0.368045E+01
-150 -100 0.574857E+01
210 -100 0.574857E+01
-150 -085 0.579738E+01
210 -085 0.579738E+01
-150 -070 0.570489E+01
210 -070 0.570489E+01
-150 -055 0.508522E+01
210 -055 0.508522E+01
-150 -040 0.373498E+01
210 -040 0.373498E+01
-150 -025 0.208706E+01
210 -025 0.208706E+01
-150 -010 0.286888E+01
210 -010 0.286888E+01
-150 000 0.333876E+01
210 000 0.333876E+01
-150 015 0.392740E+01
210 015 0.392740E+01
-150 030 0.446765E+01
210 030 0.446765E+01
-150 050 0.503110E+01
210 050 0.503110E+01
-150 070 0.514870E+01
210 070 0.514870E+01
-150 090 0.540256E+01
210 090 0.540256E+01
-150 110 0.602845E+01
210 110 0.602845E+01
-150 130 0.655606E+01
210 130 0.655606E+01
-150 145 0.677934E+01
210 145 0.677934E+01
-150 160 0.651077E+01
210 160 0.651077E+01
-150 -200 0.651077E+01
-150 170 0.606263E+01
210 170 0.606263E+01
-150 -190 0.606263E+01
-125 -165 0.250316E+01
-125 195 0.250316E+01
-125 -150 0.253316E+01
-125 210 0.253316E+01
-125 -130 0.418746E+01
-125 -115 0.533525E+01
-125 -100 0.570525E+01
-125 -085 0.575364E+01
-125 -070 0.554300E+01
-125 -055 0.495425E+01
-125 -040 0.393105E+01
-125 -025 0.404271E+01
-125 -010 0.434807E+01
-125 000 0.462897E+01
-125 015 0.499879E+01
-125 030 0.538718E+01
-125 050 0.571240E+01
-125 070 0.579354E+01
-125 090 0.610666E+01
-125 110 0.623995E+01
-125 130 0.600121E+01
-125 145 0.578215E+01
-125 160 0.453442E+01
-125 -200 0.453442E+01
-125 170 0.390405E+01
-125 -190 0.390405E+01
-100 -165 0.269463E+01
-100 195 0.269463E+01
-100 -150 0.339970E+01
-100 210 0.339970E+01
-100 -130 0.433954E+01
-100 -115 0.476361E+01
-100 -100 0.486356E+01
-100 -085 0.522859E+01
-100 -070 0.539990E+01
-100 -055 0.526978E+01
-100 -040 0.501634E+01
-100 -025 0.516193E+01
-100 -010 0.518757E+01
-100 000 0.538468E+01
-100 015 0.570495E+01
-100 030 0.578497E+01
-100 050 0.581263E+01
-100 070 0.592725E+01
-100 090 0.607847E+01
-100 110 0.550894E+01
-100 130 0.478076E+01
-100 145 0.373315E+01
-100 160 0.296754E+01
-100 -200 0.296754E+01
-100 170 0.255054E+01
-100 -190 0.255054E+01
-085 -165 0.271733E+01
-085 195 0.271733E+01
-085 -150 0.290270E+01
-085 210 0.290270E+01
-085 -130 0.337198E+01
-085 -115 0.359564E+01
-085 -100 0.413330E+01
-085 -085 0.462647E+01
-085 -070 0.531522E+01
-085 -055 0.554019E+01
-085 -040 0.537262E+01
-085 -025 0.528468E+01
-085 -010 0.557388E+01
-085 000 0.573360E+01
-085 015 0.568447E+01
-085 030 0.549862E+01
-085 050 0.566352E+01
-085 070 0.584399E+01
-085 090 0.575392E+01
-085 110 0.516748E+01
-085 130 0.416824E+01
-085 145 0.328148E+01
-085 160 0.278273E+01
-085 -200 0.278273E+01
-085 170 0.261888E+01
-085 -190 0.261888E+01
-085 180 0.262690E+01
-085 -180 0.262690E+01
-070 -165 0.205855E+01
-070 195 0.205855E+01
-070 -150 0.199438E+01
-070 210 0.199438E+01
-070 -130 0.213255E+01
-070 -115 0.242031E+01
-070 -100 0.322510E+01
-070 -085 0.408029E+01
-070 -070 0.535923E+01
-070 -055 0.563319E+01
-070 -040 0.534860E+01
-070 -025 0.564685E+01
-070 -010 0.567224E+01
-070 000 0.549284E+01
-070 015 0.503843E+01
-070 030 0.484921E+01
-070 050 0.486963E+01
-070 070 0.496359E+01
-070 090 0.484634E+01
-070 110 0.457294E+01
-070 130 0.386438E+01
-070 145 0.339069E+01
-070 160 0.289961E+01
-070 -200 0.289961E+01
-070 170 0.252909E+01
-070 -190 0.252909E+01
-055 -165 0.962053E+00
-055 195 0.962053E+00
-055 -150 0.814568E+00
-055 210 0.814568E+00
-055 -130 0.925271E+00
-055 -115 0.173970E+01
-055 -100 0.275920E+01
-055 -085 0.416442E+01
-055 -070 0.544464E+01
-055 -055 0.550107E+01
-055 -040 0.564311E+01
-055 -025 0.552714E+01
-055 -010 0.489626E+01
-055 000 0.444531E+01
-055 015 0.396731E+01
-055 030 0.391913E+01
-055 050 0.371296E+01
-055 070 0.379969E+01
-055 090 0.378913E+01
-055 110 0.399955E+01
-055 130 0.366269E+01
-055 145 0.329452E+01
-055 160 0.257269E+01
-055 -200 0.257269E+01
-055 170 0.195153E+01
-055 -190 0.195153E+01
-055 180 0.129572E+01
-055 -180 0.129572E+01
-040 -165 -0.621888E-01
-040 195 -0.621888E-01
-040 -150 -0.218643E+00
-040 210 -0.218643E+00
-040 -130 0.219722E+00
-040 -115 0.170237E+01
-040 -100 0.373375E+01
-040 -085 0.490217E+01
-040 -070 0.517487E+01
-040 -055 0.539428E+01
-040 -040 0.509602E+01
-040 -025 0.434275E+01
-040 -010 0.354499E+01
-040 000 0.331886E+01
-040 015 0.339143E+01
-040 030 0.311474E+01
-040 050 0.290526E+01
-040 070 0.282782E+01
-040 090 0.309326E+01
-040 110 0.389078E+01
-040 130 0.424409E+01
-040 145 0.262666E+01
-040 160 0.176944E+01
-040 -200 0.176944E+01
-040 170 0.103889E+01
-040 -190 0.103889E+01
-040 180 0.474166E+00
-040 -180 0.474166E+00
-025 -165 -0.899392E+00
-025 195 -0.899392E+00
-025 -150 -0.876106E+00
-025 210 -0.876106E+00
-025 -130 0.206052E+01
-025 -115 0.197907E+01
-025 -100 0.326814E+01
-025 -085 0.439424E+01
-025 -070 0.501894E+01
-025 -055 0.472140E+01
-025 -040 0.388647E+01
-025 -025 0.419811E+01
-025 -010 0.364189E+01
-025 000 0.314236E+01
-025 015 0.299722E+01
-025 030 0.288959E+01
-025 050 0.274638E+01
-025 070 0.286040E+01
-025 090 0.412711E+01
-025 110 0.416617E+01
-025 130 0.315090E+01
-025 145 0.185804E+01
-025 160 0.768861E+00
-025 -200 0.768861E+00
-025 170 0.228302E+00
-025 -190 0.228302E+00
-025 180 -0.220746E+00
-025 -180 -0.220746E+00
-010 -150 0.604761E+00
-010 210 0.604761E+00
-010 -130 0.133516E+01
-010 -115 0.231729E+01
-010 -100 0.333385E+01
-010 -085 0.456286E+01
-010 -070 0.442134E+01
-010 -055 0.347107E+01
-010 -040 0.285761E+01
-010 -025 0.315687E+01
-010 -010 0.284323E+01
-010 000 0.271823E+01
-010 015 0.265180E+01
-010 030 0.270704E+01
-010 050 0.296366E+01
-010 070 0.391660E+01
-010 090 0.450831E+01
-010 110 0.361155E+01
-010 130 0.221512E+01
-010 145 0.129367E+01
-010 160 0.338463E+00
-010 -200 0.338463E+00
-010 170 -0.609254E-01
-010 -190 -0.609254E-01
-010 180 -0.483145E+00
-010 -180 -0.483145E+00
000 -165 0.266126E+00
000 195 0.266126E+00
000 -150 0.654954E+00
000 210 0.654954E+00
000 -115 0.247606E+01
000 -100 0.389085E+01
000 -085 0.458253E+01
000 -070 0.389267E+01
000 -055 0.301506E+01
000 -040 0.327157E+01
000 -025 0.288974E+01
000 -010 0.268417E+01
000 000 0.259669E+01
000 015 0.258142E+01
000 030 0.273969E+01
000 050 0.339827E+01
000 070 0.415915E+01
000 090 0.447822E+01
000 110 0.306191E+01
000 130 0.173241E+01
000 145 0.975605E+00
000 160 0.248675E+00
000 -200 0.248675E+00
000 170 0.182789E+00
000 -190 0.182789E+00
000 180 0.104720E+01
000 -180 0.104720E+01
015 -150 0.737669E+00
015 210 0.737669E+00
015 -130 0.218216E+01
015 -115 0.346860E+01
015 -100 0.448976E+01
015 -085 0.433948E+01
015 -070 0.348911E+01
015 -055 0.329062E+01
015 -040 0.300411E+01
015 -025 0.278939E+01
015 -010 0.272964E+01
015 000 0.272607E+01
015 015 0.288620E+01
015 030 0.322703E+01
015 070 0.467106E+01
015 090 0.402260E+01
015 110 0.235680E+01
015 130 0.141184E+01
015 145 0.104514E+01
015 160 0.823459E+00
015 -200 0.823459E+00
015 170 -0.430747E+00
015 -190 -0.430747E+00
015 180 -0.552384E+00
015 -180 -0.552384E+00
030 -150 0.142915E+01
030 210 0.142915E+01
030 -130 0.312083E+01
030 -115 0.412385E+01
030 -100 0.452379E+01
030 -085 0.349335E+01
030 -070 0.303575E+01
030 -055 0.288272E+01
030 -040 0.297298E+01
030 -025 0.297220E+01
030 -010 0.310317E+01
030 000 0.320301E+01
030 015 0.353701E+01
030 030 0.405476E+01
030 050 0.497086E+01
030 070 0.488899E+01
030 090 0.376317E+01
030 110 0.250807E+01
030 130 0.312087E+01
030 145 0.627164E-01
030 160 -0.843375E+00
030 -200 -0.843375E+00
030 170 -0.137255E+01
030 -190 -0.137255E+01
030 180 -0.513330E+00
030 -180 -0.513330E+00
050 -165 0.157084E+01
050 195 0.157084E+01
050 -150 0.250172E+01
050 210 0.250172E+01
050 -130 0.395354E+01
050 -115 0.402358E+01
050 -100 0.370529E+01
050 -085 0.362447E+01
050 -070 0.354505E+01
050 -055 0.338235E+01
050 -040 0.317548E+01
050 -025 0.138031E+01
050 -010 0.401431E+01
050 000 0.427920E+01
050 015 0.477162E+01
050 030 0.536869E+01
050 050 0.523176E+01
050 070 0.474706E+01
050 090 0.488128E+01
050 110 0.265990E+01
050 130 0.111719E+01
050 145 0.424451E+00
050 160 0.389927E+00
050 -200 0.389927E+00
050 170 0.609821E+00
050 -190 0.609821E+00
050 180 0.115162E+01
050 -180 0.115162E+01
070 -165 0.298901E+01
070 195 0.298901E+01
070 -150 0.355905E+01
070 210 0.355905E+01
070 -130 0.447319E+01
070 -115 0.484188E+01
070 -100 0.509031E+01
070 -085 0.521031E+01
070 -070 0.507243E+01
070 -055 0.486919E+01
070 -040 0.481678E+01
070 -025 0.481762E+01
070 -010 0.494533E+01
070 000 0.516632E+01
070 015 0.510005E+01
070 030 0.462159E+01
070 050 0.427663E+01
070 070 0.477149E+01
070 090 0.467492E+01
070 110 0.362445E+01
070 130 0.276697E+01
070 145 0.246525E+01
070 160 0.238099E+01
070 -200 0.238099E+01
070 170 0.249960E+01
070 -190 0.249960E+01
090 -165 0.283686E+01
090 195 0.283686E+01
090 -150 0.374079E+01
090 210 0.374079E+01
090 -130 0.428923E+01
090 -115 0.502378E+01
090 -100 0.555435E+01
090 -085 0.559199E+01
090 -070 0.527486E+01
090 -055 0.492364E+01
090 -040 0.474981E+01
090 -025 0.478259E+01
090 -010 0.472520E+01
090 000 0.456384E+01
090 015 0.395044E+01
090 030 0.368734E+01
090 050 0.357679E+01
090 070 0.494154E+01
090 090 0.482481E+01
090 110 0.446591E+01
090 130 0.419023E+01
090 145 0.383070E+01
090 160 0.336262E+01
090 -200 0.336262E+01
090 170 0.320963E+01
090 -190 0.320963E+01
090 180 0.292465E+01
090 -180 0.292465E+01
110 -165 0.289099E+01
110 195 0.289099E+01
110 -150 0.362410E+01
110 210 0.362410E+01
110 -130 0.460680E+01
110 -115 0.491060E+01
110 -100 0.514958E+01
110 -085 0.514039E+01
110 -070 0.485938E+01
110 -055 0.464121E+01
110 -040 0.453274E+01
110 -025 0.435529E+01
110 -010 0.398910E+01
110 000 0.363785E+01
110 015 0.323043E+01
110 030 0.288211E+01
110 050 0.325746E+01
110 070 0.452082E+01
110 090 0.460217E+01
110 110 0.445156E+01
110 130 0.405414E+01
110 145 0.348648E+01
110 160 0.269257E+01
110 -200 0.269257E+01
110 170 0.205739E+01
110 -190 0.205739E+01
110 180 0.216994E+01
110 -180 0.216994E+01
130 -165 0.341414E+01
130 195 0.341414E+01
130 -150 0.429523E+01
130 210 0.429523E+01
130 -130 0.502449E+01
130 -115 0.513728E+01
130 -100 0.499106E+01
130 -085 0.474081E+01
130 -070 0.452586E+01
130 -055 0.434426E+01
130 -040 0.423213E+01
130 -010 0.339048E+01
130 000 0.308451E+01
130 015 0.253652E+01
130 030 0.209520E+01
130 050 0.347141E+01
130 070 0.436236E+01
130 090 0.447358E+01
130 110 0.470140E+01
130 130 0.275665E+01
130 145 0.915009E+00
130 160 0.119585E+01
130 -200 0.119585E+01
130 170 0.153253E+01
130 -190 0.153253E+01
130 180 0.221157E+01
130 -180 0.221157E+01
150 -165 0.500599E+01
-210 -165 0.500599E+01
150 195 0.500599E+01
150 -150 0.546629E+01
-210 -150 0.546629E+01
150 210 0.546629E+01
150 -130 0.555912E+01
-210 -130 0.555912E+01
150 -115 0.529326E+01
-210 -115 0.529326E+01
150 -100 0.494308E+01
-210 -100 0.494308E+01
150 -085 0.462089E+01
-210 -085 0.462089E+01
150 -070 0.452210E+01
-210 -070 0.452210E+01
150 -055 0.441945E+01
-210 -055 0.441945E+01
150 -040 0.421510E+01
-210 -040 0.421510E+01
150 -025 0.380104E+01
-210 -025 0.380104E+01
150 -010 0.310212E+01
-210 -010 0.310212E+01
150 000 0.264699E+01
-210 000 0.264699E+01
150 015 0.307502E+00
-210 015 0.307502E+00
150 030 0.154760E+01
-210 030 0.154760E+01
150 050 0.350961E+01
-210 050 0.350961E+01
150 070 0.459114E+01
-210 070 0.459114E+01
150 090 0.440294E+01
-210 090 0.440294E+01
150 110 0.238649E+01
-210 110 0.238649E+01
150 130 0.172532E+01
-210 130 0.172532E+01
150 145 0.200918E+01
-210 145 0.200918E+01
150 160 0.280179E+01
-210 160 0.280179E+01
150 -200 0.280179E+01
-210 -200 0.280179E+01
150 170 0.349028E+01
-210 170 0.349028E+01
150 -190 0.349028E+01
-210 -190 0.349028E+01
150 180 0.420264E+01
-210 180 0.420264E+01
150 -180 0.420264E+01
-210 -180 0.420264E+01
165 -165 0.611081E+01
-195 -165 0.611081E+01
165 195 0.611081E+01
165 -150 0.607290E+01
-195 -150 0.607290E+01
165 210 0.607290E+01
165 -130 0.561885E+01
-195 -130 0.561885E+01
165 -115 0.511503E+01
-195 -115 0.511503E+01
165 -100 0.472902E+01
-195 -100 0.472902E+01
165 -085 0.470718E+01
-195 -085 0.470718E+01
165 -070 0.479889E+01
-195 -070 0.479889E+01
165 -055 0.480138E+01
-195 -055 0.480138E+01
165 -040 0.444548E+01
-195 -040 0.444548E+01
165 -025 0.373331E+01
-195 -025 0.373331E+01
165 -010 0.389316E-01
-195 -010 0.389316E-01
165 000 0.217517E+00
-195 000 0.217517E+00
165 015 0.114456E+01
-195 015 0.114456E+01
165 030 0.226010E+01
-195 030 0.226010E+01
165 050 0.373885E+01
-195 050 0.373885E+01
165 070 0.416450E+01
-195 070 0.416450E+01
165 090 0.295839E+01
-195 090 0.295839E+01
165 110 0.256682E+01
-195 110 0.256682E+01
165 130 0.295654E+01
-195 130 0.295654E+01
165 145 0.373976E+01
-195 145 0.373976E+01
165 160 0.463664E+01
-195 160 0.463664E+01
165 -200 0.463664E+01
-195 -200 0.463664E+01
165 170 0.523038E+01
-195 170 0.523038E+01
165 -190 0.523038E+01
-195 -190 0.523038E+01
165 180 0.574670E+01
-195 180 0.574670E+01
165 -180 0.574670E+01
-195 -180 0.574670E+01
180 -165 0.652355E+01
-180 -165 0.652355E+01
180 195 0.652355E+01
180 -150 0.594748E+01
-180 -150 0.594748E+01
180 210 0.594748E+01
180 -130 0.504096E+01
-180 -130 0.504096E+01
180 -115 0.456595E+01
-180 -115 0.456595E+01
180 -100 0.437300E+01
-180 -100 0.437300E+01
180 -085 0.520054E+01
-180 -085 0.520054E+01
180 -070 0.529114E+01
-180 -070 0.529114E+01
180 -055 0.508578E+01
-180 -055 0.508578E+01
180 -040 0.440514E+01
-180 -040 0.440514E+01
180 -025 0.343497E+01
-180 -025 0.343497E+01
180 -010 0.855078E+00
-180 -010 0.855078E+00
180 000 0.124109E+01
-180 000 0.124109E+01
180 015 0.211453E+01
-180 015 0.211453E+01
180 030 0.308342E+01
-180 030 0.308342E+01
180 070 0.387110E+01
-180 070 0.387110E+01
180 090 0.360569E+01
-180 090 0.360569E+01
180 110 0.376183E+01
-180 110 0.376183E+01
180 130 0.458647E+01
-180 130 0.458647E+01
180 145 0.541887E+01
-180 145 0.541887E+01
180 160 0.621591E+01
-180 160 0.621591E+01
180 -200 0.621591E+01
-180 -200 0.621591E+01
180 170 0.658126E+01
-180 170 0.658126E+01
180 -190 0.658126E+01
-180 -190 0.658126E+01
180 180 0.673308E+01
-180 180 0.673308E+01
180 -180 0.673308E+01
-180 -180 0.673308E+01
