PHI PSI J_12_22
-165 -165 -0.439480E+00
195 -165 -0.439480E+00
-165 195 -0.439480E+00
195 195 -0.439480E+00
-165 -150 -0.382631E+00
195 -150 -0.382631E+00
-165 210 -0.382631E+00
195 210 -0.382631E+00
-165 -130 -0.253434E+00
195 -130 -0.253434E+00
-165 -115 -0.116707E+00
195 -115 -0.116707E+00
-165 -100 0.100008E+00
195 -100 0.100008E+00
-165 -085 0.580497E+00
195 -085 0.580497E+00
-165 -070 0.904866E+00
195 -070 0.904866E+00
-165 -055 0.103929E+01
195 -055 0.103929E+01
-165 -040 0.107262E+01
195 -040 0.107262E+01
-165 -025 0.118811E+01
195 -025 0.118811E+01
-165 -010 0.117660E+01
195 -010 0.117660E+01
-165 000 0.109509E+01
195 000 0.109509E+01
-165 015 0.103798E+01
195 015 0.103798E+01
-165 030 0.984673E+00
195 030 0.984673E+00
-165 050 0.703663E+00
195 050 0.703663E+00
-165 070 0.206360E+00
195 070 0.206360E+00
-165 090 -0.104149E+00
195 090 -0.104149E+00
-165 110 -0.263638E+00
195 110 -0.263638E+00
-165 130 -0.348432E+00
195 130 -0.348432E+00
-165 145 -0.390032E+00
195 145 -0.390032E+00
-165 160 -0.426878E+00
195 160 -0.426878E+00
-165 -200 -0.426878E+00
-165 170 -0.445394E+00
195 170 -0.445394E+00
-165 -190 -0.445394E+00
-165 180 -0.459978E+00
195 180 -0.459978E+00
-165 -180 -0.459978E+00
-150 -165 -0.424264E+00
210 -165 -0.424264E+00
-150 195 -0.424264E+00
210 195 -0.424264E+00
-150 -150 -0.354471E+00
210 -150 -0.354471E+00
-150 210 -0.354471E+00
210 210 -0.354471E+00
-150 -130 -0.188800E+00
210 -130 -0.188800E+00
-150 -115 -0.680088E-02
210 -115 -0.680088E-02
-150 -100 0.372372E+00
210 -100 0.372372E+00
-150 -085 0.685219E+00
210 -085 0.685219E+00
-150 -070 0.975359E+00
210 -070 0.975359E+00
-150 -055 0.110071E+01
210 -055 0.110071E+01
-150 -040 0.118787E+01
210 -040 0.118787E+01
-150 -025 0.138401E+01
210 -025 0.138401E+01
-150 -010 0.110968E+01
210 -010 0.110968E+01
-150 000 0.105482E+01
210 000 0.105482E+01
-150 015 0.100370E+01
210 015 0.100370E+01
-150 030 0.887629E+00
210 030 0.887629E+00
-150 050 0.539573E+00
210 050 0.539573E+00
-150 070 0.859709E-01
210 070 0.859709E-01
-150 090 -0.172828E+00
210 090 -0.172828E+00
-150 110 -0.292927E+00
210 110 -0.292927E+00
-150 130 -0.357554E+00
210 130 -0.357554E+00
-150 145 -0.394033E+00
210 145 -0.394033E+00
-150 160 -0.427194E+00
210 160 -0.427194E+00
-150 -200 -0.427194E+00
-150 170 -0.444066E+00
210 170 -0.444066E+00
-150 -190 -0.444066E+00
-125 -165 -0.355529E+00
-125 195 -0.355529E+00
-125 -150 -0.237774E+00
-125 210 -0.237774E+00
-125 -130 0.180834E-01
-125 -115 0.225495E+00
-125 -100 0.487828E+00
-125 -085 0.751524E+00
-125 -070 0.108440E+01
-125 -055 0.136381E+01
-125 -040 0.121411E+01
-125 -025 0.110257E+01
-125 -010 0.102933E+01
-125 000 0.972644E+00
-125 015 0.853305E+00
-125 030 0.657008E+00
-125 050 0.264471E+00
-125 070 -0.982664E-01
-125 090 -0.265516E+00
-125 110 -0.331906E+00
-125 130 -0.374407E+00
-125 145 -0.399576E+00
-125 160 -0.424639E+00
-125 -200 -0.424639E+00
-125 170 -0.431370E+00
-125 -190 -0.431370E+00
-100 -165 -0.274184E+00
-100 195 -0.274184E+00
-100 -150 -0.120819E+00
-100 210 -0.120819E+00
-100 -130 0.903765E-01
-100 -115 0.279615E+00
-100 -100 0.534090E+00
-100 -085 0.816914E+00
-100 -070 0.113897E+01
-100 -055 0.115946E+01
-100 -040 0.106567E+01
-100 -025 0.984709E+00
-100 -010 0.852856E+00
-100 000 0.773544E+00
-100 015 0.624652E+00
-100 030 0.397625E+00
-100 050 -0.760875E-01
-100 070 -0.295947E+00
-100 090 -0.361174E+00
-100 110 -0.379522E+00
-100 130 -0.395853E+00
-100 145 -0.408698E+00
-100 160 -0.408470E+00
-100 -200 -0.408470E+00
-100 170 -0.394541E+00
-100 -190 -0.394541E+00
-085 -165 -0.263829E+00
-085 195 -0.263829E+00
-085 -150 -0.124024E+00
-085 210 -0.124024E+00
-085 -130 0.987494E-01
-085 -115 0.292940E+00
-085 -100 0.535336E+00
-085 -085 0.829220E+00
-085 -070 0.109042E+01
-085 -055 0.101529E+01
-085 -040 0.923566E+00
-085 -025 0.793105E+00
-085 -010 0.707149E+00
-085 000 0.633541E+00
-085 015 0.451987E+00
-085 030 0.122719E+00
-085 050 -0.244086E+00
-085 070 -0.360979E+00
-085 090 -0.402405E+00
-085 110 -0.420855E+00
-085 130 -0.414593E+00
-085 145 -0.408917E+00
-085 160 -0.395468E+00
-085 -200 -0.395468E+00
-085 170 -0.376220E+00
-085 -190 -0.376220E+00
-085 180 -0.343458E+00
-085 -180 -0.343458E+00
-070 -165 -0.265880E+00
-070 195 -0.265880E+00
-070 -150 -0.131440E+00
-070 210 -0.131440E+00
-070 -130 0.998558E-01
-070 -115 0.307379E+00
-070 -100 0.552816E+00
-070 -085 0.807575E+00
-070 -070 0.929028E+00
-070 -055 0.815011E+00
-070 -040 0.674230E+00
-070 -025 0.653631E+00
-070 -010 0.590213E+00
-070 000 0.491832E+00
-070 015 0.199051E+00
-070 030 -0.105187E+00
-070 050 -0.299261E+00
-070 070 -0.382498E+00
-070 090 -0.428743E+00
-070 110 -0.453955E+00
-070 130 -0.426881E+00
-070 145 -0.404972E+00
-070 160 -0.385400E+00
-070 -200 -0.385400E+00
-070 170 -0.369390E+00
-070 -190 -0.369390E+00
-055 -165 -0.260716E+00
-055 195 -0.260716E+00
-055 -150 -0.128478E+00
-055 210 -0.128478E+00
-055 -130 0.117236E+00
-055 -115 0.324419E+00
-055 -100 0.526368E+00
-055 -085 0.686886E+00
-055 -070 0.624490E+00
-055 -055 0.549186E+00
-055 -040 0.557623E+00
-055 -025 0.527411E+00
-055 -010 0.427458E+00
-055 000 0.243175E+00
-055 015 -0.679362E-01
-055 030 -0.259761E+00
-055 050 -0.348505E+00
-055 070 -0.405196E+00
-055 090 -0.452286E+00
-055 110 -0.467059E+00
-055 130 -0.420193E+00
-055 145 -0.388763E+00
-055 160 -0.370045E+00
-055 -200 -0.370045E+00
-055 170 -0.356921E+00
-055 -190 -0.356921E+00
-055 180 -0.329696E+00
-055 -180 -0.329696E+00
-040 -165 -0.246561E+00
-040 195 -0.246561E+00
-040 -150 -0.113990E+00
-040 210 -0.113990E+00
-040 -130 0.127432E+00
-040 -115 0.280608E+00
-040 -100 0.337414E+00
-040 -085 0.196232E+00
-040 -070 0.293775E+00
-040 -055 0.438944E+00
-040 -040 0.465132E+00
-040 -025 0.379388E+00
-040 -010 0.141056E+00
-040 000 -0.778703E-01
-040 015 -0.292435E+00
-040 030 -0.340995E+00
-040 050 -0.378467E+00
-040 070 -0.415671E+00
-040 090 -0.463045E+00
-040 110 -0.436199E+00
-040 130 -0.380534E+00
-040 145 -0.357485E+00
-040 160 -0.341402E+00
-040 -200 -0.341402E+00
-040 170 -0.329845E+00
-040 -190 -0.329845E+00
-040 180 -0.310215E+00
-040 -180 -0.310215E+00
-025 -165 -0.217368E+00
-025 195 -0.217368E+00
-025 -150 -0.987158E-01
-025 210 -0.987158E-01
-025 -130 -0.199504E+00
-025 -115 -0.212183E+00
-025 -100 -0.156622E+00
-025 -085 -0.415998E-01
-025 -070 0.138810E+00
-025 -055 0.295679E+00
-025 -040 0.285860E+00
-025 -025 0.696089E-01
-025 -010 -0.282395E+00
-025 000 -0.338370E+00
-025 015 -0.371204E+00
-025 030 -0.378623E+00
-025 050 -0.382177E+00
-025 070 -0.404348E+00
-025 090 -0.381371E+00
-025 110 -0.360904E+00
-025 130 -0.338697E+00
-025 145 -0.319044E+00
-025 160 -0.299409E+00
-025 -200 -0.299409E+00
-025 170 -0.286332E+00
-025 -190 -0.286332E+00
-025 180 -0.266973E+00
-025 -180 -0.266973E+00
-010 -150 -0.218453E+00
-010 210 -0.218453E+00
-010 -130 -0.258478E+00
-010 -115 -0.271503E+00
-010 -100 -0.252936E+00
-010 -085 -0.134066E+00
-010 -070 0.766737E-01
-010 -055 0.163829E+00
-010 -040 -0.809145E-02
-010 -025 -0.338603E+00
-010 -010 -0.377794E+00
-010 000 -0.386963E+00
-010 015 -0.387399E+00
-010 030 -0.377132E+00
-010 050 -0.359460E+00
-010 070 -0.214095E+00
-010 090 -0.244215E+00
-010 110 -0.309657E+00
-010 130 -0.295092E+00
-010 145 -0.268677E+00
-010 160 -0.246491E+00
-010 -200 -0.246491E+00
-010 170 -0.231663E+00
-010 -190 -0.231663E+00
-010 180 -0.219465E+00
-010 -180 -0.219465E+00
000 -165 -0.204025E+00
000 195 -0.204025E+00
000 -150 -0.238756E+00
000 210 -0.238756E+00
000 -115 -0.310655E+00
000 -100 -0.282185E+00
000 -085 -0.176935E+00
000 -070 -0.107594E-01
000 -055 -0.158656E-01
000 -040 -0.335337E+00
000 -025 -0.384631E+00
000 -010 -0.395756E+00
000 000 -0.396344E+00
000 015 -0.388131E+00
000 030 -0.368488E+00
000 050 -0.290001E+00
000 070 -0.760448E-01
000 090 -0.197717E+00
000 110 -0.277490E+00
000 130 -0.260888E+00
000 145 -0.234159E+00
000 160 -0.211939E+00
000 -200 -0.211939E+00
000 170 -0.196752E+00
000 -190 -0.196752E+00
000 180 -0.166452E+00
000 -180 -0.166452E+00
015 -150 -0.288742E+00
015 210 -0.288742E+00
015 -130 -0.332918E+00
015 -115 -0.347873E+00
015 -100 -0.321665E+00
015 -085 -0.256548E+00
015 -070 -0.204962E+00
015 -055 -0.392129E+00
015 -040 -0.394448E+00
015 -025 -0.405909E+00
015 -010 -0.401080E+00
015 000 -0.395322E+00
015 015 -0.372441E+00
015 030 -0.316477E+00
015 070 0.370253E-01
015 090 -0.145492E+00
015 110 -0.215299E+00
015 130 -0.200200E+00
015 145 -0.181193E+00
015 160 -0.106671E+00
015 -200 -0.106671E+00
015 170 -0.166561E+00
015 -190 -0.166561E+00
015 180 -0.213188E+00
015 -180 -0.213188E+00
030 -150 -0.343848E+00
030 210 -0.343848E+00
030 -130 -0.371613E+00
030 -115 -0.387245E+00
030 -100 -0.392910E+00
030 -085 -0.433052E+00
030 -070 -0.428097E+00
030 -055 -0.416058E+00
030 -040 -0.410511E+00
030 -025 -0.387660E+00
030 -010 -0.375853E+00
030 000 -0.356231E+00
030 015 -0.282386E+00
030 030 0.115958E+00
030 050 0.274069E+00
030 070 0.108924E+00
030 090 -0.399045E-01
030 110 -0.114073E+00
030 130 -0.984646E-01
030 145 -0.318006E-02
030 160 -0.144285E+00
030 -200 -0.144285E+00
030 170 -0.230618E+00
030 -190 -0.230618E+00
030 180 -0.272908E+00
030 -180 -0.272908E+00
050 -165 -0.372771E+00
050 195 -0.372771E+00
050 -150 -0.396465E+00
050 210 -0.396465E+00
050 -130 -0.416688E+00
050 -115 -0.445475E+00
050 -100 -0.457446E+00
050 -085 -0.429307E+00
050 -070 -0.402628E+00
050 -055 -0.364664E+00
050 -040 -0.350615E+00
050 -025 -0.126027E+00
050 -010 -0.224762E+00
050 000 -0.135907E+00
050 015 0.323236E+00
050 030 0.458577E+00
050 050 0.406304E+00
050 070 0.294235E+00
050 090 0.383658E+00
050 110 0.327171E+00
050 130 0.123138E+00
050 145 -0.487630E-01
050 160 -0.192062E+00
050 -200 -0.192062E+00
050 170 -0.266365E+00
050 -190 -0.266365E+00
050 180 -0.322305E+00
050 -180 -0.322305E+00
070 -165 -0.387813E+00
070 195 -0.387813E+00
070 -150 -0.411349E+00
070 210 -0.411349E+00
070 -130 -0.429823E+00
070 -115 -0.441404E+00
070 -100 -0.434753E+00
070 -085 -0.403699E+00
070 -070 -0.365357E+00
070 -055 -0.313049E+00
070 -040 -0.271787E+00
070 -025 -0.193989E+00
070 -010 0.781286E-02
070 000 0.309667E+00
070 015 0.485880E+00
070 030 0.550552E+00
070 050 0.590610E+00
070 070 0.603103E+00
070 090 0.584568E+00
070 110 0.338259E+00
070 130 0.961328E-01
070 145 -0.622569E-01
070 160 -0.206427E+00
070 -200 -0.206427E+00
070 170 -0.281079E+00
070 -190 -0.281079E+00
090 -165 -0.398160E+00
090 195 -0.398160E+00
090 -150 -0.413275E+00
090 210 -0.413275E+00
090 -130 -0.408707E+00
090 -115 -0.402674E+00
090 -100 -0.393304E+00
090 -085 -0.376390E+00
090 -070 -0.337089E+00
090 -055 -0.278630E+00
090 -040 -0.173678E+00
090 -025 0.111331E+00
090 -010 0.428831E+00
090 000 0.593150E+00
090 015 0.700617E+00
090 030 0.818784E+00
090 050 0.882536E+00
090 070 0.940804E+00
090 090 0.624814E+00
090 110 0.329702E+00
090 130 0.865233E-01
090 145 -0.621023E-01
090 160 -0.197487E+00
090 -200 -0.197487E+00
090 170 -0.284491E+00
090 -190 -0.284491E+00
090 180 -0.344174E+00
090 -180 -0.344174E+00
110 -165 -0.421960E+00
110 195 -0.421960E+00
110 -150 -0.422719E+00
110 210 -0.422719E+00
110 -130 -0.386242E+00
110 -115 -0.348316E+00
110 -100 -0.311274E+00
110 -085 -0.255020E+00
110 -070 -0.170089E+00
110 -055 -0.242174E-01
110 -040 0.249851E+00
110 -025 0.554742E+00
110 -010 0.755330E+00
110 000 0.848133E+00
110 015 0.954361E+00
110 030 0.103369E+01
110 050 0.119336E+01
110 070 0.103464E+01
110 090 0.653041E+00
110 110 0.335567E+00
110 130 0.890681E-01
110 145 -0.738067E-01
110 160 -0.220230E+00
110 -200 -0.220230E+00
110 170 -0.312337E+00
110 -190 -0.312337E+00
110 180 -0.374895E+00
110 -180 -0.374895E+00
130 -165 -0.462921E+00
130 195 -0.462921E+00
130 -150 -0.435774E+00
130 210 -0.435774E+00
130 -130 -0.361546E+00
130 -115 -0.304613E+00
130 -100 -0.227265E+00
130 -085 -0.123482E+00
130 -070 0.567983E-01
130 -055 0.341471E+00
130 -040 0.642133E+00
130 -010 0.964988E+00
130 000 0.100995E+01
130 015 0.107589E+01
130 030 0.118758E+01
130 050 0.114926E+01
130 070 0.967337E+00
130 090 0.609829E+00
130 110 0.282884E+00
130 130 -0.357488E-01
130 145 -0.218177E+00
130 160 -0.350201E+00
130 -200 -0.350201E+00
130 170 -0.413364E+00
130 -190 -0.413364E+00
130 180 -0.450782E+00
130 -180 -0.450782E+00
150 -165 -0.471196E+00
-210 -165 -0.471196E+00
150 195 -0.471196E+00
150 -150 -0.426677E+00
-210 -150 -0.426677E+00
150 210 -0.426677E+00
150 -130 -0.338176E+00
-210 -130 -0.338176E+00
150 -115 -0.261239E+00
-210 -115 -0.261239E+00
150 -100 -0.150223E+00
-210 -100 -0.150223E+00
150 -085 0.127008E-01
-210 -085 0.127008E-01
150 -070 0.306341E+00
-210 -070 0.306341E+00
150 -055 0.665045E+00
-210 -055 0.665045E+00
150 -040 0.894513E+00
-210 -040 0.894513E+00
150 -025 0.979842E+00
-210 -025 0.979842E+00
150 -010 0.102256E+01
-210 -010 0.102256E+01
150 000 0.107111E+01
-210 000 0.107111E+01
150 015 0.124008E+01
-210 015 0.124008E+01
150 030 0.106746E+01
-210 030 0.106746E+01
150 050 0.103258E+01
-210 050 0.103258E+01
150 070 0.844811E+00
-210 070 0.844811E+00
150 090 0.426954E+00
-210 090 0.426954E+00
150 110 -0.149786E-01
-210 110 -0.149786E-01
150 130 -0.238828E+00
-210 130 -0.238828E+00
150 145 -0.342673E+00
-210 145 -0.342673E+00
150 160 -0.422342E+00
-210 160 -0.422342E+00
150 -200 -0.422342E+00
-210 -200 -0.422342E+00
150 170 -0.455579E+00
-210 170 -0.455579E+00
150 -190 -0.455579E+00
-210 -190 -0.455579E+00
150 180 -0.475082E+00
-210 180 -0.475082E+00
150 -180 -0.475082E+00
-210 -180 -0.475082E+00
165 -165 -0.461892E+00
-195 -165 -0.461892E+00
165 195 -0.461892E+00
165 -150 -0.416143E+00
-195 -150 -0.416143E+00
165 210 -0.416143E+00
165 -130 -0.317846E+00
-195 -130 -0.317846E+00
165 -115 -0.222935E+00
-195 -115 -0.222935E+00
165 -100 -0.928930E-01
-195 -100 -0.928930E-01
165 -085 0.141214E+00
-195 -085 0.141214E+00
165 -070 0.522551E+00
-195 -070 0.522551E+00
165 -055 0.865224E+00
-195 -055 0.865224E+00
165 -040 0.968818E+00
-195 -040 0.968818E+00
165 -025 0.101999E+01
-195 -025 0.101999E+01
165 -010 0.168379E+01
-195 -010 0.168379E+01
165 000 0.134386E+01
-195 000 0.134386E+01
165 015 0.110349E+01
-195 015 0.110349E+01
165 030 0.103338E+01
-195 030 0.103338E+01
165 050 0.977814E+00
-195 050 0.977814E+00
165 070 0.630906E+00
-195 070 0.630906E+00
165 090 0.103822E+00
-195 090 0.103822E+00
165 110 -0.156191E+00
-195 110 -0.156191E+00
165 130 -0.305589E+00
-195 130 -0.305589E+00
165 145 -0.378209E+00
-195 145 -0.378209E+00
165 160 -0.433178E+00
-195 160 -0.433178E+00
165 -200 -0.433178E+00
-195 -200 -0.433178E+00
165 170 -0.457203E+00
-195 170 -0.457203E+00
165 -190 -0.457203E+00
-195 -190 -0.457203E+00
165 180 -0.470571E+00
-195 180 -0.470571E+00
165 -180 -0.470571E+00
-195 -180 -0.470571E+00
180 -165 -0.450428E+00
-180 -165 -0.450428E+00
180 195 -0.450428E+00
180 -150 -0.401266E+00
-180 -150 -0.401266E+00
180 210 -0.401266E+00
180 -130 -0.289788E+00
-180 -130 -0.289788E+00
180 -115 -0.179728E+00
-180 -115 -0.179728E+00
180 -100 -0.224892E-01
-180 -100 -0.224892E-01
180 -085 0.361656E+00
-180 -085 0.361656E+00
180 -070 0.803541E+00
-180 -070 0.803541E+00
180 -055 0.961637E+00
-180 -055 0.961637E+00
180 -040 0.102185E+01
-180 -040 0.102185E+01
180 -025 0.108497E+01
-180 -025 0.108497E+01
180 -010 0.134045E+01
-180 -010 0.134045E+01
180 000 0.117017E+01
-180 000 0.117017E+01
180 015 0.105613E+01
-180 015 0.105613E+01
180 030 0.101256E+01
-180 030 0.101256E+01
180 070 0.369408E+00
-180 070 0.369408E+00
180 090 -0.193719E-01
-180 090 -0.193719E-01
180 110 -0.229831E+00
-180 110 -0.229831E+00
180 130 -0.335362E+00
-180 130 -0.335362E+00
180 145 -0.388098E+00
-180 145 -0.388098E+00
180 160 -0.430028E+00
-180 160 -0.430028E+00
180 -200 -0.430028E+00
-180 -200 -0.430028E+00
180 170 -0.450219E+00
-180 170 -0.450219E+00
180 -190 -0.450219E+00
-180 -190 -0.450219E+00
180 180 -0.461277E+00
-180 180 -0.461277E+00
180 -180 -0.461277E+00
-180 -180 -0.461277E+00
