PHI PSI J_13_14
-165 -165 0.134819E+03
195 -165 0.134819E+03
-165 195 0.134819E+03
195 195 0.134819E+03
-165 -150 0.134268E+03
195 -150 0.134268E+03
-165 210 0.134268E+03
195 210 0.134268E+03
-165 -130 0.135438E+03
195 -130 0.135438E+03
-165 -115 0.137492E+03
195 -115 0.137492E+03
-165 -100 0.139853E+03
195 -100 0.139853E+03
-165 -085 0.142853E+03
195 -085 0.142853E+03
-165 -070 0.144451E+03
195 -070 0.144451E+03
-165 -055 0.145254E+03
195 -055 0.145254E+03
-165 -040 0.145317E+03
195 -040 0.145317E+03
-165 -025 0.144322E+03
195 -025 0.144322E+03
-165 -010 0.139371E+03
195 -010 0.139371E+03
-165 000 0.137665E+03
195 000 0.137665E+03
-165 015 0.135792E+03
195 015 0.135792E+03
-165 030 0.134836E+03
195 030 0.134836E+03
-165 050 0.134849E+03
195 050 0.134849E+03
-165 070 0.134945E+03
195 070 0.134945E+03
-165 090 0.135522E+03
195 090 0.135522E+03
-165 110 0.136616E+03
195 110 0.136616E+03
-165 130 0.137209E+03
195 130 0.137209E+03
-165 145 0.137374E+03
195 145 0.137374E+03
-165 160 0.137101E+03
195 160 0.137101E+03
-165 -200 0.137101E+03
-165 170 0.136601E+03
195 170 0.136601E+03
-165 -190 0.136601E+03
-165 180 0.135515E+03
195 180 0.135515E+03
-165 -180 0.135515E+03
-150 -165 0.133617E+03
210 -165 0.133617E+03
-150 195 0.133617E+03
210 195 0.133617E+03
-150 -150 0.133186E+03
210 -150 0.133186E+03
-150 210 0.133186E+03
210 210 0.133186E+03
-150 -130 0.134630E+03
210 -130 0.134630E+03
-150 -115 0.136763E+03
210 -115 0.136763E+03
-150 -100 0.139451E+03
210 -100 0.139451E+03
-150 -085 0.141738E+03
210 -085 0.141738E+03
-150 -070 0.143586E+03
210 -070 0.143586E+03
-150 -055 0.144705E+03
210 -055 0.144705E+03
-150 -040 0.144680E+03
210 -040 0.144680E+03
-150 -025 0.142136E+03
210 -025 0.142136E+03
-150 -010 0.138125E+03
210 -010 0.138125E+03
-150 000 0.136314E+03
210 000 0.136314E+03
-150 015 0.134986E+03
210 015 0.134986E+03
-150 030 0.134225E+03
210 030 0.134225E+03
-150 050 0.133871E+03
210 050 0.133871E+03
-150 070 0.134064E+03
210 070 0.134064E+03
-150 090 0.134765E+03
210 090 0.134765E+03
-150 110 0.135832E+03
210 110 0.135832E+03
-150 130 0.136505E+03
210 130 0.136505E+03
-150 145 0.136538E+03
210 145 0.136538E+03
-150 160 0.136099E+03
210 160 0.136099E+03
-150 -200 0.136099E+03
-150 170 0.135615E+03
210 170 0.135615E+03
-150 -190 0.135615E+03
-125 -165 0.133003E+03
-125 195 0.133003E+03
-125 -150 0.132643E+03
-125 210 0.132643E+03
-125 -130 0.134150E+03
-125 -115 0.136093E+03
-125 -100 0.138423E+03
-125 -085 0.140394E+03
-125 -070 0.142327E+03
-125 -055 0.142885E+03
-125 -040 0.141224E+03
-125 -025 0.139411E+03
-125 -010 0.137652E+03
-125 000 0.136209E+03
-125 015 0.134655E+03
-125 030 0.133699E+03
-125 050 0.133039E+03
-125 070 0.133390E+03
-125 090 0.134456E+03
-125 110 0.135506E+03
-125 130 0.135748E+03
-125 145 0.134821E+03
-125 160 0.135525E+03
-125 -200 0.135525E+03
-125 170 0.134110E+03
-125 -190 0.134110E+03
-100 -165 0.133230E+03
-100 195 0.133230E+03
-100 -150 0.132909E+03
-100 210 0.132909E+03
-100 -130 0.134158E+03
-100 -115 0.135809E+03
-100 -100 0.138117E+03
-100 -085 0.140060E+03
-100 -070 0.141971E+03
-100 -055 0.142358E+03
-100 -040 0.142009E+03
-100 -025 0.140675E+03
-100 -010 0.139138E+03
-100 000 0.137861E+03
-100 015 0.135698E+03
-100 030 0.133949E+03
-100 050 0.133057E+03
-100 070 0.134586E+03
-100 090 0.136123E+03
-100 110 0.136057E+03
-100 130 0.135670E+03
-100 145 0.135930E+03
-100 160 0.135633E+03
-100 -200 0.135633E+03
-100 170 0.135257E+03
-100 -190 0.135257E+03
-085 -165 0.133821E+03
-085 195 0.133821E+03
-085 -150 0.133011E+03
-085 210 0.133011E+03
-085 -130 0.133972E+03
-085 -115 0.135391E+03
-085 -100 0.137894E+03
-085 -085 0.139934E+03
-085 -070 0.141701E+03
-085 -055 0.142257E+03
-085 -040 0.142811E+03
-085 -025 0.142038E+03
-085 -010 0.140725E+03
-085 000 0.138828E+03
-085 015 0.135465E+03
-085 030 0.133429E+03
-085 050 0.132175E+03
-085 070 0.134207E+03
-085 090 0.136590E+03
-085 110 0.136533E+03
-085 130 0.136196E+03
-085 145 0.136386E+03
-085 160 0.136209E+03
-085 -200 0.136209E+03
-085 170 0.135812E+03
-085 -190 0.135812E+03
-085 180 0.135251E+03
-085 -180 0.135251E+03
-070 -165 0.134059E+03
-070 195 0.134059E+03
-070 -150 0.132475E+03
-070 210 0.132475E+03
-070 -130 0.132767E+03
-070 -115 0.134299E+03
-070 -100 0.136681E+03
-070 -085 0.139198E+03
-070 -070 0.141765E+03
-070 -055 0.142832E+03
-070 -040 0.143667E+03
-070 -025 0.142682E+03
-070 -010 0.140467E+03
-070 000 0.138435E+03
-070 015 0.134664E+03
-070 030 0.131779E+03
-070 050 0.130211E+03
-070 070 0.132201E+03
-070 090 0.134901E+03
-070 110 0.136098E+03
-070 130 0.136422E+03
-070 145 0.136860E+03
-070 160 0.136733E+03
-070 -200 0.136733E+03
-070 170 0.136538E+03
-070 -190 0.136538E+03
-055 -165 0.132600E+03
-055 195 0.132600E+03
-055 -150 0.130205E+03
-055 210 0.130205E+03
-055 -130 0.130749E+03
-055 -115 0.132762E+03
-055 -100 0.135443E+03
-055 -085 0.138305E+03
-055 -070 0.141167E+03
-055 -055 0.142762E+03
-055 -040 0.143191E+03
-055 -025 0.142059E+03
-055 -010 0.139397E+03
-055 000 0.136898E+03
-055 015 0.132744E+03
-055 030 0.129684E+03
-055 050 0.128560E+03
-055 070 0.130571E+03
-055 090 0.133133E+03
-055 110 0.134936E+03
-055 130 0.136557E+03
-055 145 0.136529E+03
-055 160 0.136414E+03
-055 -200 0.136414E+03
-055 170 0.135890E+03
-055 -190 0.135890E+03
-055 180 0.135437E+03
-055 -180 0.135437E+03
-040 -165 0.129941E+03
-040 195 0.129941E+03
-040 -150 0.128143E+03
-040 210 0.128143E+03
-040 -130 0.129497E+03
-040 -115 0.132130E+03
-040 -100 0.136113E+03
-040 -085 0.139155E+03
-040 -070 0.141018E+03
-040 -055 0.142336E+03
-040 -040 0.142600E+03
-040 -025 0.141068E+03
-040 -010 0.138217E+03
-040 000 0.135712E+03
-040 015 0.132030E+03
-040 030 0.129433E+03
-040 050 0.128567E+03
-040 070 0.130068E+03
-040 090 0.131932E+03
-040 110 0.133378E+03
-040 130 0.134793E+03
-040 145 0.135821E+03
-040 160 0.135091E+03
-040 -200 0.135091E+03
-040 170 0.134267E+03
-040 -190 0.134267E+03
-040 180 0.133029E+03
-040 -180 0.133029E+03
-025 -165 0.129022E+03
-025 195 0.129022E+03
-025 -150 0.127483E+03
-025 210 0.127483E+03
-025 -130 0.132812E+03
-025 -115 0.135368E+03
-025 -100 0.137256E+03
-025 -085 0.139064E+03
-025 -070 0.141026E+03
-025 -055 0.142270E+03
-025 -040 0.142337E+03
-025 -025 0.140939E+03
-025 -010 0.138113E+03
-025 000 0.135981E+03
-025 015 0.133001E+03
-025 030 0.130882E+03
-025 050 0.129842E+03
-025 070 0.130549E+03
-025 090 0.131319E+03
-025 110 0.133416E+03
-025 130 0.134896E+03
-025 145 0.134694E+03
-025 160 0.133831E+03
-025 -200 0.133831E+03
-025 170 0.132945E+03
-025 -190 0.132945E+03
-025 180 0.131798E+03
-025 -180 0.131798E+03
-010 -150 0.131553E+03
-010 210 0.131553E+03
-010 -130 0.133528E+03
-010 -115 0.135252E+03
-010 -100 0.137276E+03
-010 -085 0.139028E+03
-010 -070 0.141127E+03
-010 -055 0.142232E+03
-010 -040 0.142204E+03
-010 -025 0.140302E+03
-010 -010 0.138197E+03
-010 000 0.136324E+03
-010 015 0.133855E+03
-010 030 0.131842E+03
-010 050 0.130592E+03
-010 070 0.129314E+03
-010 090 0.131103E+03
-010 110 0.133241E+03
-010 130 0.134272E+03
-010 145 0.134117E+03
-010 160 0.133341E+03
-010 -200 0.133341E+03
-010 170 0.132630E+03
-010 -190 0.132630E+03
-010 180 0.131248E+03
-010 -180 0.131248E+03
000 -165 0.131528E+03
000 195 0.131528E+03
000 -150 0.131540E+03
000 210 0.131540E+03
000 -115 0.135158E+03
000 -100 0.136820E+03
000 -085 0.138971E+03
000 -070 0.141154E+03
000 -055 0.142315E+03
000 -040 0.141420E+03
000 -025 0.140428E+03
000 -010 0.138379E+03
000 000 0.136716E+03
000 015 0.134236E+03
000 030 0.132148E+03
000 050 0.130015E+03
000 070 0.129262E+03
000 090 0.131298E+03
000 110 0.133289E+03
000 130 0.134065E+03
000 145 0.133759E+03
000 160 0.133190E+03
000 -200 0.133190E+03
000 170 0.132412E+03
000 -190 0.132412E+03
000 180 0.131601E+03
000 -180 0.131601E+03
015 -150 0.131356E+03
015 210 0.131356E+03
015 -130 0.132603E+03
015 -115 0.134176E+03
015 -100 0.136250E+03
015 -085 0.138693E+03
015 -070 0.140963E+03
015 -055 0.141648E+03
015 -040 0.141340E+03
015 -025 0.140506E+03
015 -010 0.138324E+03
015 000 0.136798E+03
015 015 0.133935E+03
015 030 0.131705E+03
015 070 0.129916E+03
015 090 0.131571E+03
015 110 0.133058E+03
015 130 0.133357E+03
015 145 0.133329E+03
015 160 0.132788E+03
015 -200 0.132788E+03
015 170 0.133505E+03
015 -190 0.133505E+03
015 180 0.132625E+03
015 -180 0.132625E+03
030 -150 0.130326E+03
030 210 0.130326E+03
030 -130 0.131515E+03
030 -115 0.133298E+03
030 -100 0.135824E+03
030 -085 0.138865E+03
030 -070 0.141012E+03
030 -055 0.141871E+03
030 -040 0.141510E+03
030 -025 0.140380E+03
030 -010 0.137951E+03
030 000 0.136208E+03
030 015 0.133316E+03
030 030 0.129238E+03
030 050 0.128542E+03
030 070 0.130064E+03
030 090 0.131443E+03
030 110 0.132457E+03
030 130 0.132087E+03
030 145 0.133691E+03
030 160 0.133927E+03
030 -200 0.133927E+03
030 170 0.132719E+03
030 -190 0.132719E+03
030 180 0.132529E+03
030 -180 0.132529E+03
050 -165 0.128103E+03
050 195 0.128103E+03
050 -150 0.127994E+03
050 210 0.127994E+03
050 -130 0.129953E+03
050 -115 0.132578E+03
050 -100 0.135434E+03
050 -085 0.137986E+03
050 -070 0.139796E+03
050 -055 0.140691E+03
050 -040 0.141040E+03
050 -025 0.139834E+03
050 -010 0.136682E+03
050 000 0.134543E+03
050 015 0.130169E+03
050 030 0.128096E+03
050 050 0.128613E+03
050 070 0.129651E+03
050 090 0.130233E+03
050 110 0.131673E+03
050 130 0.132177E+03
050 145 0.131739E+03
050 160 0.130622E+03
050 -200 0.130622E+03
050 170 0.129633E+03
050 -190 0.129633E+03
050 180 0.128858E+03
050 -180 0.128858E+03
070 -165 0.125393E+03
070 195 0.125393E+03
070 -150 0.126057E+03
070 210 0.126057E+03
070 -130 0.128496E+03
070 -115 0.130779E+03
070 -100 0.132854E+03
070 -085 0.134450E+03
070 -070 0.136100E+03
070 -055 0.137113E+03
070 -040 0.137133E+03
070 -025 0.135833E+03
070 -010 0.132991E+03
070 000 0.130268E+03
070 015 0.127294E+03
070 030 0.126492E+03
070 050 0.126951E+03
070 070 0.127435E+03
070 090 0.128717E+03
070 110 0.129708E+03
070 130 0.129391E+03
070 145 0.128780E+03
070 160 0.127557E+03
070 -200 0.127557E+03
070 170 0.126635E+03
070 -190 0.126635E+03
090 -165 0.126868E+03
090 195 0.126868E+03
090 -150 0.126935E+03
090 210 0.126935E+03
090 -130 0.129525E+03
090 -115 0.131189E+03
090 -100 0.132233E+03
090 -085 0.132603E+03
090 -070 0.133642E+03
090 -055 0.134566E+03
090 -040 0.134730E+03
090 -025 0.133217E+03
090 -010 0.130405E+03
090 000 0.128641E+03
090 015 0.126649E+03
090 030 0.125993E+03
090 050 0.125767E+03
090 070 0.126177E+03
090 090 0.128348E+03
090 110 0.129074E+03
090 130 0.127897E+03
090 145 0.128477E+03
090 160 0.128032E+03
090 -200 0.128032E+03
090 170 0.127525E+03
090 -190 0.127525E+03
090 180 0.127091E+03
090 -180 0.127091E+03
110 -165 0.129952E+03
110 195 0.129952E+03
110 -150 0.130304E+03
110 210 0.130304E+03
110 -130 0.132081E+03
110 -115 0.134237E+03
110 -100 0.135337E+03
110 -085 0.135790E+03
110 -070 0.136027E+03
110 -055 0.136434E+03
110 -040 0.135915E+03
110 -025 0.134596E+03
110 -010 0.131969E+03
110 000 0.130366E+03
110 015 0.128605E+03
110 030 0.127365E+03
110 050 0.126535E+03
110 070 0.128659E+03
110 090 0.130128E+03
110 110 0.130841E+03
110 130 0.131156E+03
110 145 0.131608E+03
110 160 0.131836E+03
110 -200 0.131836E+03
110 170 0.131906E+03
110 -190 0.131906E+03
110 180 0.131384E+03
110 -180 0.131384E+03
130 -165 0.133660E+03
130 195 0.133660E+03
130 -150 0.133367E+03
130 210 0.133367E+03
130 -130 0.134664E+03
130 -115 0.136442E+03
130 -100 0.138360E+03
130 -085 0.139137E+03
130 -070 0.140075E+03
130 -055 0.140008E+03
130 -040 0.139718E+03
130 -010 0.135773E+03
130 000 0.134225E+03
130 015 0.131962E+03
130 030 0.130124E+03
130 050 0.130673E+03
130 070 0.131850E+03
130 090 0.132591E+03
130 110 0.132957E+03
130 130 0.135823E+03
130 145 0.137324E+03
130 160 0.137328E+03
130 -200 0.137328E+03
130 170 0.137121E+03
130 -190 0.137121E+03
130 180 0.135776E+03
130 -180 0.135776E+03
150 -165 0.135415E+03
-210 -165 0.135415E+03
150 195 0.135415E+03
150 -150 0.134787E+03
-210 -150 0.134787E+03
150 210 0.134787E+03
150 -130 0.135663E+03
-210 -130 0.135663E+03
150 -115 0.137519E+03
-210 -115 0.137519E+03
150 -100 0.139662E+03
-210 -100 0.139662E+03
150 -085 0.141215E+03
-210 -085 0.141215E+03
150 -070 0.142478E+03
-210 -070 0.142478E+03
150 -055 0.143015E+03
-210 -055 0.143015E+03
150 -040 0.143168E+03
-210 -040 0.143168E+03
150 -025 0.141953E+03
-210 -025 0.141953E+03
150 -010 0.139753E+03
-210 -010 0.139753E+03
150 000 0.137988E+03
-210 000 0.137988E+03
150 015 0.136033E+03
-210 015 0.136033E+03
150 030 0.134105E+03
-210 030 0.134105E+03
150 050 0.133863E+03
-210 050 0.133863E+03
150 070 0.134218E+03
-210 070 0.134218E+03
150 090 0.135150E+03
-210 090 0.135150E+03
150 110 0.137333E+03
-210 110 0.137333E+03
150 130 0.138506E+03
-210 130 0.138506E+03
150 145 0.139121E+03
-210 145 0.139121E+03
150 160 0.139031E+03
-210 160 0.139031E+03
150 -200 0.139031E+03
-210 -200 0.139031E+03
150 170 0.138463E+03
-210 170 0.138463E+03
150 -190 0.138463E+03
-210 -190 0.138463E+03
150 180 0.137313E+03
-210 180 0.137313E+03
150 -180 0.137313E+03
-210 -180 0.137313E+03
165 -165 0.135738E+03
-195 -165 0.135738E+03
165 195 0.135738E+03
165 -150 0.134890E+03
-195 -150 0.134890E+03
165 210 0.134890E+03
165 -130 0.135947E+03
-195 -130 0.135947E+03
165 -115 0.137841E+03
-195 -115 0.137841E+03
165 -100 0.139910E+03
-195 -100 0.139910E+03
165 -085 0.142124E+03
-195 -085 0.142124E+03
165 -070 0.143655E+03
-195 -070 0.143655E+03
165 -055 0.144679E+03
-195 -055 0.144679E+03
165 -040 0.144912E+03
-195 -040 0.144912E+03
165 -025 0.143931E+03
-195 -025 0.143931E+03
165 -010 0.142155E+03
-195 -010 0.142155E+03
165 000 0.139576E+03
-195 000 0.139576E+03
165 015 0.136843E+03
-195 015 0.136843E+03
165 030 0.135298E+03
-195 030 0.135298E+03
165 050 0.135107E+03
-195 050 0.135107E+03
165 070 0.135634E+03
-195 070 0.135634E+03
165 090 0.136688E+03
-195 090 0.136688E+03
165 110 0.137732E+03
-195 110 0.137732E+03
165 130 0.138663E+03
-195 130 0.138663E+03
165 145 0.139079E+03
-195 145 0.139079E+03
165 160 0.138962E+03
-195 160 0.138962E+03
165 -200 0.138962E+03
-195 -200 0.138962E+03
165 170 0.138578E+03
-195 170 0.138578E+03
165 -190 0.138578E+03
-195 -190 0.138578E+03
165 180 0.137545E+03
-195 180 0.137545E+03
165 -180 0.137545E+03
-195 -180 0.137545E+03
180 -165 0.135558E+03
-180 -165 0.135558E+03
180 195 0.135558E+03
180 -150 0.134670E+03
-180 -150 0.134670E+03
180 210 0.134670E+03
180 -130 0.135802E+03
-180 -130 0.135802E+03
180 -115 0.137874E+03
-180 -115 0.137874E+03
180 -100 0.139929E+03
-180 -100 0.139929E+03
180 -085 0.142780E+03
-180 -085 0.142780E+03
180 -070 0.144697E+03
-180 -070 0.144697E+03
180 -055 0.145464E+03
-180 -055 0.145464E+03
180 -040 0.145464E+03
-180 -040 0.145464E+03
180 -025 0.144655E+03
-180 -025 0.144655E+03
180 -010 0.141008E+03
-180 -010 0.141008E+03
180 000 0.139066E+03
-180 000 0.139066E+03
180 015 0.136717E+03
-180 015 0.136717E+03
180 030 0.135443E+03
-180 030 0.135443E+03
180 070 0.135787E+03
-180 070 0.135787E+03
180 090 0.136415E+03
-180 090 0.136415E+03
180 110 0.137358E+03
-180 110 0.137358E+03
180 130 0.138172E+03
-180 130 0.138172E+03
180 145 0.138427E+03
-180 145 0.138427E+03
180 160 0.138269E+03
-180 160 0.138269E+03
180 -200 0.138269E+03
-180 -200 0.138269E+03
180 170 0.137831E+03
-180 170 0.137831E+03
180 -190 0.137831E+03
-180 -190 0.137831E+03
180 180 0.137033E+03
-180 180 0.137033E+03
180 -180 0.137033E+03
-180 -180 0.137033E+03
