PHI PSI J_14_22
-165 -165 -0.118704E+00
195 -165 -0.118704E+00
-165 195 -0.118704E+00
195 195 -0.118704E+00
-165 -150 -0.318405E+00
195 -150 -0.318405E+00
-165 210 -0.318405E+00
195 210 -0.318405E+00
-165 -130 -0.342962E+00
195 -130 -0.342962E+00
-165 -115 -0.262647E+00
195 -115 -0.262647E+00
-165 -100 -0.180521E+00
195 -100 -0.180521E+00
-165 -085 -0.175753E+00
195 -085 -0.175753E+00
-165 -070 -0.175513E+00
195 -070 -0.175513E+00
-165 -055 -0.195361E+00
195 -055 -0.195361E+00
-165 -040 -0.205982E+00
195 -040 -0.205982E+00
-165 -025 -0.213977E+00
195 -025 -0.213977E+00
-165 -010 -0.503896E+00
195 -010 -0.503896E+00
-165 000 -0.423358E+00
195 000 -0.423358E+00
-165 015 -0.217892E+00
195 015 -0.217892E+00
-165 030 0.282518E-01
195 030 0.282518E-01
-165 050 0.389962E+00
195 050 0.389962E+00
-165 070 0.763639E+00
195 070 0.763639E+00
-165 090 0.102512E+01
195 090 0.102512E+01
-165 110 0.109245E+01
195 110 0.109245E+01
-165 130 0.102323E+01
195 130 0.102323E+01
-165 145 0.891158E+00
195 145 0.891158E+00
-165 160 0.674880E+00
195 160 0.674880E+00
-165 -200 0.674880E+00
-165 170 0.472542E+00
195 170 0.472542E+00
-165 -190 0.472542E+00
-165 180 0.217012E+00
195 180 0.217012E+00
-165 -180 0.217012E+00
-150 -165 -0.124934E+00
210 -165 -0.124934E+00
-150 195 -0.124934E+00
210 195 -0.124934E+00
-150 -150 -0.336900E+00
210 -150 -0.336900E+00
-150 210 -0.336900E+00
210 210 -0.336900E+00
-150 -130 -0.367546E+00
210 -130 -0.367546E+00
-150 -115 -0.288537E+00
210 -115 -0.288537E+00
-150 -100 -0.201864E+00
210 -100 -0.201864E+00
-150 -085 -0.174889E+00
210 -085 -0.174889E+00
-150 -070 -0.165392E+00
210 -070 -0.165392E+00
-150 -055 -0.177143E+00
210 -055 -0.177143E+00
-150 -040 -0.188026E+00
210 -040 -0.188026E+00
-150 -025 -0.235977E+00
210 -025 -0.235977E+00
-150 -010 -0.497895E+00
210 -010 -0.497895E+00
-150 000 -0.427958E+00
210 000 -0.427958E+00
-150 015 -0.253292E+00
210 015 -0.253292E+00
-150 030 -0.286176E-01
210 030 -0.286176E-01
-150 050 0.348633E+00
210 050 0.348633E+00
-150 070 0.782890E+00
210 070 0.782890E+00
-150 090 0.105568E+01
210 090 0.105568E+01
-150 110 0.111330E+01
210 110 0.111330E+01
-150 130 0.103833E+01
210 130 0.103833E+01
-150 145 0.903544E+00
210 145 0.903544E+00
-150 160 0.680730E+00
210 160 0.680730E+00
-150 -200 0.680730E+00
-150 170 0.481637E+00
210 170 0.481637E+00
-150 -190 0.481637E+00
-125 -165 -0.111239E+00
-125 195 -0.111239E+00
-125 -150 -0.343691E+00
-125 210 -0.343691E+00
-125 -130 -0.360491E+00
-125 -115 -0.292487E+00
-125 -100 -0.195511E+00
-125 -085 -0.172516E+00
-125 -070 -0.146387E+00
-125 -055 -0.190987E+00
-125 -040 -0.362252E+00
-125 -025 -0.462620E+00
-125 -010 -0.469704E+00
-125 000 -0.427038E+00
-125 015 -0.292025E+00
-125 030 -0.772424E-01
-125 050 0.368974E+00
-125 070 0.844333E+00
-125 090 0.109220E+01
-125 110 0.114920E+01
-125 130 0.106246E+01
-125 145 0.942204E+00
-125 160 0.726695E+00
-125 -200 0.726695E+00
-125 170 0.519265E+00
-125 -190 0.519265E+00
-100 -165 -0.563732E-01
-100 195 -0.563732E-01
-100 -150 -0.299429E+00
-100 210 -0.299429E+00
-100 -130 -0.319033E+00
-100 -115 -0.258929E+00
-100 -100 -0.173629E+00
-100 -085 -0.132308E+00
-100 -070 -0.131127E+00
-100 -055 -0.235415E+00
-100 -040 -0.342098E+00
-100 -025 -0.414643E+00
-100 -010 -0.436108E+00
-100 000 -0.407159E+00
-100 015 -0.294037E+00
-100 030 -0.546042E-01
-100 050 0.528255E+00
-100 070 0.890276E+00
-100 090 0.108152E+01
-100 110 0.114132E+01
-100 130 0.109178E+01
-100 145 0.966777E+00
-100 160 0.772097E+00
-100 -200 0.772097E+00
-100 170 0.581727E+00
-100 -190 0.581727E+00
-085 -165 -0.248602E-01
-085 195 -0.248602E-01
-085 -150 -0.275517E+00
-085 210 -0.275517E+00
-085 -130 -0.309282E+00
-085 -115 -0.245315E+00
-085 -100 -0.166748E+00
-085 -085 -0.116390E+00
-085 -070 -0.136820E+00
-085 -055 -0.243959E+00
-085 -040 -0.337874E+00
-085 -025 -0.401020E+00
-085 -010 -0.416748E+00
-085 000 -0.393677E+00
-085 015 -0.284288E+00
-085 030 0.456692E-01
-085 050 0.610250E+00
-085 070 0.867850E+00
-085 090 0.102348E+01
-085 110 0.113705E+01
-085 130 0.110509E+01
-085 145 0.100074E+01
-085 160 0.792965E+00
-085 -200 0.792965E+00
-085 170 0.611171E+00
-085 -190 0.611171E+00
-085 180 0.356684E+00
-085 -180 0.356684E+00
-070 -165 0.139327E-01
-070 195 0.139327E-01
-070 -150 -0.259073E+00
-070 210 -0.259073E+00
-070 -130 -0.312058E+00
-070 -115 -0.228899E+00
-070 -100 -0.129721E+00
-070 -085 -0.955130E-01
-070 -070 -0.147713E+00
-070 -055 -0.248682E+00
-070 -040 -0.337262E+00
-070 -025 -0.381867E+00
-070 -010 -0.398474E+00
-070 000 -0.383739E+00
-070 015 -0.248970E+00
-070 030 0.125791E+00
-070 050 0.556086E+00
-070 070 0.788839E+00
-070 090 0.974410E+00
-070 110 0.111552E+01
-070 130 0.110603E+01
-070 145 0.102066E+01
-070 160 0.822312E+00
-070 -200 0.822312E+00
-070 170 0.647249E+00
-070 -190 0.647249E+00
-055 -165 0.472632E-01
-055 195 0.472632E-01
-055 -150 -0.250554E+00
-055 210 -0.250554E+00
-055 -130 -0.295496E+00
-055 -115 -0.178540E+00
-055 -100 -0.848897E-01
-055 -085 -0.740986E-01
-055 -070 -0.163820E+00
-055 -055 -0.257102E+00
-055 -040 -0.327333E+00
-055 -025 -0.369032E+00
-055 -010 -0.388449E+00
-055 000 -0.394143E+00
-055 015 -0.219753E+00
-055 030 0.684582E-01
-055 050 0.396993E+00
-055 070 0.654465E+00
-055 090 0.897978E+00
-055 110 0.107256E+01
-055 130 0.110903E+01
-055 145 0.103168E+01
-055 160 0.840507E+00
-055 -200 0.840507E+00
-055 170 0.681986E+00
-055 -190 0.681986E+00
-055 180 0.454433E+00
-055 -180 0.454433E+00
-040 -165 0.966310E-01
-040 195 0.966310E-01
-040 -150 -0.254627E+00
-040 210 -0.254627E+00
-040 -130 -0.251515E+00
-040 -115 -0.100247E+00
-040 -100 -0.227413E-01
-040 -085 -0.679202E-01
-040 -070 -0.165947E+00
-040 -055 -0.234314E+00
-040 -040 -0.295150E+00
-040 -025 -0.353281E+00
-040 -010 -0.434354E+00
-040 000 -0.443833E+00
-040 015 -0.299741E+00
-040 030 -0.100632E+00
-040 050 0.179447E+00
-040 070 0.515128E+00
-040 090 0.823397E+00
-040 110 0.103520E+01
-040 130 0.108695E+01
-040 145 0.994404E+00
-040 160 0.856952E+00
-040 -200 0.856952E+00
-040 170 0.714207E+00
-040 -190 0.714207E+00
-040 180 0.512638E+00
-040 -180 0.512638E+00
-025 -165 0.147446E+00
-025 195 0.147446E+00
-025 -150 -0.264969E+00
-025 210 -0.264969E+00
-025 -130 -0.975196E-01
-025 -115 -0.392828E-01
-025 -100 -0.264405E-01
-025 -085 -0.580141E-01
-025 -070 -0.128964E+00
-025 -055 -0.197385E+00
-025 -040 -0.263643E+00
-025 -025 -0.432316E+00
-025 -010 -0.583965E+00
-025 000 -0.553635E+00
-025 015 -0.429452E+00
-025 030 -0.271276E+00
-025 050 0.314163E-02
-025 070 0.408077E+00
-025 090 0.789268E+00
-025 110 0.102612E+01
-025 130 0.108245E+01
-025 145 0.103120E+01
-025 160 0.862545E+00
-025 -200 0.862545E+00
-025 170 0.737840E+00
-025 -190 0.737840E+00
-025 180 0.547693E+00
-025 -180 0.547693E+00
-010 -150 -0.248959E+00
-010 210 -0.248959E+00
-010 -130 -0.154808E+00
-010 -115 -0.719797E-01
-010 -100 -0.321865E-01
-010 -085 -0.256444E-01
-010 -070 -0.777236E-01
-010 -055 -0.162602E+00
-010 -040 -0.337271E+00
-010 -025 -0.662868E+00
-010 -010 -0.616395E+00
-010 000 -0.544880E+00
-010 015 -0.414477E+00
-010 030 -0.274740E+00
-010 050 -0.253619E-01
-010 070 0.489206E+00
-010 090 0.866656E+00
-010 110 0.102535E+01
-010 130 0.107610E+01
-010 145 0.103973E+01
-010 160 0.904674E+00
-010 -200 0.904674E+00
-010 170 0.787828E+00
-010 -190 0.787828E+00
-010 180 0.580693E+00
-010 -180 0.580693E+00
000 -165 -0.211957E+00
000 195 -0.211957E+00
000 -150 -0.271812E+00
000 210 -0.271812E+00
000 -115 -0.956728E-01
000 -100 -0.178053E-01
000 -085 -0.107591E-01
000 -070 -0.624491E-01
000 -055 -0.182828E+00
000 -040 -0.614508E+00
000 -025 -0.626841E+00
000 -010 -0.555860E+00
000 000 -0.469897E+00
000 015 -0.341868E+00
000 030 -0.214461E+00
000 050 -0.668763E-02
000 070 0.590788E+00
000 090 0.871862E+00
000 110 0.101719E+01
000 130 0.107937E+01
000 145 0.105377E+01
000 160 0.926628E+00
000 -200 0.926628E+00
000 170 0.812018E+00
000 -190 0.812018E+00
000 180 0.193924E+00
000 -180 0.193924E+00
015 -150 -0.290912E+00
015 210 -0.290912E+00
015 -130 -0.201002E+00
015 -115 -0.880760E-01
015 -100 -0.206743E-02
015 -085 -0.202462E-01
015 -070 -0.134201E+00
015 -055 -0.488217E+00
015 -040 -0.570781E+00
015 -025 -0.495181E+00
015 -010 -0.399727E+00
015 000 -0.311215E+00
015 015 -0.203163E+00
015 030 -0.136809E+00
015 070 0.620422E+00
015 090 0.872236E+00
015 110 0.102149E+01
015 130 0.110127E+01
015 145 0.109347E+01
015 160 0.716303E+00
015 -200 0.716303E+00
015 170 0.425598E+00
015 -190 0.425598E+00
015 180 0.109100E+00
015 -180 0.109100E+00
030 -150 -0.279264E+00
030 210 -0.279264E+00
030 -130 -0.208255E+00
030 -115 -0.984772E-01
030 -100 -0.429397E-01
030 -085 -0.184716E+00
030 -070 -0.332279E+00
030 -055 -0.401415E+00
030 -040 -0.454858E+00
030 -025 -0.334592E+00
030 -010 -0.238563E+00
030 000 -0.178223E+00
030 015 -0.151347E+00
030 030 -0.216363E+00
030 050 0.223825E+00
030 070 0.610527E+00
030 090 0.854099E+00
030 110 0.104187E+01
030 130 0.115407E+01
030 145 0.911875E+00
030 160 0.614419E+00
030 -200 0.614419E+00
030 170 0.374949E+00
030 -190 0.374949E+00
030 180 0.127367E+00
030 -180 0.127367E+00
050 -165 -0.147567E+00
050 195 -0.147567E+00
050 -150 -0.271567E+00
050 210 -0.271567E+00
050 -130 -0.202922E+00
050 -115 -0.117747E+00
050 -100 -0.102635E+00
050 -085 -0.197501E+00
050 -070 -0.290245E+00
050 -055 -0.323863E+00
050 -040 -0.310465E+00
050 -025 -0.176087E+00
050 -010 -0.186132E+00
050 000 -0.208301E+00
050 015 -0.347547E+00
050 030 -0.177239E+00
050 050 0.224330E+00
050 070 0.601779E+00
050 090 0.958309E+00
050 110 0.112492E+01
050 130 0.102462E+01
050 145 0.819336E+00
050 160 0.592411E+00
050 -200 0.592411E+00
050 170 0.393035E+00
050 -190 0.393035E+00
050 180 0.145539E+00
050 -180 0.145539E+00
070 -165 -0.153131E+00
070 195 -0.153131E+00
070 -150 -0.275927E+00
070 210 -0.275927E+00
070 -130 -0.219583E+00
070 -115 -0.118361E+00
070 -100 -0.748514E-01
070 -085 -0.166387E+00
070 -070 -0.264025E+00
070 -055 -0.302696E+00
070 -040 -0.273055E+00
070 -025 -0.230840E+00
070 -010 -0.283314E+00
070 000 -0.396216E+00
070 015 -0.365893E+00
070 030 -0.185359E+00
070 050 0.208388E+00
070 070 0.661417E+00
070 090 0.107276E+01
070 110 0.110193E+01
070 130 0.982697E+00
070 145 0.832243E+00
070 160 0.604072E+00
070 -200 0.604072E+00
070 170 0.397892E+00
070 -190 0.397892E+00
090 -165 -0.172758E+00
090 195 -0.172758E+00
090 -150 -0.285743E+00
090 210 -0.285743E+00
090 -130 -0.229290E+00
090 -115 -0.143553E+00
090 -100 -0.723902E-01
090 -085 -0.128919E+00
090 -070 -0.224664E+00
090 -055 -0.272341E+00
090 -040 -0.271376E+00
090 -025 -0.324184E+00
090 -010 -0.414177E+00
090 000 -0.429003E+00
090 015 -0.365660E+00
090 030 -0.200303E+00
090 050 0.234682E+00
090 070 0.867306E+00
090 090 0.109353E+01
090 110 0.107533E+01
090 130 0.967798E+00
090 145 0.839951E+00
090 160 0.624688E+00
090 -200 0.624688E+00
090 170 0.378720E+00
090 -190 0.378720E+00
090 180 0.115911E+00
090 -180 0.115911E+00
110 -165 -0.182005E+00
110 195 -0.182005E+00
110 -150 -0.269304E+00
110 210 -0.269304E+00
110 -130 -0.223646E+00
110 -115 -0.149306E+00
110 -100 -0.949264E-01
110 -085 -0.998462E-01
110 -070 -0.175702E+00
110 -055 -0.239323E+00
110 -040 -0.300056E+00
110 -025 -0.352008E+00
110 -010 -0.385954E+00
110 000 -0.392358E+00
110 015 -0.349456E+00
110 030 -0.217434E+00
110 050 0.297028E+00
110 070 0.101662E+01
110 090 0.107966E+01
110 110 0.105786E+01
110 130 0.966447E+00
110 145 0.823024E+00
110 160 0.604185E+00
110 -200 0.604185E+00
110 170 0.372777E+00
110 -190 0.372777E+00
110 180 0.111106E+00
110 -180 0.111106E+00
130 -165 -0.164893E+00
130 195 -0.164893E+00
130 -150 -0.282125E+00
130 210 -0.282125E+00
130 -130 -0.227369E+00
130 -115 -0.155767E+00
130 -100 -0.924609E-01
130 -085 -0.976850E-01
130 -070 -0.171150E+00
130 -055 -0.245150E+00
130 -040 -0.279032E+00
130 -010 -0.309107E+00
130 000 -0.321470E+00
130 015 -0.326022E+00
130 030 -0.241333E+00
130 050 0.868565E+00
130 070 0.102791E+01
130 090 0.106802E+01
130 110 0.105107E+01
130 130 0.960360E+00
130 145 0.812341E+00
130 160 0.593027E+00
130 -200 0.593027E+00
130 170 0.397051E+00
130 -190 0.397051E+00
130 180 0.141405E+00
130 -180 0.141405E+00
150 -165 -0.137163E+00
-210 -165 -0.137163E+00
150 195 -0.137163E+00
150 -150 -0.280019E+00
-210 -150 -0.280019E+00
150 210 -0.280019E+00
150 -130 -0.260395E+00
-210 -130 -0.260395E+00
150 -115 -0.178534E+00
-210 -115 -0.178534E+00
150 -100 -0.102384E+00
-210 -100 -0.102384E+00
150 -085 -0.105992E+00
-210 -085 -0.105992E+00
150 -070 -0.167944E+00
-210 -070 -0.167944E+00
150 -055 -0.232895E+00
-210 -055 -0.232895E+00
150 -040 -0.254027E+00
-210 -040 -0.254027E+00
150 -025 -0.247290E+00
-210 -025 -0.247290E+00
150 -010 -0.243695E+00
-210 -010 -0.243695E+00
150 000 -0.263896E+00
-210 000 -0.263896E+00
150 015 -0.356907E-02
-210 015 -0.356907E-02
150 030 0.365390E+00
-210 030 0.365390E+00
150 050 0.758697E+00
-210 050 0.758697E+00
150 070 0.982834E+00
-210 070 0.982834E+00
150 090 0.104100E+01
-210 090 0.104100E+01
150 110 0.105141E+01
-210 110 0.105141E+01
150 130 0.980908E+00
-210 130 0.980908E+00
150 145 0.844668E+00
-210 145 0.844668E+00
150 160 0.624229E+00
-210 160 0.624229E+00
150 -200 0.624229E+00
-210 -200 0.624229E+00
150 170 0.433792E+00
-210 170 0.433792E+00
150 -190 0.433792E+00
-210 -190 0.433792E+00
150 180 0.198539E+00
-210 180 0.198539E+00
150 -180 0.198539E+00
-210 -180 0.198539E+00
165 -165 -0.125428E+00
-195 -165 -0.125428E+00
165 195 -0.125428E+00
165 -150 -0.300522E+00
-195 -150 -0.300522E+00
165 210 -0.300522E+00
165 -130 -0.295100E+00
-195 -130 -0.295100E+00
165 -115 -0.204719E+00
-195 -115 -0.204719E+00
165 -100 -0.126616E+00
-195 -100 -0.126616E+00
165 -085 -0.118888E+00
-195 -085 -0.118888E+00
165 -070 -0.165664E+00
-195 -070 -0.165664E+00
165 -055 -0.220422E+00
-195 -055 -0.220422E+00
165 -040 -0.242763E+00
-195 -040 -0.242763E+00
165 -025 -0.234369E+00
-195 -025 -0.234369E+00
165 -010 -0.490485E+00
-195 -010 -0.490485E+00
165 000 -0.358949E+00
-195 000 -0.358949E+00
165 015 -0.775433E-01
-195 015 -0.775433E-01
165 030 0.240820E+00
-195 030 0.240820E+00
165 050 0.613432E+00
-195 050 0.613432E+00
165 070 0.872688E+00
-195 070 0.872688E+00
165 090 0.101091E+01
-195 090 0.101091E+01
165 110 0.106247E+01
-195 110 0.106247E+01
165 130 0.995624E+00
-195 130 0.995624E+00
165 145 0.854204E+00
-195 145 0.854204E+00
165 160 0.651107E+00
-195 160 0.651107E+00
165 -200 0.651107E+00
-195 -200 0.651107E+00
165 170 0.456796E+00
-195 170 0.456796E+00
165 -190 0.456796E+00
-195 -190 0.456796E+00
165 180 0.218616E+00
-195 180 0.218616E+00
165 -180 0.218616E+00
-195 -180 0.218616E+00
180 -165 -0.116885E+00
-180 -165 -0.116885E+00
180 195 -0.116885E+00
180 -150 -0.308897E+00
-180 -150 -0.308897E+00
180 210 -0.308897E+00
180 -130 -0.311432E+00
-180 -130 -0.311432E+00
180 -115 -0.234818E+00
-180 -115 -0.234818E+00
180 -100 -0.157217E+00
-180 -100 -0.157217E+00
180 -085 -0.142941E+00
-180 -085 -0.142941E+00
180 -070 -0.174612E+00
-180 -070 -0.174612E+00
180 -055 -0.210367E+00
-180 -055 -0.210367E+00
180 -040 -0.228900E+00
-180 -040 -0.228900E+00
180 -025 -0.221946E+00
-180 -025 -0.221946E+00
180 -010 -0.495661E+00
-180 -010 -0.495661E+00
180 000 -0.392864E+00
-180 000 -0.392864E+00
180 015 -0.161475E+00
-180 015 -0.161475E+00
180 030 0.111222E+00
-180 030 0.111222E+00
180 070 0.784774E+00
-180 070 0.784774E+00
180 090 0.100795E+01
-180 090 0.100795E+01
180 110 0.107689E+01
-180 110 0.107689E+01
180 130 0.100936E+01
-180 130 0.100936E+01
180 145 0.873836E+00
-180 145 0.873836E+00
180 160 0.666194E+00
-180 160 0.666194E+00
180 -200 0.666194E+00
-180 -200 0.666194E+00
180 170 0.465099E+00
-180 170 0.465099E+00
180 -190 0.465099E+00
-180 -190 0.465099E+00
180 180 0.230346E+00
-180 180 0.230346E+00
180 -180 0.230346E+00
-180 -180 0.230346E+00
