PHI PSI J_11_21
-165 -165 -0.642172E-01
195 -165 -0.642172E-01
-165 195 -0.642172E-01
195 195 -0.642172E-01
-165 -150 -0.366582E-01
195 -150 -0.366582E-01
-165 210 -0.366582E-01
195 210 -0.366582E-01
-165 -130 0.449746E-02
195 -130 0.449746E-02
-165 -115 0.169409E-01
195 -115 0.169409E-01
-165 -100 -0.436629E-02
195 -100 -0.436629E-02
-165 -085 -0.125156E+00
195 -085 -0.125156E+00
-165 -070 -0.254917E+00
195 -070 -0.254917E+00
-165 -055 -0.280924E+00
195 -055 -0.280924E+00
-165 -040 -0.112483E+00
195 -040 -0.112483E+00
-165 -025 0.337079E-01
195 -025 0.337079E-01
-165 -010 0.259172E-02
195 -010 0.259172E-02
-165 000 0.245390E+00
195 000 0.245390E+00
-165 015 0.406801E+00
195 015 0.406801E+00
-165 030 0.299783E+00
195 030 0.299783E+00
-165 050 0.361090E-02
195 050 0.361090E-02
-165 070 -0.558750E-01
195 070 -0.558750E-01
-165 090 0.326556E-01
195 090 0.326556E-01
-165 110 0.112000E+00
195 110 0.112000E+00
-165 130 0.163250E+00
195 130 0.163250E+00
-165 145 0.137533E+00
195 145 0.137533E+00
-165 160 0.592895E-01
195 160 0.592895E-01
-165 -200 0.592895E-01
-165 170 -0.621144E-03
195 170 -0.621144E-03
-165 -190 -0.621144E-03
-165 180 -0.501003E-01
195 180 -0.501003E-01
-165 -180 -0.501003E-01
-150 -165 -0.687330E-01
210 -165 -0.687330E-01
-150 195 -0.687330E-01
210 195 -0.687330E-01
-150 -150 -0.300453E-01
210 -150 -0.300453E-01
-150 210 -0.300453E-01
210 210 -0.300453E-01
-150 -130 0.337694E-01
210 -130 0.337694E-01
-150 -115 0.505755E-01
210 -115 0.505755E-01
-150 -100 0.177866E-01
210 -100 0.177866E-01
-150 -085 -0.124395E+00
210 -085 -0.124395E+00
-150 -070 -0.259275E+00
210 -070 -0.259275E+00
-150 -055 -0.282725E+00
210 -055 -0.282725E+00
-150 -040 -0.181522E+00
210 -040 -0.181522E+00
-150 -025 -0.310340E+00
210 -025 -0.310340E+00
-150 -010 -0.728836E-02
210 -010 -0.728836E-02
-150 000 0.190491E+00
210 000 0.190491E+00
-150 015 0.272428E+00
210 015 0.272428E+00
-150 030 0.149884E+00
210 030 0.149884E+00
-150 050 -0.876588E-01
210 050 -0.876588E-01
-150 070 -0.766342E-01
210 070 -0.766342E-01
-150 090 0.199476E-01
210 090 0.199476E-01
-150 110 0.954490E-01
210 110 0.954490E-01
-150 130 0.120899E+00
210 130 0.120899E+00
-150 145 0.798491E-01
210 145 0.798491E-01
-150 160 0.301347E-02
210 160 0.301347E-02
-150 -200 0.301347E-02
-150 170 -0.461177E-01
210 170 -0.461177E-01
-150 -190 -0.461177E-01
-125 -165 -0.673522E-01
-125 195 -0.673522E-01
-125 -150 0.322049E-02
-125 210 0.322049E-02
-125 -130 0.994549E-01
-125 -115 0.849005E-01
-125 -100 0.162093E-01
-125 -085 -0.124242E+00
-125 -070 -0.267519E+00
-125 -055 -0.547692E+00
-125 -040 -0.556970E+00
-125 -025 -0.311305E+00
-125 -010 -0.711776E-01
-125 000 0.124165E-01
-125 015 0.389418E-01
-125 030 -0.591249E-01
-125 050 -0.169802E+00
-125 070 -0.889423E-01
-125 090 0.173021E-01
-125 110 0.651672E-01
-125 130 0.344345E-01
-125 145 -0.217620E-01
-125 160 -0.804666E-01
-125 -200 -0.804666E-01
-125 170 -0.960507E-01
-125 -190 -0.960507E-01
-100 -165 -0.170987E-01
-100 195 -0.170987E-01
-100 -150 0.375807E-01
-100 210 0.375807E-01
-100 -130 0.621857E-01
-100 -115 0.390171E-01
-100 -100 -0.421971E-02
-100 -085 -0.105760E+00
-100 -070 -0.261463E+00
-100 -055 -0.446249E+00
-100 -040 -0.420811E+00
-100 -025 -0.278414E+00
-100 -010 -0.146536E+00
-100 000 -0.116294E+00
-100 015 -0.150582E+00
-100 030 -0.210434E+00
-100 050 -0.213503E+00
-100 070 -0.824438E-01
-100 090 0.737157E-01
-100 110 0.779641E-01
-100 130 -0.769846E-02
-100 145 -0.598368E-01
-100 160 -0.901702E-01
-100 -200 -0.901702E-01
-100 170 -0.923863E-01
-100 -190 -0.923863E-01
-085 -165 -0.287973E-01
-085 195 -0.287973E-01
-085 -150 -0.195589E-01
-085 210 -0.195589E-01
-085 -130 -0.140133E-01
-085 -115 -0.148704E-01
-085 -100 -0.300127E-01
-085 -085 -0.931598E-01
-085 -070 -0.236792E+00
-085 -055 -0.388438E+00
-085 -040 -0.367104E+00
-085 -025 -0.260253E+00
-085 -010 -0.216699E+00
-085 000 -0.238915E+00
-085 015 -0.277631E+00
-085 030 -0.275266E+00
-085 050 -0.265911E+00
-085 070 -0.730261E-01
-085 090 0.171483E+00
-085 110 0.151276E+00
-085 130 0.488666E-01
-085 145 -0.161682E-01
-085 160 -0.462475E-01
-085 -200 -0.462475E-01
-085 170 -0.478974E-01
-085 -190 -0.478974E-01
-085 180 -0.388186E-01
-085 -180 -0.388186E-01
-070 -165 -0.838099E-01
-070 195 -0.838099E-01
-070 -150 -0.992084E-01
-070 210 -0.992084E-01
-070 -130 -0.918918E-01
-070 -115 -0.685285E-01
-070 -100 -0.477510E-01
-070 -085 -0.894570E-01
-070 -070 -0.215960E+00
-070 -055 -0.352925E+00
-070 -040 -0.341479E+00
-070 -025 -0.320086E+00
-070 -010 -0.350531E+00
-070 000 -0.368323E+00
-070 015 -0.354866E+00
-070 030 -0.323738E+00
-070 050 -0.271541E+00
-070 070 -0.506973E-01
-070 090 0.209313E+00
-070 110 0.238000E+00
-070 130 0.127089E+00
-070 145 0.710749E-01
-070 160 0.157400E-01
-070 -200 0.157400E-01
-070 170 -0.242064E-01
-070 -190 -0.242064E-01
-055 -165 -0.148429E+00
-055 195 -0.148429E+00
-055 -150 -0.174334E+00
-055 210 -0.174334E+00
-055 -130 -0.159234E+00
-055 -115 -0.925918E-01
-055 -100 -0.490739E-01
-055 -085 -0.635853E-01
-055 -070 -0.192687E+00
-055 -055 -0.341441E+00
-055 -040 -0.386627E+00
-055 -025 -0.421343E+00
-055 -010 -0.436489E+00
-055 000 -0.424061E+00
-055 015 -0.379999E+00
-055 030 -0.380669E+00
-055 050 -0.272970E+00
-055 070 -0.100590E-02
-055 090 0.270361E+00
-055 110 0.324085E+00
-055 130 0.240452E+00
-055 145 0.166033E+00
-055 160 0.635219E-01
-055 -200 0.635219E-01
-055 170 -0.170017E-01
-055 -190 -0.170017E-01
-055 180 -0.921721E-01
-055 -180 -0.921721E-01
-040 -165 -0.185411E+00
-040 195 -0.185411E+00
-040 -150 -0.209814E+00
-040 210 -0.209814E+00
-040 -130 -0.158678E+00
-040 -115 -0.350397E-01
-040 -100 0.655436E-01
-040 -085 0.115684E-01
-040 -070 -0.193377E+00
-040 -055 -0.340714E+00
-040 -040 -0.426720E+00
-040 -025 -0.465258E+00
-040 -010 -0.464006E+00
-040 000 -0.457845E+00
-040 015 -0.512657E+00
-040 030 -0.458424E+00
-040 050 -0.275421E+00
-040 070 0.615319E-01
-040 090 0.341991E+00
-040 110 0.406984E+00
-040 130 0.331012E+00
-040 145 0.235099E+00
-040 160 0.118921E+00
-040 -200 0.118921E+00
-040 170 0.899343E-02
-040 -190 0.899343E-02
-040 180 -0.889474E-01
-040 -180 -0.889474E-01
-025 -165 -0.163674E+00
-025 195 -0.163674E+00
-025 -150 -0.153476E+00
-025 210 -0.153476E+00
-025 -130 0.519630E+00
-025 -115 0.354570E+00
-025 -100 0.212381E+00
-025 -085 0.179226E-01
-025 -070 -0.184526E+00
-025 -055 -0.345031E+00
-025 -040 -0.446268E+00
-025 -025 -0.461736E+00
-025 -010 -0.611752E+00
-025 000 -0.608984E+00
-025 015 -0.591856E+00
-025 030 -0.505701E+00
-025 050 -0.252783E+00
-025 070 0.125396E+00
-025 090 0.313243E+00
-025 110 0.442221E+00
-025 130 0.449595E+00
-025 145 0.347356E+00
-025 160 0.203765E+00
-025 -200 0.203765E+00
-025 170 0.855086E-01
-025 -190 0.855086E-01
-025 180 -0.253527E-01
-025 -180 -0.253527E-01
-010 -150 0.406180E+00
-010 210 0.406180E+00
-010 -130 0.329837E+00
-010 -115 0.273643E+00
-010 -100 0.176946E+00
-010 -085 0.236525E-01
-010 -070 -0.171743E+00
-010 -055 -0.347875E+00
-010 -040 -0.484573E+00
-010 -025 -0.550763E+00
-010 -010 -0.600949E+00
-010 000 -0.614019E+00
-010 015 -0.597587E+00
-010 030 -0.502758E+00
-010 050 -0.247104E+00
-010 070 -0.745800E-01
-010 090 0.221004E+00
-010 110 0.456729E+00
-010 130 0.526625E+00
-010 145 0.480985E+00
-010 160 0.357942E+00
-010 -200 0.357942E+00
-010 170 0.237861E+00
-010 -190 0.237861E+00
-010 180 0.113665E+00
-010 -180 0.113665E+00
000 -165 0.323640E+00
000 195 0.323640E+00
000 -150 0.276867E+00
000 210 0.276867E+00
000 -115 0.218953E+00
000 -100 0.169954E+00
000 -085 0.229538E-01
000 -070 -0.171184E+00
000 -055 -0.373670E+00
000 -040 -0.449650E+00
000 -025 -0.528949E+00
000 -010 -0.600483E+00
000 000 -0.620777E+00
000 015 -0.606627E+00
000 030 -0.506953E+00
000 050 -0.316904E+00
000 070 -0.122481E+00
000 090 0.215017E+00
000 110 0.484777E+00
000 130 0.590604E+00
000 145 0.585794E+00
000 160 0.487560E+00
000 -200 0.487560E+00
000 170 0.417950E+00
000 -190 0.417950E+00
000 180 0.535470E+00
000 -180 0.535470E+00
015 -150 0.103523E+00
015 210 0.103523E+00
015 -130 0.156135E+00
015 -115 0.191915E+00
015 -100 0.170127E+00
015 -085 0.260052E-01
015 -070 -0.185189E+00
015 -055 -0.239402E+00
015 -040 -0.413250E+00
015 -025 -0.547484E+00
015 -010 -0.626422E+00
015 000 -0.644783E+00
015 015 -0.609305E+00
015 030 -0.528510E+00
015 070 -0.131572E+00
015 090 0.222894E+00
015 110 0.533334E+00
015 130 0.727958E+00
015 145 0.796500E+00
015 160 0.341839E+00
015 -200 0.341839E+00
015 170 0.858926E-01
015 -190 0.858926E-01
015 180 0.477015E-01
015 -180 0.477015E-01
030 -150 0.221797E-01
030 210 0.221797E-01
030 -130 0.991296E-01
030 -115 0.154077E+00
030 -100 0.151484E+00
030 -085 0.755580E-01
030 -070 -0.439685E-01
030 -055 -0.259347E+00
030 -040 -0.432302E+00
030 -025 -0.578765E+00
030 -010 -0.642776E+00
030 000 -0.638029E+00
030 015 -0.584112E+00
030 030 -0.473826E+00
030 050 -0.346931E+00
030 070 -0.126697E+00
030 090 0.264088E+00
030 110 0.608562E+00
030 130 0.853848E+00
030 145 0.363882E-01
030 160 -0.117460E+00
030 -200 -0.117460E+00
030 170 -0.931045E-01
030 -190 -0.931045E-01
030 180 -0.823588E-01
030 -180 -0.823588E-01
050 -165 -0.371368E-01
050 195 -0.371368E-01
050 -150 -0.147489E-01
050 210 -0.147489E-01
050 -130 0.473220E-01
050 -115 0.665057E-01
050 -100 0.767372E-01
050 -085 0.451615E-01
050 -070 -0.118068E+00
050 -055 -0.317683E+00
050 -040 -0.472214E+00
050 -025 -0.401800E+00
050 -010 -0.567969E+00
050 000 -0.543776E+00
050 015 -0.454902E+00
050 030 -0.355732E+00
050 050 -0.285776E+00
050 070 -0.109495E+00
050 090 0.141538E+00
050 110 0.150900E+00
050 130 0.408803E-01
050 145 -0.505307E-01
050 160 -0.587407E-01
050 -200 -0.587407E-01
050 170 -0.468231E-01
050 -190 -0.468231E-01
050 180 -0.494456E-01
050 -180 -0.494456E-01
070 -165 0.191487E-01
070 195 0.191487E-01
070 -150 -0.501640E-02
070 210 -0.501640E-02
070 -130 0.493588E-02
070 -115 0.297705E-01
070 -100 0.584043E-01
070 -085 0.598284E-02
070 -070 -0.179510E+00
070 -055 -0.390071E+00
070 -040 -0.540665E+00
070 -025 -0.576217E+00
070 -010 -0.524543E+00
070 000 -0.438653E+00
070 015 -0.254796E+00
070 030 -0.141013E+00
070 050 -0.210893E+00
070 070 -0.904167E-01
070 090 0.492668E-01
070 110 0.147783E+00
070 130 0.138326E+00
070 145 0.123623E+00
070 160 0.105435E+00
070 -200 0.105435E+00
070 170 0.922589E-01
070 -190 0.922589E-01
090 -165 -0.170121E-01
090 195 -0.170121E-01
090 -150 -0.408133E-01
090 210 -0.408133E-01
090 -130 -0.613643E-01
090 -115 -0.344072E-01
090 -100 0.207912E-02
090 -085 -0.347947E-01
090 -070 -0.225353E+00
090 -055 -0.434879E+00
090 -040 -0.519133E+00
090 -025 -0.465711E+00
090 -010 -0.320381E+00
090 000 -0.194955E+00
090 015 -0.329229E-01
090 030 -0.730920E-01
090 050 -0.230405E+00
090 070 -0.117327E+00
090 090 0.432919E-01
090 110 0.177535E+00
090 130 0.261169E+00
090 145 0.280699E+00
090 160 0.231436E+00
090 -200 0.231436E+00
090 170 0.178246E+00
090 -190 0.178246E+00
090 180 0.980602E-01
090 -180 0.980602E-01
110 -165 -0.875061E-01
110 195 -0.875061E-01
110 -150 -0.120288E+00
110 210 -0.120288E+00
110 -130 -0.100802E+00
110 -115 -0.921588E-01
110 -100 -0.770229E-01
110 -085 -0.109786E+00
110 -070 -0.234953E+00
110 -055 -0.368800E+00
110 -040 -0.395176E+00
110 -025 -0.306558E+00
110 -010 -0.153337E+00
110 000 -0.552558E-01
110 015 -0.198132E-01
110 030 -0.146711E+00
110 050 -0.323674E+00
110 070 -0.606324E-02
110 090 0.521652E-01
110 110 0.205412E+00
110 130 0.317479E+00
110 145 0.316657E+00
110 160 0.212885E+00
110 -200 0.212885E+00
110 170 0.858709E-01
110 -190 0.858709E-01
110 180 -0.153743E-02
110 -180 -0.153743E-02
130 -165 -0.152411E+00
130 195 -0.152411E+00
130 -150 -0.160683E+00
130 210 -0.160683E+00
130 -130 -0.127647E+00
130 -115 -0.105492E+00
130 -100 -0.971110E-01
130 -085 -0.125999E+00
130 -070 -0.223652E+00
130 -055 -0.326067E+00
130 -040 -0.303429E+00
130 -010 -0.467225E-01
130 000 -0.217601E-02
130 015 -0.556669E-01
130 030 -0.252104E+00
130 050 0.432455E+00
130 070 0.135785E+00
130 090 0.547238E-01
130 110 0.201465E+00
130 130 0.277953E+00
130 145 0.231074E+00
130 160 0.793702E-01
130 -200 0.793702E-01
130 170 -0.295617E-01
130 -190 -0.295617E-01
130 180 -0.101162E+00
130 -180 -0.101162E+00
150 -165 -0.142348E+00
-210 -165 -0.142348E+00
150 195 -0.142348E+00
150 -150 -0.132237E+00
-210 -150 -0.132237E+00
150 210 -0.132237E+00
150 -130 -0.103107E+00
-210 -130 -0.103107E+00
150 -115 -0.876853E-01
-210 -115 -0.876853E-01
150 -100 -0.830561E-01
-210 -100 -0.830561E-01
150 -085 -0.117929E+00
-210 -085 -0.117929E+00
150 -070 -0.209862E+00
-210 -070 -0.209862E+00
150 -055 -0.293851E+00
-210 -055 -0.293851E+00
150 -040 -0.235375E+00
-210 -040 -0.235375E+00
150 -025 -0.703503E-01
-210 -025 -0.703503E-01
150 -010 0.791875E-01
-210 -010 0.791875E-01
150 000 0.881645E-01
-210 000 0.881645E-01
150 015 0.601395E+00
-210 015 0.601395E+00
150 030 0.808818E+00
-210 030 0.808818E+00
150 050 0.518698E+00
-210 050 0.518698E+00
150 070 0.137027E+00
-210 070 0.137027E+00
150 090 0.471790E-01
-210 090 0.471790E-01
150 110 0.170432E+00
-210 110 0.170432E+00
150 130 0.219488E+00
-210 130 0.219488E+00
150 145 0.181692E+00
-210 145 0.181692E+00
150 160 0.737031E-01
-210 160 0.737031E-01
150 -200 0.737031E-01
-210 -200 0.737031E-01
150 170 -0.159771E-01
-210 170 -0.159771E-01
150 -190 -0.159771E-01
-210 -190 -0.159771E-01
150 180 -0.944535E-01
-210 180 -0.944535E-01
150 -180 -0.944535E-01
-210 -180 -0.944535E-01
165 -165 -0.107852E+00
-195 -165 -0.107852E+00
165 195 -0.107852E+00
165 -150 -0.966959E-01
-195 -150 -0.966959E-01
165 210 -0.966959E-01
165 -130 -0.678863E-01
-195 -130 -0.678863E-01
165 -115 -0.568553E-01
-195 -115 -0.568553E-01
165 -100 -0.621469E-01
-195 -100 -0.621469E-01
165 -085 -0.102739E+00
-195 -085 -0.102739E+00
165 -070 -0.209036E+00
-195 -070 -0.209036E+00
165 -055 -0.284640E+00
-195 -055 -0.284640E+00
165 -040 -0.193528E+00
-195 -040 -0.193528E+00
165 -025 0.237445E-01
-195 -025 0.237445E-01
165 -010 -0.251420E+00
-195 -010 -0.251420E+00
165 000 0.235526E+00
-195 000 0.235526E+00
165 015 0.673260E+00
-195 015 0.673260E+00
165 030 0.714355E+00
-195 030 0.714355E+00
165 050 0.327255E+00
-195 050 0.327255E+00
165 070 0.345935E-01
-195 070 0.345935E-01
165 090 0.398089E-01
-195 090 0.398089E-01
165 110 0.141153E+00
-195 110 0.141153E+00
165 130 0.198921E+00
-195 130 0.198921E+00
165 145 0.176119E+00
-195 145 0.176119E+00
165 160 0.855389E-01
-195 160 0.855389E-01
165 -200 0.855389E-01
-195 -200 0.855389E-01
165 170 0.862991E-02
-195 170 0.862991E-02
165 -190 0.862991E-02
-195 -190 0.862991E-02
165 180 -0.621860E-01
-195 180 -0.621860E-01
165 -180 -0.621860E-01
-195 -180 -0.621860E-01
180 -165 -0.773003E-01
-180 -165 -0.773003E-01
180 195 -0.773003E-01
180 -150 -0.608103E-01
-180 -150 -0.608103E-01
180 210 -0.608103E-01
180 -130 -0.262163E-01
-180 -130 -0.262163E-01
180 -115 -0.184403E-01
-180 -115 -0.184403E-01
180 -100 -0.367017E-01
-180 -100 -0.367017E-01
180 -085 -0.105987E+00
-180 -085 -0.105987E+00
180 -070 -0.237663E+00
-180 -070 -0.237663E+00
180 -055 -0.275604E+00
-180 -055 -0.275604E+00
180 -040 -0.136135E+00
-180 -040 -0.136135E+00
180 -025 0.975708E-01
-180 -025 0.975708E-01
180 -010 -0.534139E-01
-180 -010 -0.534139E-01
180 000 0.307232E+00
-180 000 0.307232E+00
180 015 0.573412E+00
-180 015 0.573412E+00
180 030 0.486350E+00
-180 030 0.486350E+00
180 070 -0.248759E-01
-180 070 -0.248759E-01
180 090 0.374438E-01
-180 090 0.374438E-01
180 110 0.124349E+00
-180 110 0.124349E+00
180 130 0.187502E+00
-180 130 0.187502E+00
180 145 0.169887E+00
-180 145 0.169887E+00
180 160 0.877825E-01
-180 160 0.877825E-01
180 -200 0.877825E-01
-180 -200 0.877825E-01
180 170 0.199859E-01
-180 170 0.199859E-01
180 -190 0.199859E-01
-180 -190 0.199859E-01
180 180 -0.409062E-01
-180 180 -0.409062E-01
180 -180 -0.409062E-01
-180 -180 -0.409062E-01
