PHI PSI J_13_22
-165 -165 0.579426E+00
195 -165 0.579426E+00
-165 195 0.579426E+00
195 195 0.579426E+00
-165 -150 0.477172E+00
195 -150 0.477172E+00
-165 210 0.477172E+00
195 210 0.477172E+00
-165 -130 0.330914E+00
195 -130 0.330914E+00
-165 -115 0.227915E+00
195 -115 0.227915E+00
-165 -100 0.134785E+00
195 -100 0.134785E+00
-165 -085 -0.927936E-02
195 -085 -0.927936E-02
-165 -070 -0.969604E-01
195 -070 -0.969604E-01
-165 -055 -0.144315E+00
195 -055 -0.144315E+00
-165 -040 -0.192787E+00
195 -040 -0.192787E+00
-165 -025 -0.263542E+00
195 -025 -0.263542E+00
-165 -010 -0.270536E+00
195 -010 -0.270536E+00
-165 000 -0.182341E+00
195 000 -0.182341E+00
-165 015 -0.488528E-01
195 015 -0.488528E-01
-165 030 0.528511E-01
195 030 0.528511E-01
-165 050 0.174045E+00
195 050 0.174045E+00
-165 070 0.375672E+00
195 070 0.375672E+00
-165 090 0.611912E+00
195 090 0.611912E+00
-165 110 0.797208E+00
195 110 0.797208E+00
-165 130 0.899135E+00
195 130 0.899135E+00
-165 145 0.903172E+00
195 145 0.903172E+00
-165 160 0.846899E+00
195 160 0.846899E+00
-165 -200 0.846899E+00
-165 170 0.777495E+00
195 170 0.777495E+00
-165 -190 0.777495E+00
-165 180 0.723181E+00
195 180 0.723181E+00
-165 -180 0.723181E+00
-150 -165 0.575276E+00
210 -165 0.575276E+00
-150 195 0.575276E+00
210 195 0.575276E+00
-150 -150 0.470970E+00
210 -150 0.470970E+00
-150 210 0.470970E+00
210 210 0.470970E+00
-150 -130 0.310002E+00
210 -130 0.310002E+00
-150 -115 0.210006E+00
210 -115 0.210006E+00
-150 -100 0.792730E-01
210 -100 0.792730E-01
-150 -085 -0.210747E-01
210 -085 -0.210747E-01
-150 -070 -0.118680E+00
210 -070 -0.118680E+00
-150 -055 -0.192930E+00
210 -055 -0.192930E+00
-150 -040 -0.252642E+00
210 -040 -0.252642E+00
-150 -025 -0.401691E+00
210 -025 -0.401691E+00
-150 -010 -0.124657E+00
210 -010 -0.124657E+00
-150 000 -0.380364E-01
210 000 -0.380364E-01
-150 015 0.775545E-01
210 015 0.775545E-01
-150 030 0.147315E+00
210 030 0.147315E+00
-150 050 0.202130E+00
210 050 0.202130E+00
-150 070 0.386138E+00
210 070 0.386138E+00
-150 090 0.622492E+00
210 090 0.622492E+00
-150 110 0.801130E+00
210 110 0.801130E+00
-150 130 0.882122E+00
210 130 0.882122E+00
-150 145 0.887030E+00
210 145 0.887030E+00
-150 160 0.830418E+00
210 160 0.830418E+00
-150 -200 0.830418E+00
-150 170 0.757708E+00
210 170 0.757708E+00
-150 -190 0.757708E+00
-125 -165 0.452051E+00
-125 195 0.452051E+00
-125 -150 0.320678E+00
-125 210 0.320678E+00
-125 -130 0.167192E+00
-125 -115 0.895718E-01
-125 -100 0.312780E-01
-125 -085 -0.669337E-01
-125 -070 -0.147433E+00
-125 -055 -0.210716E+00
-125 -040 -0.171481E+00
-125 -025 -0.759216E-01
-125 -010 0.561939E-01
-125 000 0.121901E+00
-125 015 0.179303E+00
-125 030 0.190892E+00
-125 050 0.222912E+00
-125 070 0.388581E+00
-125 090 0.606330E+00
-125 110 0.778403E+00
-125 130 0.841243E+00
-125 145 0.805157E+00
-125 160 0.768398E+00
-125 -200 0.768398E+00
-125 170 0.713287E+00
-125 -190 0.713287E+00
-100 -165 0.281540E+00
-100 195 0.281540E+00
-100 -150 0.169348E+00
-100 210 0.169348E+00
-100 -130 0.750394E-01
-100 -115 0.378142E-01
-100 -100 -0.654769E-02
-100 -085 -0.832730E-01
-100 -070 -0.131942E+00
-100 -055 -0.127102E+00
-100 -040 -0.447129E-01
-100 -025 0.560622E-01
-100 -010 0.145326E+00
-100 000 0.187193E+00
-100 015 0.194425E+00
-100 030 0.158524E+00
-100 050 0.189532E+00
-100 070 0.392807E+00
-100 090 0.597542E+00
-100 110 0.728950E+00
-100 130 0.758674E+00
-100 145 0.754687E+00
-100 160 0.670130E+00
-100 -200 0.670130E+00
-100 170 0.562056E+00
-100 -190 0.562056E+00
-085 -165 0.217978E+00
-085 195 0.217978E+00
-085 -150 0.136350E+00
-085 210 0.136350E+00
-085 -130 0.708530E-01
-085 -115 0.349518E-01
-085 -100 -0.241263E-01
-085 -085 -0.821682E-01
-085 -070 -0.107197E+00
-085 -055 -0.789900E-01
-085 -040 0.467708E-02
-085 -025 0.929448E-01
-085 -010 0.168323E+00
-085 000 0.178159E+00
-085 015 0.139938E+00
-085 030 0.667320E-01
-085 050 0.142116E+00
-085 070 0.362458E+00
-085 090 0.556343E+00
-085 110 0.707520E+00
-085 130 0.769552E+00
-085 145 0.724894E+00
-085 160 0.618865E+00
-085 -200 0.618865E+00
-085 170 0.512212E+00
-085 -190 0.512212E+00
-085 180 0.367383E+00
-085 -180 0.367383E+00
-070 -165 0.202632E+00
-070 195 0.202632E+00
-070 -150 0.114633E+00
-070 210 0.114633E+00
-070 -130 0.515798E-01
-070 -115 0.223802E-01
-070 -100 -0.324107E-01
-070 -085 -0.839062E-01
-070 -070 -0.973500E-01
-070 -055 -0.380836E-01
-070 -040 0.425537E-01
-070 -025 0.115145E+00
-070 -010 0.123017E+00
-070 000 0.103771E+00
-070 015 0.549713E-02
-070 030 -0.696956E-01
-070 050 0.710728E-01
-070 070 0.306182E+00
-070 090 0.479836E+00
-070 110 0.677488E+00
-070 130 0.751843E+00
-070 145 0.711362E+00
-070 160 0.602433E+00
-070 -200 0.602433E+00
-070 170 0.467368E+00
-070 -190 0.467368E+00
-055 -165 0.189933E+00
-055 195 0.189933E+00
-055 -150 0.911467E-01
-055 210 0.911467E-01
-055 -130 0.141165E-01
-055 -115 -0.343467E-01
-055 -100 -0.810454E-01
-055 -085 -0.986233E-01
-055 -070 -0.763846E-01
-055 -055 0.555254E-02
-055 -040 0.596212E-01
-055 -025 0.648898E-01
-055 -010 0.271626E-01
-055 000 -0.476628E-01
-055 015 -0.162030E+00
-055 030 -0.109376E+00
-055 050 0.618665E-01
-055 070 0.232709E+00
-055 090 0.412227E+00
-055 110 0.664561E+00
-055 130 0.759332E+00
-055 145 0.731580E+00
-055 160 0.612008E+00
-055 -200 0.612008E+00
-055 170 0.487370E+00
-055 -190 0.487370E+00
-055 180 0.176873E+00
-055 -180 0.176873E+00
-040 -165 0.159092E+00
-040 195 0.159092E+00
-040 -150 0.471378E-01
-040 210 0.471378E-01
-040 -130 -0.309179E-01
-040 -115 -0.101943E+00
-040 -100 -0.144576E+00
-040 -085 -0.117230E+00
-040 -070 -0.534070E-01
-040 -055 0.512563E-01
-040 -040 0.355093E-01
-040 -025 -0.120063E-01
-040 -010 -0.112709E+00
-040 000 -0.205761E+00
-040 015 -0.136764E+00
-040 030 -0.360587E-01
-040 050 0.878810E-01
-040 070 0.160742E+00
-040 090 0.422224E+00
-040 110 0.723024E+00
-040 130 0.769909E+00
-040 145 0.753510E+00
-040 160 0.617128E+00
-040 -200 0.617128E+00
-040 170 0.486602E+00
-040 -190 0.486602E+00
-040 180 0.346683E+00
-040 -180 0.346683E+00
-025 -165 0.111473E+00
-025 195 0.111473E+00
-025 -150 -0.304261E-01
-025 210 -0.304261E-01
-025 -130 -0.176964E+00
-025 -115 -0.908103E-01
-025 -100 -0.907148E-01
-025 -085 -0.461229E-01
-025 -070 0.176308E-01
-025 -055 0.476763E-01
-025 -040 -0.176513E-02
-025 -025 -0.247308E+00
-025 -010 -0.205773E+00
-025 000 -0.936945E-01
-025 015 0.288932E-01
-025 030 0.103824E+00
-025 050 0.794089E-01
-025 070 0.129909E+00
-025 090 0.552534E+00
-025 110 0.764144E+00
-025 130 0.811192E+00
-025 145 0.738960E+00
-025 160 0.602642E+00
-025 -200 0.602642E+00
-025 170 0.464052E+00
-025 -190 0.464052E+00
-025 180 0.318069E+00
-025 -180 0.318069E+00
-010 -150 -0.150975E+00
-010 210 -0.150975E+00
-010 -130 -0.538858E-01
-010 -115 -0.798694E-02
-010 -100 0.121491E-01
-010 -085 0.281824E-01
-010 -070 0.824885E-01
-010 -055 0.421199E-01
-010 -040 -0.110786E+00
-010 -025 -0.191268E+00
-010 -010 -0.298513E-01
-010 000 0.523533E-01
-010 015 0.130907E+00
-010 030 0.109440E+00
-010 050 0.275638E-01
-010 070 0.298582E+00
-010 090 0.586526E+00
-010 110 0.750164E+00
-010 130 0.783894E+00
-010 145 0.703425E+00
-010 160 0.555222E+00
-010 -200 0.555222E+00
-010 170 0.415215E+00
-010 -190 0.415215E+00
-010 180 0.257442E+00
-010 -180 0.257442E+00
000 -165 -0.118238E+00
000 195 -0.118238E+00
000 -150 -0.723077E-01
000 210 -0.723077E-01
000 -115 0.391620E-01
000 -100 0.720481E-01
000 -085 0.640261E-01
000 -070 0.960181E-01
000 -055 -0.645267E-02
000 -040 -0.235196E+00
000 -025 -0.911692E-01
000 -010 0.449194E-01
000 000 0.122145E+00
000 015 0.168429E+00
000 030 0.717616E-01
000 050 0.478778E-02
000 070 0.324919E+00
000 090 0.560926E+00
000 110 0.727039E+00
000 130 0.749252E+00
000 145 0.669739E+00
000 160 0.521208E+00
000 -200 0.521208E+00
000 170 0.359091E+00
000 -190 0.359091E+00
000 180 -0.536370E-02
000 -180 -0.536370E-02
015 -150 0.105760E-01
015 210 0.105760E-01
015 -130 0.458858E-01
015 -115 0.102922E+00
015 -100 0.142075E+00
015 -085 0.105155E+00
015 -070 0.162656E-01
015 -055 -0.223379E+00
015 -040 -0.142450E+00
015 -025 0.121390E-01
015 -010 0.118712E+00
015 000 0.159279E+00
015 015 0.798491E-01
015 030 -0.245140E-01
015 070 0.325392E+00
015 090 0.542609E+00
015 110 0.690438E+00
015 130 0.694420E+00
015 145 0.605261E+00
015 160 0.398582E+00
015 -200 0.398582E+00
015 170 0.227108E+00
015 -190 0.227108E+00
015 180 0.912622E-01
015 -180 0.912622E-01
030 -150 0.728180E-01
030 210 0.728180E-01
030 -130 0.936748E-01
030 -115 0.146510E+00
030 -100 0.145173E+00
030 -085 -0.488655E-01
030 -070 -0.195985E+00
030 -055 -0.170991E+00
030 -040 -0.790599E-01
030 -025 0.349281E-01
030 -010 0.820611E-01
030 000 0.540391E-01
030 015 -0.315522E-01
030 030 0.416086E-01
030 050 0.162954E+00
030 070 0.308559E+00
030 090 0.490638E+00
030 110 0.626338E+00
030 130 0.671055E+00
030 145 0.580812E+00
030 160 0.420112E+00
030 -200 0.420112E+00
030 170 0.574616E+00
030 -190 0.574616E+00
030 180 0.169070E+00
030 -180 0.169070E+00
050 -165 0.144849E+00
050 195 0.144849E+00
050 -150 0.106231E+00
050 210 0.106231E+00
050 -130 0.140272E+00
050 -115 0.120017E+00
050 -100 0.266274E-01
050 -085 -0.104304E+00
050 -070 -0.136306E+00
050 -055 -0.106631E+00
050 -040 -0.432196E-01
050 -025 0.524167E-01
050 -010 -0.440047E-01
050 000 -0.446664E-01
050 015 0.651994E-01
050 030 0.137865E+00
050 050 0.180452E+00
050 070 0.261060E+00
050 090 0.444954E+00
050 110 0.607169E+00
050 130 0.647785E+00
050 145 0.569106E+00
050 160 0.424660E+00
050 -200 0.424660E+00
050 170 0.318702E+00
050 -190 0.318702E+00
050 180 0.147353E+00
050 -180 0.147353E+00
070 -165 0.165717E+00
070 195 0.165717E+00
070 -150 0.147647E+00
070 210 0.147647E+00
070 -130 0.181794E+00
070 -115 0.164809E+00
070 -100 0.858037E-01
070 -085 -0.116273E-01
070 -070 -0.312176E-01
070 -055 -0.907907E-02
070 -040 0.234703E-01
070 -025 0.228117E-01
070 -010 0.565184E-01
070 000 0.135064E+00
070 015 0.200158E+00
070 030 0.203058E+00
070 050 0.169875E+00
070 070 0.245986E+00
070 090 0.471919E+00
070 110 0.613155E+00
070 130 0.616783E+00
070 145 0.549126E+00
070 160 0.413835E+00
070 -200 0.413835E+00
070 170 0.318557E+00
070 -190 0.318557E+00
090 -165 0.190916E+00
090 195 0.190916E+00
090 -150 0.214145E+00
090 210 0.214145E+00
090 -130 0.206940E+00
090 -115 0.200801E+00
090 -100 0.161202E+00
090 -085 0.800659E-01
090 -070 0.594989E-01
090 -055 0.675897E-01
090 -040 0.852659E-01
090 -025 0.125008E+00
090 -010 0.222179E+00
090 000 0.242503E+00
090 015 0.256564E+00
090 030 0.187051E+00
090 050 0.103693E+00
090 070 0.232912E+00
090 090 0.481305E+00
090 110 0.619951E+00
090 130 0.760096E+00
090 145 0.574249E+00
090 160 0.430349E+00
090 -200 0.430349E+00
090 170 0.312713E+00
090 -190 0.312713E+00
090 180 0.230574E+00
090 -180 0.230574E+00
110 -165 0.289748E+00
110 195 0.289748E+00
110 -150 0.282220E+00
110 210 0.282220E+00
110 -130 0.262019E+00
110 -115 0.219069E+00
110 -100 0.155758E+00
110 -085 0.112138E+00
110 -070 0.606230E-01
110 -055 0.644208E-01
110 -040 0.105039E+00
110 -025 0.175250E+00
110 -010 0.231050E+00
110 000 0.242319E+00
110 015 0.188223E+00
110 030 0.822149E-01
110 050 -0.716705E-02
110 070 0.199116E+00
110 090 0.484459E+00
110 110 0.643240E+00
110 130 0.682171E+00
110 145 0.616128E+00
110 160 0.485505E+00
110 -200 0.485505E+00
110 170 0.400299E+00
110 -190 0.400299E+00
110 180 0.329696E+00
110 -180 0.329696E+00
130 -165 0.410923E+00
130 195 0.410923E+00
130 -150 0.354578E+00
130 210 0.354578E+00
130 -130 0.287803E+00
130 -115 0.226296E+00
130 -100 0.160940E+00
130 -085 0.107020E+00
130 -070 0.521168E-01
130 -055 0.400249E-01
130 -040 0.690941E-01
130 -010 0.131323E+00
130 000 0.996976E-01
130 015 0.939121E-02
130 030 -0.942900E-01
130 050 -0.138034E+00
130 070 0.191179E+00
130 090 0.493319E+00
130 110 0.623537E+00
130 130 0.755005E+00
130 145 0.748583E+00
130 160 0.669978E+00
130 -200 0.669978E+00
130 170 0.591050E+00
130 -190 0.591050E+00
130 180 0.504485E+00
130 -180 0.504485E+00
150 -165 0.515536E+00
-210 -165 0.515536E+00
150 195 0.515536E+00
150 -150 0.411830E+00
-210 -150 0.411830E+00
150 210 0.411830E+00
150 -130 0.301352E+00
-210 -130 0.301352E+00
150 -115 0.226168E+00
-210 -115 0.226168E+00
150 -100 0.160545E+00
-210 -100 0.160545E+00
150 -085 0.799052E-01
-210 -085 0.799052E-01
150 -070 0.363051E-01
-210 -070 0.363051E-01
150 -055 -0.126297E-01
-210 -055 -0.126297E-01
150 -040 -0.182454E-01
-210 -040 -0.182454E-01
150 -025 -0.205965E-01
-210 -025 -0.205965E-01
150 -010 -0.568106E-01
-210 -010 -0.568106E-01
150 000 -0.109909E+00
-210 000 -0.109909E+00
150 015 -0.488389E+00
-210 015 -0.488389E+00
150 030 -0.319634E+00
-210 030 -0.319634E+00
150 050 -0.628862E-01
-210 050 -0.628862E-01
150 070 0.231319E+00
-210 070 0.231319E+00
150 090 0.506906E+00
-210 090 0.506906E+00
150 110 0.725139E+00
-210 110 0.725139E+00
150 130 0.846523E+00
-210 130 0.846523E+00
150 145 0.847742E+00
-210 145 0.847742E+00
150 160 0.795267E+00
-210 160 0.795267E+00
150 -200 0.795267E+00
-210 -200 0.795267E+00
150 170 0.715781E+00
-210 170 0.715781E+00
150 -190 0.715781E+00
-210 -190 0.715781E+00
150 180 0.625026E+00
-210 180 0.625026E+00
150 -180 0.625026E+00
-210 -180 0.625026E+00
165 -165 0.550955E+00
-195 -165 0.550955E+00
165 195 0.550955E+00
165 -150 0.449323E+00
-195 -150 0.449323E+00
165 210 0.449323E+00
165 -130 0.321947E+00
-195 -130 0.321947E+00
165 -115 0.229918E+00
-195 -115 0.229918E+00
165 -100 0.151283E+00
-195 -100 0.151283E+00
165 -085 0.534217E-01
-195 -085 0.534217E-01
165 -070 -0.195554E-02
-195 -070 -0.195554E-02
165 -055 -0.623464E-01
-195 -055 -0.623464E-01
165 -040 -0.100564E+00
-195 -040 -0.100564E+00
165 -025 -0.128769E+00
-195 -025 -0.128769E+00
165 -010 -0.554336E+00
-195 -010 -0.554336E+00
165 000 -0.494999E+00
-195 000 -0.494999E+00
165 015 -0.357048E+00
-195 015 -0.357048E+00
165 030 -0.188343E+00
-195 030 -0.188343E+00
165 050 0.286214E-01
-195 050 0.286214E-01
165 070 0.294783E+00
-195 070 0.294783E+00
165 090 0.567974E+00
-195 090 0.567974E+00
165 110 0.771775E+00
-195 110 0.771775E+00
165 130 0.880525E+00
-195 130 0.880525E+00
165 145 0.891726E+00
-195 145 0.891726E+00
165 160 0.841480E+00
-195 160 0.841480E+00
165 -200 0.841480E+00
-195 -200 0.841480E+00
165 170 0.764156E+00
-195 170 0.764156E+00
165 -190 0.764156E+00
-195 -190 0.764156E+00
165 180 0.663591E+00
-195 180 0.663591E+00
165 -180 0.663591E+00
-195 -180 0.663591E+00
180 -165 0.571907E+00
-180 -165 0.571907E+00
180 195 0.571907E+00
180 -150 0.466609E+00
-180 -150 0.466609E+00
180 210 0.466609E+00
180 -130 0.334081E+00
-180 -130 0.334081E+00
180 -115 0.226007E+00
-180 -115 0.226007E+00
180 -100 0.143312E+00
-180 -100 0.143312E+00
180 -085 0.201987E-01
-180 -085 0.201987E-01
180 -070 -0.552755E-01
-180 -070 -0.552755E-01
180 -055 -0.106130E+00
-180 -055 -0.106130E+00
180 -040 -0.149101E+00
-180 -040 -0.149101E+00
180 -025 -0.202559E+00
-180 -025 -0.202559E+00
180 -010 -0.422458E+00
-180 -010 -0.422458E+00
180 000 -0.332805E+00
-180 000 -0.332805E+00
180 015 -0.193386E+00
-180 015 -0.193386E+00
180 030 -0.631361E-01
-180 030 -0.631361E-01
180 070 0.347101E+00
-180 070 0.347101E+00
180 090 0.595330E+00
-180 090 0.595330E+00
180 110 0.790247E+00
-180 110 0.790247E+00
180 130 0.902351E+00
-180 130 0.902351E+00
180 145 0.908064E+00
-180 145 0.908064E+00
180 160 0.851685E+00
-180 160 0.851685E+00
180 -200 0.851685E+00
-180 -200 0.851685E+00
180 170 0.785625E+00
-180 170 0.785625E+00
180 -190 0.785625E+00
-180 -190 0.785625E+00
180 180 0.690709E+00
-180 180 0.690709E+00
180 -180 0.690709E+00
-180 -180 0.690709E+00
