PHI PSI J_6_11
-165 -165 -0.162178E+02
195 -165 -0.162178E+02
-165 195 -0.162178E+02
195 195 -0.162178E+02
-165 -150 -0.149711E+02
195 -150 -0.149711E+02
-165 210 -0.149711E+02
195 210 -0.149711E+02
-165 -130 -0.133107E+02
195 -130 -0.133107E+02
-165 -115 -0.128424E+02
195 -115 -0.128424E+02
-165 -100 -0.134371E+02
195 -100 -0.134371E+02
-165 -085 -0.153300E+02
195 -085 -0.153300E+02
-165 -070 -0.154700E+02
195 -070 -0.154700E+02
-165 -055 -0.150528E+02
195 -055 -0.150528E+02
-165 -040 -0.137380E+02
195 -040 -0.137380E+02
-165 -025 -0.122849E+02
195 -025 -0.122849E+02
-165 -010 -0.107077E+02
195 -010 -0.107077E+02
-165 000 -0.111454E+02
195 000 -0.111454E+02
-165 015 -0.120432E+02
195 015 -0.120432E+02
-165 030 -0.127278E+02
195 030 -0.127278E+02
-165 050 -0.132841E+02
195 050 -0.132841E+02
-165 070 -0.131340E+02
195 070 -0.131340E+02
-165 090 -0.133789E+02
195 090 -0.133789E+02
-165 110 -0.143934E+02
195 110 -0.143934E+02
-165 130 -0.157752E+02
195 130 -0.157752E+02
-165 145 -0.169878E+02
195 145 -0.169878E+02
-165 160 -0.175333E+02
195 160 -0.175333E+02
-165 -200 -0.175333E+02
-165 170 -0.175142E+02
195 170 -0.175142E+02
-165 -190 -0.175142E+02
-165 180 -0.169318E+02
195 180 -0.169318E+02
-165 -180 -0.169318E+02
-150 -165 -0.139149E+02
210 -165 -0.139149E+02
-150 195 -0.139149E+02
210 195 -0.139149E+02
-150 -150 -0.125212E+02
210 -150 -0.125212E+02
-150 210 -0.125212E+02
210 210 -0.125212E+02
-150 -130 -0.117845E+02
210 -130 -0.117845E+02
-150 -115 -0.125459E+02
210 -115 -0.125459E+02
-150 -100 -0.150964E+02
210 -100 -0.150964E+02
-150 -085 -0.152248E+02
210 -085 -0.152248E+02
-150 -070 -0.152839E+02
210 -070 -0.152839E+02
-150 -055 -0.148160E+02
210 -055 -0.148160E+02
-150 -040 -0.132881E+02
210 -040 -0.132881E+02
-150 -025 -0.123022E+02
210 -025 -0.123022E+02
-150 -010 -0.118519E+02
210 -010 -0.118519E+02
-150 000 -0.120646E+02
210 000 -0.120646E+02
-150 015 -0.127306E+02
210 015 -0.127306E+02
-150 030 -0.130777E+02
210 030 -0.130777E+02
-150 050 -0.136034E+02
210 050 -0.136034E+02
-150 070 -0.140611E+02
210 070 -0.140611E+02
-150 090 -0.144061E+02
210 090 -0.144061E+02
-150 110 -0.154788E+02
210 110 -0.154788E+02
-150 130 -0.165707E+02
210 130 -0.165707E+02
-150 145 -0.170061E+02
210 145 -0.170061E+02
-150 160 -0.167448E+02
210 160 -0.167448E+02
-150 -200 -0.167448E+02
-150 170 -0.162150E+02
210 170 -0.162150E+02
-150 -190 -0.162150E+02
-125 -165 -0.114885E+02
-125 195 -0.114885E+02
-125 -150 -0.115719E+02
-125 210 -0.115719E+02
-125 -130 -0.135361E+02
-125 -115 -0.146425E+02
-125 -100 -0.148541E+02
-125 -085 -0.150688E+02
-125 -070 -0.148888E+02
-125 -055 -0.146380E+02
-125 -040 -0.131865E+02
-125 -025 -0.130023E+02
-125 -010 -0.131168E+02
-125 000 -0.133759E+02
-125 015 -0.136427E+02
-125 030 -0.140482E+02
-125 050 -0.145320E+02
-125 070 -0.150008E+02
-125 090 -0.151282E+02
-125 110 -0.157585E+02
-125 130 -0.156746E+02
-125 145 -0.152358E+02
-125 160 -0.139914E+02
-125 -200 -0.139914E+02
-125 170 -0.131196E+02
-125 -190 -0.131196E+02
-100 -165 -0.116428E+02
-100 195 -0.116428E+02
-100 -150 -0.122470E+02
-100 210 -0.122470E+02
-100 -130 -0.133955E+02
-100 -115 -0.135261E+02
-100 -100 -0.135497E+02
-100 -085 -0.143762E+02
-100 -070 -0.147476E+02
-100 -055 -0.147826E+02
-100 -040 -0.141979E+02
-100 -025 -0.137304E+02
-100 -010 -0.141370E+02
-100 000 -0.142558E+02
-100 015 -0.144764E+02
-100 030 -0.144799E+02
-100 050 -0.149216E+02
-100 070 -0.153312E+02
-100 090 -0.154709E+02
-100 110 -0.146163E+02
-100 130 -0.133776E+02
-100 145 -0.123767E+02
-100 160 -0.116109E+02
-100 -200 -0.116109E+02
-100 170 -0.112291E+02
-100 -190 -0.112291E+02
-085 -165 -0.115779E+02
-085 195 -0.115779E+02
-085 -150 -0.115877E+02
-085 210 -0.115877E+02
-085 -130 -0.117576E+02
-085 -115 -0.117930E+02
-085 -100 -0.127581E+02
-085 -085 -0.135755E+02
-085 -070 -0.146833E+02
-085 -055 -0.147640E+02
-085 -040 -0.141862E+02
-085 -025 -0.141397E+02
-085 -010 -0.144624E+02
-085 000 -0.145355E+02
-085 015 -0.143181E+02
-085 030 -0.143300E+02
-085 050 -0.153781E+02
-085 070 -0.153719E+02
-085 090 -0.151306E+02
-085 110 -0.139767E+02
-085 130 -0.125534E+02
-085 145 -0.117442E+02
-085 160 -0.112823E+02
-085 -200 -0.112823E+02
-085 170 -0.111952E+02
-085 -190 -0.111952E+02
-085 180 -0.114739E+02
-085 -180 -0.114739E+02
-070 -165 -0.106388E+02
-070 195 -0.106388E+02
-070 -150 -0.102121E+02
-070 210 -0.102121E+02
-070 -130 -0.100535E+02
-070 -115 -0.101943E+02
-070 -100 -0.115829E+02
-070 -085 -0.128332E+02
-070 -070 -0.145774E+02
-070 -055 -0.148936E+02
-070 -040 -0.143883E+02
-070 -025 -0.146613E+02
-070 -010 -0.145173E+02
-070 000 -0.141162E+02
-070 015 -0.137522E+02
-070 030 -0.139701E+02
-070 050 -0.147158E+02
-070 070 -0.144346E+02
-070 090 -0.137832E+02
-070 110 -0.132739E+02
-070 130 -0.124891E+02
-070 145 -0.119354E+02
-070 160 -0.114969E+02
-070 -200 -0.114969E+02
-070 170 -0.112411E+02
-070 -190 -0.112411E+02
-055 -165 -0.916350E+01
-055 195 -0.916350E+01
-055 -150 -0.865900E+01
-055 210 -0.865900E+01
-055 -130 -0.872717E+01
-055 -115 -0.990965E+01
-055 -100 -0.113873E+02
-055 -085 -0.134358E+02
-055 -070 -0.154124E+02
-055 -055 -0.151923E+02
-055 -040 -0.148835E+02
-055 -025 -0.143971E+02
-055 -010 -0.134896E+02
-055 000 -0.130536E+02
-055 015 -0.131092E+02
-055 030 -0.140179E+02
-055 050 -0.139180E+02
-055 070 -0.133364E+02
-055 090 -0.127375E+02
-055 110 -0.130339E+02
-055 130 -0.125911E+02
-055 145 -0.120142E+02
-055 160 -0.112135E+02
-055 -200 -0.112135E+02
-055 170 -0.105528E+02
-055 -190 -0.105528E+02
-055 180 -0.990591E+01
-055 -180 -0.990591E+01
-040 -165 -0.815003E+01
-040 195 -0.815003E+01
-040 -150 -0.780691E+01
-040 210 -0.780691E+01
-040 -130 -0.853476E+01
-040 -115 -0.108033E+02
-040 -100 -0.139291E+02
-040 -085 -0.155719E+02
-040 -070 -0.156570E+02
-040 -055 -0.152008E+02
-040 -040 -0.143489E+02
-040 -025 -0.132615E+02
-040 -010 -0.125574E+02
-040 000 -0.129388E+02
-040 015 -0.144786E+02
-040 030 -0.142562E+02
-040 050 -0.138130E+02
-040 070 -0.129667E+02
-040 090 -0.128859E+02
-040 110 -0.135175E+02
-040 130 -0.127497E+02
-040 145 -0.115425E+02
-040 160 -0.103313E+02
-040 -200 -0.103313E+02
-040 170 -0.955232E+01
-040 -190 -0.955232E+01
-040 180 -0.886186E+01
-040 -180 -0.886186E+01
-025 -165 -0.786695E+01
-025 195 -0.786695E+01
-025 -150 -0.796245E+01
-025 210 -0.796245E+01
-025 -130 -0.136877E+02
-025 -115 -0.129719E+02
-025 -100 -0.142086E+02
-025 -085 -0.151933E+02
-025 -070 -0.153292E+02
-025 -055 -0.143746E+02
-025 -040 -0.131887E+02
-025 -025 -0.119984E+02
-025 -010 -0.147607E+02
-025 000 -0.152782E+02
-025 015 -0.152115E+02
-025 030 -0.149712E+02
-025 050 -0.143005E+02
-025 070 -0.138937E+02
-025 090 -0.151454E+02
-025 110 -0.144604E+02
-025 130 -0.124636E+02
-025 145 -0.109159E+02
-025 160 -0.953758E+01
-025 -200 -0.953758E+01
-025 170 -0.902708E+01
-025 -190 -0.902708E+01
-025 180 -0.856438E+01
-025 -180 -0.856438E+01
-010 -150 -0.120339E+02
-010 210 -0.120339E+02
-010 -130 -0.123507E+02
-010 -115 -0.132570E+02
-010 -100 -0.141841E+02
-010 -085 -0.155577E+02
-010 -070 -0.148490E+02
-010 -055 -0.132529E+02
-010 -040 -0.131153E+02
-010 -025 -0.155738E+02
-010 -010 -0.156438E+02
-010 000 -0.156179E+02
-010 015 -0.153535E+02
-010 030 -0.152047E+02
-010 050 -0.148181E+02
-010 070 -0.155661E+02
-010 090 -0.156766E+02
-010 110 -0.138963E+02
-010 130 -0.117585E+02
-010 145 -0.106663E+02
-010 160 -0.984953E+01
-010 -200 -0.984953E+01
-010 170 -0.947024E+01
-010 -190 -0.947024E+01
-010 180 -0.921975E+01
-010 -180 -0.921975E+01
000 -165 -0.116203E+02
000 195 -0.116203E+02
000 -150 -0.116664E+02
000 210 -0.116664E+02
000 -115 -0.133243E+02
000 -100 -0.148196E+02
000 -085 -0.156588E+02
000 -070 -0.143569E+02
000 -055 -0.132979E+02
000 -040 -0.156667E+02
000 -025 -0.158945E+02
000 -010 -0.156616E+02
000 000 -0.156589E+02
000 015 -0.155309E+02
000 030 -0.154202E+02
000 050 -0.152265E+02
000 070 -0.152096E+02
000 090 -0.153849E+02
000 110 -0.131872E+02
000 130 -0.114584E+02
000 145 -0.107027E+02
000 160 -0.102481E+02
000 -200 -0.102481E+02
000 170 -0.105866E+02
000 -190 -0.105866E+02
000 180 -0.135304E+02
000 -180 -0.135304E+02
015 -150 -0.109935E+02
015 210 -0.109935E+02
015 -130 -0.126273E+02
015 -115 -0.143274E+02
015 -100 -0.155752E+02
015 -085 -0.158056E+02
015 -070 -0.145852E+02
015 -055 -0.158048E+02
015 -040 -0.158209E+02
015 -025 -0.156288E+02
015 -010 -0.155236E+02
015 000 -0.155176E+02
015 015 -0.154749E+02
015 030 -0.153745E+02
015 070 -0.156241E+02
015 090 -0.144980E+02
015 110 -0.124202E+02
015 130 -0.115289E+02
015 145 -0.115493E+02
015 160 -0.126580E+02
015 -200 -0.126580E+02
015 170 -0.103643E+02
015 -190 -0.103643E+02
015 180 -0.985961E+01
015 -180 -0.985961E+01
030 -150 -0.111533E+02
030 210 -0.111533E+02
030 -130 -0.132661E+02
030 -115 -0.146644E+02
030 -100 -0.156932E+02
030 -085 -0.149190E+02
030 -070 -0.145048E+02
030 -055 -0.147319E+02
030 -040 -0.153561E+02
030 -025 -0.150389E+02
030 -010 -0.151865E+02
030 000 -0.153702E+02
030 015 -0.150857E+02
030 030 -0.144355E+02
030 050 -0.150728E+02
030 070 -0.151820E+02
030 090 -0.138872E+02
030 110 -0.128387E+02
030 130 -0.135924E+02
030 145 -0.102352E+02
030 160 -0.852420E+01
030 -200 -0.852420E+01
030 170 -0.853136E+01
030 -190 -0.853136E+01
030 180 -0.878359E+01
030 -180 -0.878359E+01
050 -165 -0.109258E+02
050 195 -0.109258E+02
050 -150 -0.118391E+02
050 210 -0.118391E+02
050 -130 -0.137438E+02
050 -115 -0.138746E+02
050 -100 -0.135322E+02
050 -085 -0.136997E+02
050 -070 -0.138839E+02
050 -055 -0.139116E+02
050 -040 -0.139221E+02
050 -025 -0.102620E+02
050 -010 -0.146500E+02
050 000 -0.147303E+02
050 015 -0.143038E+02
050 030 -0.148728E+02
050 050 -0.147281E+02
050 070 -0.144961E+02
050 090 -0.156739E+02
050 110 -0.125304E+02
050 130 -0.105181E+02
050 145 -0.948953E+01
050 160 -0.947697E+01
050 -200 -0.947697E+01
050 170 -0.978927E+01
050 -190 -0.978927E+01
050 180 -0.988173E+01
050 -180 -0.988173E+01
070 -165 -0.128267E+02
070 195 -0.128267E+02
070 -150 -0.134072E+02
070 210 -0.134072E+02
070 -130 -0.140217E+02
070 -115 -0.145069E+02
070 -100 -0.146332E+02
070 -085 -0.148097E+02
070 -070 -0.148496E+02
070 -055 -0.145439E+02
070 -040 -0.147217E+02
070 -025 -0.148888E+02
070 -010 -0.147406E+02
070 000 -0.145905E+02
070 015 -0.141158E+02
070 030 -0.134580E+02
070 050 -0.132889E+02
070 070 -0.144721E+02
070 090 -0.147938E+02
070 110 -0.134530E+02
070 130 -0.127008E+02
070 145 -0.125148E+02
070 160 -0.126207E+02
070 -200 -0.126207E+02
070 170 -0.127797E+02
070 -190 -0.127797E+02
090 -165 -0.134858E+02
090 195 -0.134858E+02
090 -150 -0.142770E+02
090 210 -0.142770E+02
090 -130 -0.145161E+02
090 -115 -0.150200E+02
090 -100 -0.154823E+02
090 -085 -0.154354E+02
090 -070 -0.148384E+02
090 -055 -0.146517E+02
090 -040 -0.146534E+02
090 -025 -0.145541E+02
090 -010 -0.140725E+02
090 000 -0.138881E+02
090 015 -0.130834E+02
090 030 -0.130077E+02
090 050 -0.130611E+02
090 070 -0.152548E+02
090 090 -0.152921E+02
090 110 -0.149247E+02
090 130 -0.153033E+02
090 145 -0.152711E+02
090 160 -0.150426E+02
090 -200 -0.150426E+02
090 170 -0.145581E+02
090 -190 -0.145581E+02
090 180 -0.141005E+02
090 -180 -0.141005E+02
110 -165 -0.142437E+02
110 195 -0.142437E+02
110 -150 -0.146792E+02
110 210 -0.146792E+02
110 -130 -0.156465E+02
110 -115 -0.158227E+02
110 -100 -0.158856E+02
110 -085 -0.154380E+02
110 -070 -0.150380E+02
110 -055 -0.146165E+02
110 -040 -0.145324E+02
110 -025 -0.143928E+02
110 -010 -0.139475E+02
110 000 -0.136043E+02
110 015 -0.132585E+02
110 030 -0.129946E+02
110 050 -0.137031E+02
110 070 -0.155150E+02
110 090 -0.156192E+02
110 110 -0.158570E+02
110 130 -0.162281E+02
110 145 -0.160296E+02
110 160 -0.151664E+02
110 -200 -0.151664E+02
110 170 -0.142866E+02
110 -190 -0.142866E+02
110 180 -0.139189E+02
110 -180 -0.139189E+02
130 -165 -0.154201E+02
130 195 -0.154201E+02
130 -150 -0.161691E+02
130 210 -0.161691E+02
130 -130 -0.166320E+02
130 -115 -0.164716E+02
130 -100 -0.159990E+02
130 -085 -0.154478E+02
130 -070 -0.150773E+02
130 -055 -0.146850E+02
130 -040 -0.145327E+02
130 -010 -0.138015E+02
130 000 -0.136092E+02
130 015 -0.133571E+02
130 030 -0.129288E+02
130 050 -0.148647E+02
130 070 -0.155143E+02
130 090 -0.157682E+02
130 110 -0.162359E+02
130 130 -0.147736E+02
130 145 -0.132402E+02
130 160 -0.128745E+02
130 -200 -0.128745E+02
130 170 -0.133237E+02
130 -190 -0.133237E+02
130 180 -0.142317E+02
130 -180 -0.142317E+02
150 -165 -0.168530E+02
-210 -165 -0.168530E+02
150 195 -0.168530E+02
150 -150 -0.173906E+02
-210 -150 -0.173906E+02
150 210 -0.173906E+02
150 -130 -0.169675E+02
-210 -130 -0.169675E+02
150 -115 -0.162708E+02
-210 -115 -0.162708E+02
150 -100 -0.156600E+02
-210 -100 -0.156600E+02
150 -085 -0.153112E+02
-210 -085 -0.153112E+02
150 -070 -0.148840E+02
-210 -070 -0.148840E+02
150 -055 -0.148318E+02
-210 -055 -0.148318E+02
150 -040 -0.146783E+02
-210 -040 -0.146783E+02
150 -025 -0.142823E+02
-210 -025 -0.142823E+02
150 -010 -0.137201E+02
-210 -010 -0.137201E+02
150 000 -0.132748E+02
-210 000 -0.132748E+02
150 015 -0.111954E+02
-210 015 -0.111954E+02
150 030 -0.123348E+02
-210 030 -0.123348E+02
150 050 -0.142938E+02
-210 050 -0.142938E+02
150 070 -0.153296E+02
-210 070 -0.153296E+02
150 090 -0.151367E+02
-210 090 -0.151367E+02
150 110 -0.128634E+02
-210 110 -0.128634E+02
150 130 -0.120652E+02
-210 130 -0.120652E+02
150 145 -0.127209E+02
-210 145 -0.127209E+02
150 160 -0.138297E+02
-210 160 -0.138297E+02
150 -200 -0.138297E+02
-210 -200 -0.138297E+02
150 170 -0.148546E+02
-210 170 -0.148546E+02
150 -190 -0.148546E+02
-210 -190 -0.148546E+02
150 180 -0.158547E+02
-210 180 -0.158547E+02
150 -180 -0.158547E+02
-210 -180 -0.158547E+02
165 -165 -0.177248E+02
-195 -165 -0.177248E+02
165 195 -0.177248E+02
165 -150 -0.175435E+02
-195 -150 -0.175435E+02
165 210 -0.175435E+02
165 -130 -0.164629E+02
-195 -130 -0.164629E+02
165 -115 -0.156046E+02
-195 -115 -0.156046E+02
165 -100 -0.148765E+02
-195 -100 -0.148765E+02
165 -085 -0.150825E+02
-195 -085 -0.150825E+02
165 -070 -0.149744E+02
-195 -070 -0.149744E+02
165 -055 -0.150796E+02
-195 -055 -0.150796E+02
165 -040 -0.148445E+02
-195 -040 -0.148445E+02
165 -025 -0.141289E+02
-195 -025 -0.141289E+02
165 -010 -0.102522E+02
-195 -010 -0.102522E+02
165 000 -0.103024E+02
-195 000 -0.103024E+02
165 015 -0.111410E+02
-195 015 -0.111410E+02
165 030 -0.121654E+02
-195 030 -0.121654E+02
165 050 -0.138318E+02
-195 050 -0.138318E+02
165 070 -0.142279E+02
-195 070 -0.142279E+02
165 090 -0.124533E+02
-195 090 -0.124533E+02
165 110 -0.119628E+02
-195 110 -0.119628E+02
165 130 -0.126257E+02
-195 130 -0.126257E+02
165 145 -0.139753E+02
-195 145 -0.139753E+02
165 160 -0.152945E+02
-195 160 -0.152945E+02
165 -200 -0.152945E+02
-195 -200 -0.152945E+02
165 170 -0.162174E+02
-195 170 -0.162174E+02
165 -190 -0.162174E+02
-195 -190 -0.162174E+02
165 180 -0.171115E+02
-195 180 -0.171115E+02
165 -180 -0.171115E+02
-195 -180 -0.171115E+02
180 -165 -0.175192E+02
-180 -165 -0.175192E+02
180 195 -0.175192E+02
180 -150 -0.166521E+02
-180 -150 -0.166521E+02
180 210 -0.166521E+02
180 -130 -0.151627E+02
-180 -130 -0.151627E+02
180 -115 -0.143724E+02
-180 -115 -0.143724E+02
180 -100 -0.139984E+02
-180 -100 -0.139984E+02
180 -085 -0.153375E+02
-180 -085 -0.153375E+02
180 -070 -0.153536E+02
-180 -070 -0.153536E+02
180 -055 -0.151364E+02
-180 -055 -0.151364E+02
180 -040 -0.144503E+02
-180 -040 -0.144503E+02
180 -025 -0.134664E+02
-180 -025 -0.134664E+02
180 -010 -0.102621E+02
-180 -010 -0.102621E+02
180 000 -0.105531E+02
-180 000 -0.105531E+02
180 015 -0.113420E+02
-180 015 -0.113420E+02
180 030 -0.123126E+02
-180 030 -0.123126E+02
180 070 -0.128988E+02
-180 070 -0.128988E+02
180 090 -0.125217E+02
-180 090 -0.125217E+02
180 110 -0.126813E+02
-180 110 -0.126813E+02
180 130 -0.142197E+02
-180 130 -0.142197E+02
180 145 -0.156414E+02
-180 145 -0.156414E+02
180 160 -0.168678E+02
-180 160 -0.168678E+02
180 -200 -0.168678E+02
-180 -200 -0.168678E+02
180 170 -0.174141E+02
-180 170 -0.174141E+02
180 -190 -0.174141E+02
-180 -190 -0.174141E+02
180 180 -0.177281E+02
-180 180 -0.177281E+02
180 -180 -0.177281E+02
-180 -180 -0.177281E+02
